0 0.40547 0.48086 0.00990 0.01484
0 0.41276 0.47070 0.00885 0.01953
0 0.41927 0.45508 0.01042 0.03203
0 0.42786 0.43867 0.01302 0.03203
0 0.43568 0.42578 0.01198 0.03594
0 0.44375 0.40977 0.01458 0.04141
0 0.45599 0.39609 0.02135 0.04531
0 0.46276 0.37891 0.01823 0.04531
0 0.47266 0.34023 0.00885 0.02266
0 0.48021 0.32461 0.01042 0.02578
0 0.48646 0.31055 0.00417 0.01641
0 0.49427 0.29258 0.01250 0.02578
0 0.50443 0.27031 0.01510 0.04219
0 0.51380 0.25234 0.01094 0.03437
0 0.52344 0.23281 0.01562 0.03906
0 0.53568 0.21172 0.01094 0.03281
0 0.54766 0.19141 0.02031 0.05156
0 0.56693 0.17773 0.02344 0.05703
0 0.58594 0.15195 0.02812 0.05703
0 0.61172 0.12266 0.02552 0.04375
0 0.63542 0.09844 0.02604 0.03906
0 0.47474 0.36172 0.01406 0.04531
0 0.48463 0.34609 0.01615 0.05000
0 0.49635 0.32266 0.02187 0.06094
0 0.50911 0.29844 0.01719 0.05781
0 0.52422 0.28398 0.02344 0.05859
0 0.53177 0.26211 0.02500 0.07578
0 0.55234 0.24258 0.02969 0.07422
0 0.57526 0.21406 0.03490 0.06875
0 0.60443 0.16914 0.03802 0.05391
0 0.45104 0.61484 0.03646 0.05625
0 0.46745 0.59961 0.03073 0.04453
0 0.47318 0.58672 0.03073 0.05156
0 0.48906 0.57187 0.03021 0.05937
0 0.36224 0.72500 0.02865 0.04063
0 0.37266 0.71172 0.02552 0.04844
0 0.38385 0.70312 0.02708 0.04844
0 0.39531 0.69180 0.03333 0.05078
0 0.40156 0.67891 0.03021 0.05000
0 0.40964 0.66680 0.03281 0.05391
0 0.41849 0.65313 0.02760 0.05781
0 0.42812 0.63906 0.03021 0.06250
0 0.35807 0.60430 0.01719 0.04297
0 0.36432 0.59141 0.01198 0.04375
0 0.37630 0.57187 0.02448 0.05469
0 0.38880 0.54961 0.01615 0.05234
0 0.39974 0.54531 0.01302 0.04688
0 0.40391 0.51875 0.02240 0.06406
0 0.41797 0.50625 0.02240 0.06250
0 0.42578 0.49414 0.02448 0.05547
0 0.43542 0.47539 0.02500 0.06172
0 0.44818 0.46055 0.02969 0.06484
0 0.46380 0.44727 0.03385 0.06953
0 0.47292 0.43711 0.02917 0.06328
0 0.48490 0.41367 0.03646 0.06797
0 0.49844 0.39180 0.03542 0.06797
0 0.50990 0.36875 0.03438 0.07031
0 0.52396 0.34609 0.03333 0.07031
0 0.54167 0.33789 0.03125 0.07578
0 0.55651 0.31563 0.03802 0.08281
0 0.57578 0.29219 0.04323 0.08906
0 0.59635 0.26680 0.03958 0.07578
0 0.61484 0.22695 0.04844 0.08203
0 0.50703 0.55703 0.03281 0.04219
0 0.52057 0.54727 0.03490 0.04609
0 0.53203 0.52656 0.03698 0.05000
0 0.55052 0.50547 0.03958 0.05156
0 0.56667 0.48867 0.03854 0.05391
0 0.58359 0.47266 0.04427 0.06562
0 0.60729 0.45352 0.05208 0.06797
0 0.62578 0.42461 0.04740 0.07266
0 0.64583 0.39766 0.04792 0.06563
0 0.66380 0.36445 0.04844 0.06328
0 0.67839 0.32461 0.03698 0.06641
0 0.34688 0.69102 0.02708 0.05078
0 0.35391 0.67070 0.02760 0.06172
0 0.36693 0.67031 0.02552 0.03438
0 0.37187 0.64492 0.03229 0.06016
0 0.38255 0.62539 0.03177 0.06328
0 0.39375 0.61758 0.03125 0.05391
0 0.40391 0.59688 0.03594 0.05625
0 0.41719 0.58516 0.03229 0.05156
0 0.42604 0.57070 0.04063 0.06797
0 0.43906 0.55586 0.03958 0.06641
0 0.44740 0.53789 0.03750 0.06484
0 0.46016 0.52734 0.03802 0.07344
0 0.47188 0.51562 0.03229 0.07187
0 0.48854 0.50391 0.04167 0.06875
0 0.50130 0.48555 0.04115 0.07891
0 0.51276 0.46836 0.04323 0.07578
0 0.52630 0.45117 0.04948 0.07734
0 0.54167 0.42539 0.04479 0.08672
0 0.55781 0.41172 0.04583 0.07500
0 0.57865 0.39180 0.05417 0.08203
0 0.59609 0.36602 0.05052 0.07578
0 0.61537 0.34023 0.05156 0.07734
0 0.63594 0.30586 0.05312 0.07891
0 0.65313 0.26953 0.05729 0.07188
