0 0.49688 0.32135 0.03438 0.01875
0 0.47188 0.35781 0.02187 0.01771
0 0.63633 0.35365 0.03984 0.02604
0 0.61172 0.37318 0.04844 0.02240
0 0.48594 0.33958 0.03906 0.02396
0 0.58438 0.32656 0.05312 0.01771
0 0.53438 0.33177 0.04688 0.02083
0 0.58086 0.34193 0.05391 0.02135
0 0.47109 0.49297 0.03438 0.01615
0 0.66914 0.52318 0.03672 0.01927
0 0.47305 0.47891 0.03203 0.01823
0 0.47188 0.46068 0.02656 0.01615
0 0.46875 0.44401 0.02969 0.02240
0 0.46406 0.42240 0.02813 0.02396
0 0.47578 0.40365 0.03594 0.01771
0 0.48203 0.38359 0.03594 0.02344
0 0.50430 0.35573 0.04609 0.03125
0 0.52539 0.36589 0.05391 0.02448
0 0.49375 0.42031 0.03594 0.03333
0 0.52500 0.38594 0.06250 0.01979
0 0.53164 0.40182 0.05078 0.01615
0 0.53242 0.41615 0.05078 0.01771
0 0.58906 0.39141 0.05937 0.02448
0 0.65977 0.40833 0.02734 0.01771
0 0.60547 0.40677 0.05781 0.02604
0 0.65039 0.38932 0.04141 0.02865
0 0.62734 0.42370 0.04062 0.02344
0 0.66328 0.46042 0.04063 0.02604
0 0.61602 0.44766 0.05703 0.02760
0 0.53125 0.43516 0.04844 0.02448
0 0.50898 0.44609 0.05391 0.02240
0 0.56641 0.45729 0.04375 0.02292
0 0.50977 0.46510 0.05703 0.01771
0 0.51641 0.47943 0.06094 0.02135
0 0.65820 0.50703 0.04609 0.02448
0 0.65820 0.48412 0.03984 0.02240
0 0.61641 0.47370 0.04375 0.02135
0 0.60977 0.49896 0.04766 0.02604
0 0.56875 0.48516 0.03906 0.02552
0 0.51641 0.49635 0.05781 0.01667
0 0.51523 0.51198 0.06328 0.01875
0 0.50781 0.52422 0.05781 0.01927
0 0.52461 0.54115 0.06641 0.02292
0 0.53008 0.55313 0.06172 0.01875
0 0.53008 0.56953 0.06016 0.02240
0 0.51875 0.58438 0.05156 0.02396
0 0.54297 0.60130 0.04531 0.02969
0 0.58125 0.51537 0.05469 0.02240
0 0.60273 0.52917 0.06328 0.02188
0 0.59883 0.54635 0.05703 0.01979
0 0.59961 0.56510 0.07109 0.01875
0 0.59141 0.58177 0.05937 0.01875
0 0.65391 0.57787 0.03906 0.02552
0 0.64531 0.60651 0.03906 0.03073
0 0.60273 0.59870 0.06797 0.02344
0 0.59687 0.62187 0.05156 0.02396
0 0.55391 0.63073 0.02656 0.01771
0 0.61797 0.63463 0.06250 0.02031
0 0.60195 0.65234 0.07266 0.01927
0 0.66328 0.66380 0.02656 0.01823
0 0.61641 0.66771 0.07500 0.02187
0 0.61719 0.68438 0.06406 0.01667
0 0.61992 0.69870 0.03828 0.01615
0 0.66680 0.68151 0.02109 0.01406
