0 0.31380 0.93750 0.01615 0.02969
0 0.32266 0.95469 0.01198 0.01875
0 0.47708 0.84688 0.01250 0.01562
0 0.42969 0.77891 0.00833 0.01406
0 0.44297 0.76367 0.00885 0.00859
0 0.52005 0.72227 0.01094 0.01797
0 0.55208 0.71563 0.01146 0.01250
0 0.53672 0.71680 0.01198 0.01953
0 0.53047 0.72344 0.01302 0.01875
0 0.51667 0.73047 0.01354 0.02031
0 0.50391 0.73438 0.01198 0.01875
0 0.49115 0.73594 0.01250 0.01406
0 0.36927 0.82656 0.01042 0.01406
0 0.37787 0.82109 0.00885 0.01406
0 0.38516 0.81289 0.01198 0.01797
0 0.39219 0.80977 0.00833 0.01641
0 0.39896 0.80469 0.00729 0.01406
0 0.40833 0.80039 0.01354 0.01484
0 0.41667 0.79414 0.01146 0.01953
0 0.42786 0.78945 0.01406 0.02109
0 0.43906 0.77305 0.01250 0.01484
0 0.43932 0.78672 0.01198 0.02187
0 0.44974 0.77148 0.01406 0.02109
0 0.45573 0.76016 0.01042 0.02031
0 0.46588 0.75508 0.01302 0.01797
0 0.47630 0.74844 0.01406 0.01875
0 0.49141 0.74570 0.01302 0.01641
0 0.48776 0.75586 0.01302 0.02109
0 0.47839 0.76367 0.01406 0.01641
0 0.46667 0.76875 0.01354 0.01562
0 0.46146 0.77969 0.01250 0.02344
0 0.45625 0.78516 0.01458 0.02188
0 0.44896 0.79023 0.01354 0.01641
0 0.40130 0.96211 0.01094 0.01016
0 0.39010 0.96445 0.01146 0.01172
0 0.38021 0.96289 0.01042 0.01797
0 0.37109 0.96094 0.01198 0.02187
0 0.36016 0.96367 0.01406 0.02422
0 0.34792 0.96250 0.01458 0.02656
0 0.33516 0.95820 0.01615 0.02578
0 0.38542 0.95117 0.01042 0.02109
0 0.39479 0.95039 0.01250 0.01953
0 0.40495 0.94844 0.01198 0.02344
0 0.41406 0.94570 0.01146 0.02266
0 0.42266 0.94102 0.01302 0.02266
0 0.42891 0.93437 0.01094 0.01406
0 0.43984 0.93359 0.01198 0.02031
0 0.44948 0.92852 0.01250 0.01797
0 0.46094 0.92148 0.01250 0.01797
0 0.47396 0.91445 0.01354 0.02422
0 0.48255 0.90859 0.00990 0.01719
0 0.49245 0.90781 0.01406 0.02656
0 0.50599 0.90039 0.01406 0.02266
0 0.51484 0.89180 0.00781 0.02734
0 0.52083 0.88984 0.01146 0.03125
0 0.53047 0.88789 0.01302 0.02891
0 0.54088 0.88203 0.01094 0.02344
0 0.54896 0.88086 0.01354 0.02109
0 0.55703 0.87187 0.01615 0.02500
0 0.57995 0.85039 0.01406 0.02422
0 0.58880 0.82617 0.00990 0.02734
0 0.59531 0.79375 0.00937 0.02188
0 0.59010 0.79844 0.00937 0.02031
0 0.58906 0.77891 0.01250 0.01875
0 0.58229 0.75625 0.00938 0.01250
0 0.58333 0.76953 0.01042 0.01875
0 0.57760 0.73672 0.01146 0.01406
0 0.54948 0.72422 0.01667 0.01875
0 0.56510 0.72812 0.01667 0.01719
0 0.56328 0.73633 0.01823 0.02109
0 0.57682 0.75039 0.01406 0.02266
0 0.57604 0.77344 0.01042 0.02500
0 0.57240 0.84922 0.01771 0.02500
0 0.57969 0.82617 0.01250 0.02891
0 0.58047 0.79844 0.01302 0.02812
0 0.55781 0.85117 0.01250 0.02266
0 0.56510 0.84023 0.01458 0.02578
0 0.57135 0.81953 0.01458 0.02500
0 0.57083 0.79336 0.01250 0.02734
0 0.56615 0.77188 0.01562 0.01875
0 0.56302 0.75391 0.01771 0.02031
0 0.53255 0.73359 0.01302 0.01875
0 0.54713 0.73555 0.01406 0.02109
0 0.55911 0.80195 0.01615 0.02578
0 0.55469 0.77852 0.01458 0.02734
0 0.55078 0.75547 0.01302 0.02344
0 0.52995 0.74492 0.01406 0.02422
0 0.54219 0.76328 0.01354 0.02500
0 0.54531 0.78633 0.01562 0.02578
0 0.53281 0.76953 0.01354 0.02188
0 0.52318 0.76211 0.00990 0.01953
0 0.51745 0.74727 0.01302 0.02109
0 0.50677 0.75156 0.01458 0.02656
0 0.50130 0.75937 0.01406 0.02500
0 0.49323 0.76641 0.01458 0.02344
0 0.48099 0.77773 0.01510 0.02578
0 0.51667 0.77031 0.01562 0.02656
0 0.50990 0.78125 0.01667 0.02813
0 0.50547 0.78828 0.01302 0.02500
0 0.49427 0.78867 0.01354 0.02734
0 0.55365 0.81992 0.01562 0.02734
0 0.55000 0.83203 0.01250 0.02969
0 0.54792 0.85781 0.01042 0.02656
0 0.53932 0.85938 0.01198 0.02813
0 0.53854 0.82969 0.01354 0.03125
0 0.54088 0.80625 0.01510 0.02500
0 0.53229 0.78867 0.01458 0.02422
0 0.52344 0.79609 0.01667 0.02656
0 0.52995 0.86211 0.01302 0.02734
0 0.52734 0.82070 0.01302 0.02422
0 0.51745 0.80742 0.01510 0.02578
0 0.52682 0.83945 0.00990 0.02422
0 0.51927 0.86719 0.01250 0.02656
0 0.51745 0.83984 0.01406 0.03125
0 0.51198 0.81367 0.01458 0.03047
0 0.50156 0.81328 0.01458 0.02813
0 0.47370 0.78555 0.01406 0.02422
0 0.48776 0.79805 0.01406 0.02578
0 0.50833 0.86992 0.01458 0.02734
0 0.50000 0.88242 0.01250 0.03203
0 0.50677 0.84336 0.01458 0.02578
0 0.50104 0.85273 0.01562 0.02578
0 0.49401 0.86328 0.01198 0.02812
0 0.49063 0.88555 0.01146 0.02266
0 0.48203 0.89062 0.01302 0.02344
0 0.47162 0.89414 0.01302 0.02578
0 0.49427 0.82500 0.01771 0.02656
0 0.47135 0.79805 0.01250 0.01953
0 0.48229 0.80742 0.01250 0.01953
0 0.48880 0.83750 0.01510 0.02344
0 0.48620 0.85820 0.01406 0.02422
0 0.47865 0.82578 0.01458 0.02656
0 0.48099 0.86758 0.01094 0.02891
0 0.47188 0.86523 0.01250 0.03203
0 0.46979 0.83398 0.01458 0.02578
0 0.46823 0.80938 0.01250 0.02656
0 0.45781 0.80586 0.01250 0.02266
0 0.44557 0.80313 0.01198 0.02344
0 0.45651 0.82266 0.01302 0.02344
0 0.46302 0.90117 0.01250 0.02578
0 0.45365 0.90430 0.01458 0.02891
0 0.44922 0.90820 0.01302 0.02734
0 0.44063 0.91133 0.01354 0.02734
0 0.43255 0.91836 0.01094 0.02422
0 0.42213 0.91758 0.01302 0.02578
0 0.41224 0.92500 0.01198 0.02500
0 0.40365 0.92891 0.01146 0.02813
0 0.39427 0.92930 0.01354 0.02891
0 0.38229 0.93438 0.01354 0.02812
0 0.36953 0.93828 0.01198 0.03125
0 0.35833 0.93867 0.01250 0.02734
0 0.34662 0.93320 0.01510 0.02734
0 0.46250 0.84297 0.01458 0.02500
0 0.46328 0.86836 0.01302 0.03047
0 0.45625 0.87734 0.01146 0.02969
0 0.44896 0.87773 0.00938 0.02891
0 0.43932 0.87617 0.01510 0.03047
0 0.43359 0.88594 0.01198 0.02812
0 0.42448 0.88945 0.01250 0.03203
0 0.41563 0.89258 0.01458 0.03047
0 0.40547 0.89727 0.01510 0.03047
0 0.39583 0.90273 0.01458 0.02891
0 0.38464 0.90391 0.01406 0.02969
0 0.37292 0.90781 0.01458 0.02812
0 0.35885 0.91211 0.01667 0.02891
0 0.32969 0.93281 0.01771 0.02500
0 0.32240 0.91172 0.01562 0.02500
0 0.31823 0.89492 0.01458 0.01953
0 0.35833 0.83242 0.01250 0.01797
0 0.34870 0.83789 0.01302 0.01641
0 0.33776 0.84023 0.01198 0.01328
0 0.33828 0.84766 0.01302 0.01406
0 0.32630 0.85312 0.01302 0.01719
0 0.32630 0.86211 0.01510 0.01641
0 0.32396 0.87852 0.01250 0.01953
0 0.33984 0.91094 0.01927 0.02344
0 0.33177 0.89141 0.01458 0.01875
0 0.43542 0.80586 0.01146 0.01953
0 0.42526 0.80508 0.01198 0.01953
0 0.42162 0.81250 0.01510 0.02344
0 0.40938 0.81484 0.01458 0.02344
0 0.40417 0.81992 0.01458 0.02266
0 0.39818 0.82461 0.01510 0.02578
0 0.38958 0.83008 0.01458 0.02422
0 0.38125 0.83438 0.01354 0.02344
0 0.37135 0.83789 0.01250 0.02109
0 0.36224 0.84414 0.01406 0.02266
0 0.35052 0.84922 0.01354 0.02187
0 0.33880 0.85859 0.01302 0.02344
0 0.33594 0.87578 0.01562 0.02344
0 0.35026 0.86914 0.01719 0.02734
0 0.34766 0.89297 0.01719 0.02656
0 0.45338 0.84961 0.01198 0.03047
0 0.44609 0.82617 0.01302 0.02891
0 0.43490 0.82695 0.01354 0.02891
0 0.43073 0.83008 0.01354 0.02109
0 0.41901 0.83516 0.01406 0.03125
0 0.41458 0.84023 0.01250 0.02578
0 0.40521 0.84453 0.01250 0.02813
0 0.39479 0.85000 0.01354 0.02969
0 0.38333 0.85586 0.01354 0.02578
0 0.37213 0.85820 0.01302 0.02422
0 0.36250 0.86523 0.01354 0.02422
0 0.44453 0.85273 0.01198 0.02734
0 0.36146 0.88828 0.01354 0.02656
0 0.37370 0.88164 0.01302 0.02734
0 0.38385 0.87852 0.01146 0.02422
0 0.43333 0.85039 0.01458 0.02578
0 0.42604 0.86211 0.01354 0.02578
0 0.41745 0.86406 0.01302 0.02656
0 0.41068 0.86797 0.01302 0.02813
0 0.40182 0.87188 0.01302 0.02656
0 0.39271 0.87734 0.01354 0.02656
0 0.38464 0.66523 0.01927 0.03047
0 0.37448 0.67695 0.02292 0.03203
0 0.36823 0.70547 0.02292 0.03438
0 0.35521 0.72773 0.01771 0.03047
0 0.32370 0.82305 0.02448 0.04453
0 0.30208 0.81836 0.02396 0.04766
0 0.28099 0.81055 0.02135 0.04922
0 0.26354 0.80859 0.01875 0.03125
0 0.24792 0.79492 0.02500 0.04141
0 0.22630 0.78359 0.02031 0.03750
0 0.21042 0.77813 0.02083 0.02812
0 0.19740 0.76914 0.01979 0.01953
0 0.33594 0.80000 0.02708 0.03281
0 0.30729 0.79258 0.03021 0.04453
0 0.18542 0.73945 0.01667 0.04297
0 0.19948 0.74297 0.02500 0.03906
0 0.21901 0.75234 0.02552 0.04375
0 0.24271 0.76172 0.02500 0.03906
0 0.26615 0.77656 0.02604 0.03750
0 0.16927 0.72812 0.02500 0.02812
0 0.15677 0.66797 0.01875 0.03281
0 0.17891 0.70781 0.02240 0.03594
0 0.16641 0.69219 0.03177 0.04531
0 0.26771 0.56250 0.01667 0.02344
0 0.27682 0.56992 0.02344 0.02734
0 0.29219 0.57695 0.02292 0.01953
0 0.31042 0.59023 0.02396 0.03047
0 0.32917 0.60156 0.02396 0.02500
0 0.35807 0.62891 0.04427 0.04688
0 0.24974 0.55625 0.02135 0.02344
0 0.22552 0.55664 0.01979 0.02266
0 0.19948 0.57187 0.01979 0.03281
0 0.16354 0.64297 0.01979 0.03906
0 0.18021 0.60664 0.02917 0.04609
0 0.20781 0.58086 0.02604 0.04297
0 0.23333 0.56875 0.02604 0.03906
0 0.24870 0.57734 0.02344 0.03594
0 0.26406 0.59102 0.02917 0.04141
0 0.28464 0.60000 0.02969 0.04375
0 0.29948 0.61289 0.03229 0.04453
0 0.32083 0.62539 0.03125 0.05078
0 0.33854 0.63711 0.03229 0.04922
0 0.35912 0.65352 0.03281 0.04453
0 0.35391 0.76992 0.02344 0.04453
0 0.17630 0.65195 0.02865 0.04609
0 0.19219 0.62617 0.02604 0.04766
0 0.21406 0.60430 0.02812 0.05078
0 0.22917 0.61211 0.03021 0.04922
0 0.24505 0.62227 0.03073 0.05078
0 0.26615 0.63203 0.03021 0.05156
0 0.28464 0.64414 0.02969 0.04922
0 0.30469 0.65742 0.03125 0.05234
0 0.32161 0.67773 0.03177 0.05547
0 0.34870 0.68984 0.03177 0.05156
0 0.19062 0.67578 0.02500 0.03750
0 0.20417 0.70234 0.03229 0.05313
0 0.22630 0.71367 0.03177 0.05391
0 0.24661 0.72266 0.02865 0.05469
0 0.26484 0.73438 0.02448 0.05625
0 0.28307 0.74805 0.03073 0.06016
0 0.30365 0.76133 0.03021 0.05391
0 0.32891 0.76797 0.02969 0.05313
0 0.20573 0.65156 0.02813 0.05000
0 0.22135 0.66367 0.02917 0.05547
0 0.24167 0.67305 0.02813 0.05391
0 0.33411 0.72266 0.03281 0.05000
0 0.30677 0.71328 0.02604 0.05000
0 0.28490 0.69453 0.03125 0.05625
0 0.26328 0.68398 0.02656 0.05234
