0 0.99193 0.40983 0.01615 0.02930
0 0.77891 0.35384 0.03177 0.03320
0 0.74401 0.34342 0.03073 0.03190
0 0.71120 0.34017 0.03177 0.03190
0 0.67943 0.33236 0.03177 0.03320
0 0.65156 0.32682 0.02396 0.02995
0 0.62656 0.32682 0.02396 0.02604
0 0.58958 0.31803 0.03438 0.03190
0 0.55937 0.31315 0.03125 0.03125
0 0.99036 0.77767 0.01927 0.03190
0 0.96745 0.77018 0.03490 0.03906
0 0.93594 0.75749 0.03333 0.04622
0 0.90651 0.74902 0.03385 0.03971
0 0.87656 0.74512 0.02708 0.03841
0 0.84609 0.74154 0.03802 0.05859
0 0.81510 0.72917 0.03125 0.04297
0 0.78281 0.72298 0.03437 0.03841
0 0.75156 0.71224 0.03125 0.03516
0 0.72057 0.70312 0.03802 0.03906
0 0.68958 0.69271 0.03229 0.03646
0 0.65755 0.68359 0.03177 0.03516
0 0.62786 0.67936 0.03385 0.02799
0 0.59662 0.67057 0.03177 0.03516
0 0.56693 0.66536 0.03177 0.03516
0 0.53464 0.65885 0.03490 0.03125
0 0.50625 0.64193 0.03125 0.03776
0 0.47526 0.63639 0.03385 0.03581
0 0.44583 0.62500 0.03229 0.03776
0 0.41172 0.61458 0.03177 0.04167
0 0.37995 0.60417 0.03177 0.04427
0 0.34688 0.60091 0.04063 0.03776
0 0.58412 0.63086 0.03802 0.06250
0 0.54870 0.62598 0.03906 0.05534
0 0.52214 0.61816 0.03073 0.05404
0 0.49167 0.60905 0.03646 0.05013
0 0.46094 0.60156 0.03021 0.04427
0 0.43021 0.59049 0.03438 0.05469
0 0.39766 0.57747 0.03802 0.05339
0 0.35755 0.57324 0.03698 0.05273
0 0.32500 0.56641 0.03125 0.04688
0 0.28906 0.55794 0.04271 0.04688
0 0.61563 0.64160 0.04271 0.05924
0 0.64635 0.64323 0.03438 0.06120
0 0.67656 0.65202 0.04063 0.06055
0 0.70885 0.66471 0.04375 0.06250
0 0.74089 0.67383 0.03594 0.05859
0 0.77370 0.67904 0.04115 0.06510
0 0.80182 0.68652 0.03594 0.06966
0 0.83412 0.69173 0.03906 0.06966
0 0.86719 0.69987 0.03958 0.06771
0 0.89688 0.71452 0.04271 0.05924
0 0.94948 0.72591 0.06562 0.07422
0 0.98828 0.73372 0.02344 0.05599
0 0.99245 0.67220 0.01510 0.06576
0 0.98984 0.60189 0.02031 0.08008
0 0.97266 0.67188 0.03490 0.07812
0 0.93932 0.65820 0.04219 0.07682
0 0.89662 0.65169 0.03177 0.06901
0 0.86328 0.63835 0.04740 0.07096
0 0.82422 0.62728 0.04219 0.07487
0 0.78828 0.61816 0.03906 0.07227
0 0.75286 0.61035 0.04427 0.07617
0 0.71719 0.59961 0.03958 0.07161
0 0.68255 0.58919 0.03698 0.07422
0 0.65521 0.58398 0.03125 0.06510
0 0.62266 0.58268 0.03594 0.07552
0 0.58984 0.56966 0.03281 0.07161
0 0.55807 0.57096 0.03698 0.06771
0 0.52370 0.56087 0.03281 0.06576
0 0.49479 0.55501 0.03229 0.06576
0 0.46068 0.54720 0.03698 0.07096
0 0.42865 0.53548 0.03333 0.06445
0 0.39844 0.52604 0.03229 0.06120
0 0.36719 0.51953 0.03542 0.07943
0 0.33333 0.51921 0.03958 0.07096
0 0.29792 0.51139 0.03542 0.06706
0 0.26562 0.52051 0.03854 0.06055
0 0.61615 0.34473 0.06771 0.04102
0 0.66588 0.35286 0.03177 0.03516
0 0.69349 0.36003 0.02969 0.03125
0 0.72344 0.36719 0.03438 0.04036
0 0.75911 0.37109 0.03385 0.03646
0 0.78698 0.37891 0.02396 0.02865
0 0.81667 0.37142 0.03438 0.04102
0 0.85026 0.37500 0.03073 0.03646
0 0.87891 0.37923 0.03073 0.03320
0 0.91068 0.38672 0.03281 0.03385
0 0.94297 0.39062 0.02969 0.03255
0 0.97109 0.39030 0.02865 0.03711
0 0.98620 0.46224 0.02760 0.05859
0 0.96979 0.44010 0.04271 0.06771
0 0.93932 0.43685 0.03490 0.06641
0 0.97917 0.52344 0.03750 0.07682
0 0.94974 0.50781 0.04427 0.08203
0 0.91641 0.49935 0.04010 0.08073
0 0.90912 0.43001 0.03281 0.05924
0 0.87760 0.42285 0.03542 0.06315
0 0.84453 0.41699 0.03490 0.05143
0 0.81120 0.41764 0.03698 0.05794
0 0.77969 0.41276 0.03021 0.05469
0 0.88229 0.49382 0.03958 0.08919
0 0.85391 0.48307 0.03385 0.08594
0 0.96484 0.59863 0.04115 0.08659
0 0.93281 0.58594 0.03750 0.08203
0 0.89896 0.57780 0.04167 0.08659
0 0.86875 0.57064 0.04063 0.08008
0 0.83958 0.56478 0.04063 0.08789
0 0.80781 0.55697 0.03333 0.08138
0 0.82187 0.47949 0.03542 0.08138
0 0.79375 0.47233 0.04271 0.07747
0 0.77917 0.54720 0.04062 0.08008
0 0.74479 0.53906 0.03854 0.07943
0 0.71068 0.52930 0.03802 0.08073
0 0.68151 0.52441 0.04115 0.07227
0 0.64792 0.52214 0.03854 0.07682
0 0.61146 0.51009 0.04167 0.08398
0 0.58125 0.50781 0.03854 0.07552
0 0.54870 0.50326 0.04531 0.07682
0 0.51537 0.49707 0.03594 0.07096
0 0.48125 0.49121 0.03542 0.07357
0 0.45391 0.48340 0.03177 0.06445
0 0.42005 0.47493 0.04219 0.07096
0 0.38490 0.47103 0.04063 0.06706
0 0.34609 0.46419 0.03698 0.05599
0 0.31484 0.46159 0.03490 0.06380
0 0.28125 0.45996 0.04062 0.05794
0 0.24297 0.48438 0.04323 0.06250
0 0.21380 0.45182 0.03385 0.05469
0 0.22734 0.39909 0.04115 0.05339
0 0.25391 0.42513 0.03698 0.06250
0 0.28828 0.39876 0.03490 0.06185
0 0.32891 0.39453 0.04323 0.07422
0 0.35912 0.40592 0.04010 0.07617
0 0.39375 0.41048 0.03646 0.07357
0 0.42943 0.41081 0.04219 0.06510
0 0.46094 0.42285 0.04063 0.07096
0 0.49583 0.42904 0.03750 0.07161
0 0.53021 0.43164 0.03646 0.07292
0 0.56276 0.43652 0.03281 0.06836
0 0.59479 0.43620 0.03438 0.07552
0 0.62839 0.44434 0.03490 0.07357
0 0.65651 0.45378 0.03698 0.07552
0 0.69115 0.45475 0.03542 0.07747
0 0.72370 0.46257 0.03594 0.07227
0 0.75703 0.46387 0.03177 0.07747
0 0.74531 0.40625 0.03958 0.05729
0 0.71302 0.40885 0.02917 0.04427
0 0.68646 0.39453 0.03646 0.05469
0 0.65182 0.39193 0.03698 0.05729
0 0.62162 0.38542 0.03594 0.04948
0 0.58672 0.38086 0.03594 0.05599
0 0.55443 0.38249 0.03281 0.05143
0 0.52656 0.37240 0.04167 0.05469
0 0.49193 0.36751 0.03802 0.05664
0 0.46016 0.36686 0.03698 0.05143
0 0.42734 0.35677 0.04010 0.05208
0 0.38620 0.35482 0.04115 0.03906
0 0.36302 0.34766 0.02500 0.03776
0 0.32838 0.34212 0.04427 0.04232
0 0.28880 0.35644 0.03490 0.04492
0 0.26224 0.36816 0.02031 0.04492
0 0.23672 0.36198 0.02760 0.02604
