0 0.57617 0.57084 0.03984 0.03396
0 0.00703 0.66218 0.01406 0.10890
0 0.52188 0.59777 0.06094 0.05035
0 0.45977 0.63056 0.05234 0.05972
0 0.90195 0.33021 0.05547 0.06557
0 0.73242 0.28337 0.04922 0.06323
0 0.82773 0.34016 0.08828 0.13700
0 0.66953 0.28337 0.06875 0.09133
0 0.59844 0.30796 0.07812 0.12646
0 0.51953 0.31792 0.08281 0.13466
0 0.46445 0.33841 0.06953 0.12178
0 0.40430 0.34426 0.08672 0.12646
0 0.32109 0.34426 0.10625 0.14520
0 0.24570 0.36183 0.08828 0.14286
0 0.17812 0.39520 0.10156 0.15105
0 0.10898 0.42681 0.09453 0.15105
0 0.03555 0.44204 0.07109 0.15105
0 0.78711 0.39051 0.06641 0.11124
0 0.71523 0.39520 0.08828 0.17682
0 0.65781 0.42974 0.09062 0.18501
0 0.58125 0.45140 0.10312 0.19555
0 0.51875 0.46253 0.09687 0.18267
0 0.46250 0.49297 0.10781 0.19906
0 0.39062 0.49649 0.11250 0.18970
0 0.31719 0.51874 0.12031 0.22014
0 0.25508 0.54625 0.10859 0.19087
0 0.18477 0.57201 0.11172 0.20258
0 0.10039 0.59309 0.10703 0.20023
0 0.04141 0.61007 0.08281 0.19438
0 0.39766 0.64696 0.08125 0.08782
0 0.32617 0.68560 0.06641 0.08548
0 0.25586 0.71897 0.07266 0.11475
0 0.18594 0.75176 0.09062 0.14286
0 0.04609 0.82494 0.08906 0.19555
0 0.11719 0.78571 0.09375 0.17564
