0 0.72344 0.45911 0.01771 0.06153
0 0.71042 0.37889 0.03125 0.10047
0 0.68776 0.35125 0.05260 0.09969
0 0.70990 0.28855 0.03854 0.07710
0 0.64635 0.23520 0.07396 0.07788
0 0.54401 0.34385 0.05260 0.07710
0 0.65443 0.30374 0.06719 0.10125
0 0.59688 0.30140 0.05625 0.09346
0 0.57682 0.37500 0.06406 0.09735
0 0.63177 0.39797 0.06771 0.10748
0 0.68932 0.44509 0.06198 0.10358
0 0.70521 0.51402 0.05000 0.06075
0 0.71797 0.58139 0.01823 0.06308
0 0.66328 0.51285 0.03698 0.06308
0 0.60365 0.46456 0.05833 0.09268
0 0.54453 0.43108 0.06719 0.10047
0 0.50469 0.39603 0.06250 0.07555
0 0.63229 0.56425 0.04896 0.07399
0 0.68880 0.57282 0.05156 0.06308
0 0.69557 0.62811 0.02448 0.04283
0 0.69271 0.66745 0.03333 0.04673
0 0.56927 0.52648 0.06667 0.08411
0 0.50833 0.49766 0.06563 0.08878
0 0.48307 0.44509 0.05677 0.06308
0 0.49375 0.57126 0.05208 0.10514
0 0.54141 0.59268 0.06198 0.10436
0 0.60000 0.62967 0.06771 0.08022
0 0.65833 0.63162 0.05729 0.07788
0 0.66771 0.69393 0.03125 0.05919
0 0.52057 0.65693 0.07344 0.08801
0 0.63724 0.68847 0.05260 0.06542
0 0.58125 0.68263 0.05937 0.07710
0 0.61406 0.73014 0.04479 0.03660
0 0.50234 0.71067 0.05469 0.09735
0 0.56094 0.73910 0.07396 0.06542
0 0.48385 0.76791 0.02292 0.06075
