0 0.39757 0.58920 0.02945 0.02021
0 0.37224 0.61374 0.05673 0.03464
0 0.34582 0.63308 0.03248 0.02021
0 0.33456 0.65704 0.02728 0.03464
0 0.36942 0.64521 0.05284 0.04099
0 0.67540 0.78753 0.03421 0.03580
0 0.67713 0.82996 0.03248 0.05947
0 0.32417 0.79013 0.01949 0.03291
0 0.34257 0.82650 0.01646 0.02252
0 0.35405 0.81062 0.04374 0.03349
0 0.33066 0.76328 0.03162 0.04273
0 0.34582 0.77540 0.03248 0.04619
0 0.36877 0.78118 0.04114 0.05081
0 0.38220 0.86403 0.01776 0.03637
0 0.36401 0.84353 0.03854 0.03464
0 0.37700 0.82737 0.04374 0.03811
0 0.32027 0.73932 0.01429 0.01905
0 0.32395 0.71738 0.02772 0.03753
0 0.34062 0.72286 0.04028 0.03926
0 0.35946 0.73181 0.04417 0.05370
0 0.33824 0.68591 0.03205 0.04273
0 0.36466 0.68187 0.04331 0.04619
0 0.38133 0.69717 0.03681 0.04561
0 0.39108 0.73932 0.04591 0.05254
0 0.39281 0.65098 0.03984 0.04215
0 0.41598 0.71940 0.03508 0.03811
0 0.40580 0.68389 0.04158 0.04792
0 0.42399 0.58054 0.02425 0.02252
0 0.40450 0.60768 0.02772 0.03406
0 0.41880 0.62760 0.03811 0.04042
0 0.42854 0.65445 0.04201 0.05023
0 0.44283 0.68880 0.04981 0.05081
0 0.39454 0.78984 0.04244 0.05658
0 0.44478 0.83343 0.03898 0.04330
0 0.41057 0.83516 0.03465 0.03176
0 0.41576 0.80110 0.03984 0.05023
0 0.41641 0.75722 0.03941 0.03753
0 0.44067 0.73730 0.04981 0.05081
0 0.44976 0.78695 0.05154 0.05312
0 0.43699 0.90185 0.03725 0.02540
0 0.40905 0.89348 0.02902 0.01790
0 0.40407 0.86114 0.03378 0.04792
0 0.42941 0.87154 0.03421 0.04330
0 0.45149 0.86172 0.04288 0.04215
0 0.46882 0.83689 0.02295 0.03060
0 0.46687 0.88655 0.04504 0.04908
0 0.50065 0.89174 0.03811 0.03406
0 0.46860 0.91830 0.03551 0.02714
0 0.49805 0.93129 0.02425 0.01617
0 0.49394 0.91311 0.03421 0.02714
0 0.51776 0.93678 0.02295 0.01328
0 0.54331 0.93822 0.03508 0.01617
0 0.52057 0.92032 0.03205 0.03118
0 0.46254 0.56466 0.01559 0.01039
0 0.45041 0.57159 0.02945 0.02079
0 0.43504 0.59642 0.03941 0.03118
0 0.45929 0.58083 0.01689 0.02194
0 0.48311 0.56784 0.03248 0.02945
0 0.47445 0.59151 0.03941 0.02945
0 0.46557 0.76732 0.04158 0.05774
0 0.47748 0.81178 0.02988 0.03349
0 0.53984 0.83141 0.01949 0.01732
0 0.50910 0.81842 0.05847 0.05370
0 0.49610 0.78175 0.03768 0.03695
0 0.45886 0.71391 0.04201 0.05370
0 0.44954 0.61547 0.04331 0.03926
0 0.45907 0.65300 0.03638 0.04619
0 0.48268 0.62298 0.04461 0.04503
0 0.48008 0.67812 0.03335 0.03868
0 0.49112 0.71680 0.04677 0.05370
0 0.50563 0.74221 0.04634 0.05139
0 0.48939 0.85970 0.03291 0.04157
0 0.54656 0.92177 0.05197 0.02714
0 0.53486 0.89752 0.03811 0.03060
0 0.55522 0.86576 0.05110 0.05254
0 0.51927 0.85768 0.04244 0.05370
0 0.54656 0.79908 0.04851 0.06005
0 0.52750 0.77945 0.03811 0.03926
0 0.54482 0.73816 0.05284 0.06755
0 0.52490 0.69746 0.05197 0.05196
0 0.50931 0.68072 0.03205 0.02771
0 0.49762 0.64463 0.04417 0.04677
0 0.52577 0.64954 0.03898 0.04734
0 0.51494 0.55803 0.03291 0.02598
0 0.50217 0.57563 0.01429 0.01386
0 0.50238 0.60422 0.04331 0.04561
0 0.52447 0.58256 0.03378 0.03233
0 0.54136 0.54561 0.03032 0.01732
0 0.54569 0.56351 0.03378 0.03580
0 0.55067 0.58083 0.02815 0.03811
0 0.53681 0.60941 0.05154 0.03753
0 0.56063 0.62904 0.04461 0.04561
0 0.55349 0.66772 0.05024 0.04792
0 0.57492 0.69688 0.05154 0.06005
0 0.58099 0.74971 0.04547 0.05831
0 0.58402 0.79706 0.04894 0.05023
0 0.57124 0.54792 0.03465 0.01848
0 0.57622 0.56236 0.02988 0.02771
0 0.57752 0.58834 0.03248 0.04503
0 0.60567 0.55225 0.03421 0.01559
0 0.72326 0.60104 0.01559 0.01617
0 0.68926 0.58401 0.01602 0.02714
0 0.59225 0.94226 0.02295 0.01270
0 0.57362 0.93072 0.03595 0.03118
0 0.60827 0.93129 0.03768 0.03464
0 0.56648 0.89550 0.03811 0.03695
0 0.59528 0.90242 0.03768 0.02887
0 0.57016 0.84151 0.05587 0.05254
0 0.60286 0.86692 0.05544 0.05600
0 0.62559 0.91022 0.04028 0.02945
0 0.64422 0.95035 0.03854 0.01732
0 0.64985 0.94226 0.02295 0.01386
0 0.63058 0.93678 0.03118 0.03060
0 0.65028 0.92465 0.03162 0.02367
0 0.67735 0.93043 0.03291 0.03868
0 0.74556 0.88857 0.01256 0.03580
0 0.72239 0.89867 0.05110 0.07679
0 0.70463 0.89867 0.04158 0.06640
0 0.66587 0.89059 0.04547 0.06524
0 0.63989 0.87644 0.05154 0.06005
0 0.69684 0.86490 0.03811 0.07506
0 0.72152 0.83891 0.04504 0.06813
0 0.75184 0.85595 0.02079 0.03984
0 0.74751 0.81178 0.03551 0.05427
0 0.63815 0.57766 0.03595 0.04792
0 0.67129 0.57679 0.03291 0.03695
0 0.66955 0.61634 0.03898 0.06293
0 0.63101 0.61230 0.03898 0.06062
0 0.59896 0.61345 0.03725 0.04792
0 0.59246 0.65040 0.04764 0.04792
0 0.61910 0.66657 0.04547 0.05600
0 0.60892 0.71363 0.03984 0.05312
0 0.64314 0.72055 0.03725 0.06467
0 0.61282 0.81034 0.04591 0.05600
0 0.61650 0.76039 0.04028 0.05196
0 0.73820 0.76328 0.03595 0.04850
0 0.74080 0.65098 0.03508 0.08487
0 0.70572 0.62125 0.04547 0.06236
0 0.70182 0.66715 0.05240 0.06178
0 0.65721 0.66137 0.04288 0.06178
0 0.74751 0.71016 0.04851 0.06467
0 0.71135 0.72893 0.03941 0.06062
0 0.67908 0.69919 0.04417 0.05889
0 0.70615 0.79272 0.04461 0.06236
0 0.64920 0.82766 0.03984 0.05947
0 0.64855 0.77396 0.03508 0.05485
0 0.67800 0.74740 0.03941 0.05370
