0 0.73711 0.99500 0.13402 0.01000
0 0.58763 0.99375 0.16495 0.01250
0 0.09278 0.98875 0.08247 0.02250
0 0.21134 0.98375 0.17526 0.03250
0 0.37629 0.98500 0.19588 0.03000
0 0.06701 0.95625 0.05155 0.03250
0 0.03608 0.92375 0.07216 0.03750
0 0.07216 0.89500 0.10309 0.03000
0 0.08247 0.86375 0.12371 0.03250
0 0.08247 0.83250 0.12371 0.03500
0 0.14948 0.96375 0.13402 0.03750
0 0.14948 0.93000 0.17526 0.03000
0 0.15979 0.90125 0.19588 0.03750
0 0.19072 0.87500 0.15464 0.02500
0 0.18041 0.84375 0.15464 0.04250
0 0.26804 0.95500 0.14433 0.04500
0 0.31443 0.92375 0.17526 0.03250
0 0.41753 0.96000 0.19588 0.05000
0 0.49484 0.92375 0.20619 0.04250
0 0.47938 0.88625 0.17526 0.04250
0 0.31959 0.88875 0.16495 0.03750
0 0.34021 0.85500 0.20619 0.03500
0 0.31443 0.82125 0.21649 0.03750
0 0.51031 0.83375 0.17526 0.03750
0 0.60825 0.97125 0.20619 0.04250
0 0.62887 0.94125 0.14433 0.02750
0 0.63917 0.90875 0.18557 0.04250
0 0.63402 0.87625 0.19588 0.04250
0 0.67010 0.84500 0.18557 0.03500
0 0.76289 0.97625 0.12371 0.03750
0 0.76804 0.94125 0.13402 0.03750
0 0.78351 0.91000 0.14433 0.04500
0 0.78351 0.86625 0.12371 0.04750
0 0.96392 0.89375 0.07216 0.03750
0 0.94845 0.92875 0.08247 0.04250
0 0.94845 0.96125 0.06186 0.02750
0 0.93814 0.98500 0.06186 0.03000
0 0.86598 0.98375 0.12371 0.03250
0 0.88144 0.95625 0.13402 0.03250
0 0.88660 0.92125 0.12371 0.03750
0 0.89175 0.88625 0.13402 0.03750
0 0.95361 0.85625 0.09278 0.03250
0 0.88144 0.85375 0.15464 0.03250
0 0.96392 0.82500 0.07216 0.03000
0 0.90206 0.82375 0.09278 0.03250
0 0.80412 0.81750 0.14433 0.04500
0 0.92268 0.79375 0.15464 0.03250
0 0.92783 0.76500 0.14433 0.03500
0 0.93299 0.73500 0.13402 0.03500
0 0.93814 0.69250 0.12371 0.05500
0 0.94845 0.65250 0.10309 0.03500
0 0.93814 0.62625 0.12371 0.02250
0 0.79897 0.77750 0.15464 0.03500
0 0.81959 0.74875 0.15464 0.03250
0 0.81959 0.71750 0.15464 0.03000
0 0.81443 0.68625 0.16495 0.03750
0 0.82990 0.66000 0.15464 0.03000
0 0.84021 0.63250 0.11340 0.03000
0 0.06701 0.79875 0.09278 0.03750
0 0.16495 0.80875 0.12371 0.03250
0 0.07732 0.76625 0.09278 0.03250
0 0.07216 0.73875 0.10309 0.02750
0 0.05670 0.71500 0.09278 0.02500
0 0.17526 0.77875 0.14433 0.03750
0 0.18041 0.74500 0.15464 0.03500
0 0.17010 0.71375 0.17526 0.03250
0 0.18557 0.68375 0.14433 0.03250
0 0.31443 0.79000 0.17526 0.03500
0 0.32990 0.76250 0.18557 0.03000
0 0.32990 0.73375 0.16495 0.03250
0 0.32990 0.70375 0.18557 0.03250
0 0.33505 0.67375 0.17526 0.03250
0 0.33505 0.64625 0.17526 0.03250
0 0.48454 0.80125 0.20619 0.03750
0 0.50515 0.76875 0.20619 0.03750
0 0.65464 0.81125 0.17526 0.03250
0 0.65464 0.78000 0.17526 0.03500
0 0.65979 0.74875 0.18557 0.03250
0 0.66495 0.71875 0.17526 0.03250
0 0.65979 0.68750 0.20619 0.03500
0 0.66495 0.66000 0.19588 0.03000
0 0.69588 0.63125 0.19588 0.03750
0 0.50000 0.73375 0.19588 0.03750
0 0.49484 0.70375 0.18557 0.03250
0 0.49484 0.67500 0.18557 0.03500
0 0.50516 0.64375 0.16495 0.03250
0 0.18557 0.65625 0.14433 0.03250
0 0.19588 0.63250 0.16495 0.03000
0 0.07216 0.68875 0.10309 0.03750
0 0.08763 0.65750 0.09278 0.03000
0 0.08763 0.63000 0.09278 0.03000
0 0.02577 0.69000 0.05155 0.02500
0 0.02577 0.66750 0.05155 0.02000
0 0.02577 0.65250 0.05155 0.02000
0 0.03093 0.63000 0.06186 0.02500
0 0.02577 0.61125 0.05155 0.02250
0 0.03093 0.58875 0.06186 0.02250
0 0.02577 0.56750 0.05155 0.02500
0 0.02577 0.54500 0.05155 0.02500
0 0.02577 0.52250 0.05155 0.02500
0 0.05670 0.51000 0.05155 0.01000
0 0.03093 0.50250 0.06186 0.02000
0 0.02577 0.48125 0.05155 0.02250
0 0.02062 0.45750 0.04124 0.03000
0 0.05155 0.47625 0.04124 0.01250
0 0.05155 0.46000 0.04124 0.02000
0 0.02577 0.32000 0.05155 0.02000
0 0.02577 0.34375 0.05155 0.03250
0 0.01546 0.43250 0.03093 0.02000
0 0.01546 0.41250 0.03093 0.02000
0 0.02577 0.37125 0.05155 0.02250
0 0.02062 0.39250 0.04124 0.02500
0 0.04124 0.43875 0.04124 0.02250
0 0.05155 0.41500 0.06186 0.03000
0 0.05155 0.38750 0.06186 0.02500
0 0.05670 0.35375 0.07216 0.02250
0 0.05670 0.32875 0.07216 0.02250
0 0.97938 0.41375 0.04124 0.02250
0 0.98454 0.39125 0.03093 0.02250
0 0.92268 0.28500 0.09278 0.02500
0 0.94330 0.31000 0.09278 0.02500
0 0.94845 0.33500 0.08247 0.02500
0 0.93814 0.35375 0.08247 0.02750
0 0.93814 0.37875 0.10309 0.02750
0 0.94845 0.40625 0.08247 0.03250
0 0.95361 0.43750 0.07216 0.03000
0 0.95361 0.46375 0.09278 0.02750
0 0.94845 0.48875 0.10309 0.03250
0 0.94330 0.51750 0.11340 0.03000
0 0.93814 0.54250 0.10309 0.02500
0 0.93814 0.56875 0.12371 0.03250
0 0.93299 0.59750 0.11340 0.03500
0 0.82990 0.60375 0.13402 0.03250
0 0.81959 0.57750 0.13402 0.03500
0 0.81959 0.54750 0.15464 0.03000
0 0.83505 0.52125 0.14433 0.03250
0 0.84536 0.49500 0.14433 0.03500
0 0.86083 0.46500 0.11340 0.03000
0 0.87113 0.43750 0.11340 0.03000
0 0.86598 0.40875 0.12371 0.03250
0 0.86083 0.38375 0.11340 0.03250
0 0.86083 0.35625 0.11340 0.03250
0 0.86598 0.32875 0.12371 0.02750
0 0.86083 0.29875 0.13402 0.03250
0 0.69072 0.59875 0.16495 0.02750
0 0.69072 0.56750 0.16495 0.04000
0 0.69588 0.52750 0.15464 0.04000
0 0.71134 0.49625 0.16495 0.02750
0 0.72680 0.46750 0.19588 0.03000
0 0.74227 0.44125 0.18557 0.03250
0 0.74227 0.41125 0.16495 0.03250
0 0.72680 0.38375 0.19588 0.03250
0 0.73196 0.35750 0.16495 0.02500
0 0.73711 0.33250 0.17526 0.03000
0 0.71650 0.30125 0.17526 0.03250
0 0.08247 0.60250 0.10309 0.03000
0 0.08763 0.57625 0.11340 0.02750
0 0.09278 0.55000 0.12371 0.03000
0 0.09794 0.52250 0.11340 0.03000
0 0.09794 0.49375 0.11340 0.02750
0 0.11340 0.46875 0.12371 0.02750
0 0.11856 0.44250 0.13402 0.03000
0 0.11856 0.41750 0.11340 0.02500
0 0.11856 0.39000 0.13402 0.03000
0 0.13402 0.36125 0.12371 0.02750
0 0.12887 0.33750 0.13402 0.03000
0 0.14433 0.31250 0.14433 0.02500
0 0.14433 0.28625 0.16495 0.03250
0 0.20619 0.60250 0.16495 0.03500
0 0.21650 0.57500 0.16495 0.03500
0 0.22165 0.54500 0.17526 0.03000
0 0.21649 0.51875 0.14433 0.02750
0 0.22165 0.49250 0.15464 0.03500
0 0.24227 0.46500 0.15464 0.03000
0 0.23711 0.43750 0.14433 0.03000
0 0.23711 0.41500 0.16495 0.03000
0 0.24742 0.38625 0.16495 0.03250
0 0.25773 0.36000 0.16495 0.03000
0 0.26289 0.33500 0.17526 0.03000
0 0.27835 0.30625 0.14433 0.03250
0 0.27835 0.27625 0.16495 0.03250
0 0.35567 0.62000 0.17526 0.03000
0 0.37113 0.58875 0.18557 0.03250
0 0.36598 0.55875 0.17526 0.03250
0 0.37113 0.53250 0.18557 0.03000
0 0.37629 0.50500 0.17526 0.03000
0 0.38660 0.47750 0.17526 0.03000
0 0.39175 0.45375 0.18557 0.02750
0 0.38660 0.42500 0.19588 0.03500
0 0.39691 0.39875 0.19588 0.02750
0 0.40722 0.37250 0.17526 0.03000
0 0.41237 0.34375 0.18557 0.03250
0 0.41237 0.31375 0.16495 0.03250
0 0.41237 0.28750 0.16495 0.03000
0 0.53608 0.61625 0.18557 0.03250
0 0.54639 0.58625 0.18557 0.03250
0 0.53608 0.55750 0.18557 0.03000
0 0.54639 0.53250 0.16495 0.02500
0 0.55155 0.50625 0.19588 0.03250
0 0.55670 0.48125 0.20619 0.03250
0 0.57217 0.45250 0.17526 0.03000
0 0.57732 0.42375 0.18557 0.03250
0 0.57732 0.39375 0.18557 0.03250
0 0.57217 0.36750 0.15464 0.03000
0 0.57732 0.34000 0.16495 0.03000
0 0.57217 0.31625 0.15464 0.02750
0 0.57217 0.29000 0.17526 0.03000
0 0.09794 0.25250 0.05155 0.03500
0 0.16495 0.25500 0.12371 0.03500
0 0.11340 0.22500 0.06186 0.03000
0 0.11856 0.19625 0.07216 0.02750
0 0.13917 0.16250 0.09278 0.03000
0 0.15979 0.13875 0.07216 0.02750
0 0.17526 0.22750 0.14433 0.03000
0 0.18041 0.19875 0.11340 0.03250
0 0.20103 0.17000 0.11340 0.03000
0 0.20619 0.14250 0.10309 0.03000
0 0.28866 0.24625 0.14433 0.03250
0 0.28866 0.21875 0.12371 0.02250
0 0.30412 0.19250 0.15464 0.03000
0 0.32474 0.16125 0.17526 0.03250
0 0.91237 0.26750 0.09278 0.02500
0 0.92268 0.24125 0.11340 0.02750
0 0.92783 0.21750 0.10309 0.03000
0 0.92783 0.19000 0.10309 0.03000
0 0.90206 0.16250 0.09278 0.03000
0 0.90206 0.13500 0.09278 0.02500
0 0.83505 0.27125 0.12371 0.02750
0 0.84021 0.24750 0.11340 0.03000
0 0.84021 0.21875 0.11340 0.03250
0 0.84536 0.19125 0.12371 0.03250
0 0.83505 0.16500 0.08247 0.02500
0 0.80928 0.13875 0.11340 0.03250
0 0.71649 0.27250 0.13402 0.02500
0 0.72165 0.24750 0.16495 0.03000
0 0.72680 0.22000 0.17526 0.03500
0 0.72165 0.19125 0.14433 0.02750
0 0.72680 0.16375 0.15464 0.03250
0 0.71134 0.13750 0.12371 0.03000
0 0.41237 0.23250 0.16495 0.03000
0 0.42268 0.26000 0.18557 0.03000
0 0.57732 0.26250 0.20619 0.03000
0 0.56701 0.23500 0.20619 0.03000
0 0.42268 0.20500 0.18557 0.03000
0 0.57732 0.20625 0.18557 0.03250
0 0.43299 0.17750 0.14433 0.02500
0 0.58763 0.17625 0.18557 0.03250
0 0.60825 0.14375 0.16495 0.03250
0 0.45876 0.14875 0.15464 0.03250
0 0.32990 0.13625 0.18557 0.02750
0 0.17526 0.11125 0.08247 0.03250
0 0.22680 0.11125 0.10309 0.02750
0 0.36083 0.11000 0.16495 0.03000
0 0.86083 0.10750 0.11340 0.03500
0 0.78350 0.11250 0.10309 0.03000
0 0.70103 0.11125 0.10309 0.02750
0 0.61340 0.11500 0.11340 0.03000
0 0.48454 0.12000 0.18557 0.03500
0 0.49484 0.08875 0.18557 0.03250
