0 0.23021 0.36168 0.01667 0.02273
0 0.21901 0.34404 0.01615 0.02194
0 0.20885 0.32524 0.01771 0.02038
0 0.19766 0.30760 0.01510 0.01959
0 0.18984 0.29193 0.00990 0.01489
0 0.22760 0.32445 0.02292 0.02978
0 0.21693 0.30839 0.02448 0.03056
0 0.20651 0.28918 0.02448 0.03448
0 0.20026 0.27469 0.01406 0.02273
0 0.23021 0.28997 0.02500 0.03762
0 0.21224 0.23002 0.00469 0.01176
0 0.22188 0.26998 0.02813 0.03527
0 0.21276 0.25118 0.02448 0.03840
0 0.23490 0.23864 0.02708 0.03683
0 0.22370 0.21787 0.02240 0.03605
0 0.24375 0.20219 0.02396 0.03605
0 0.23568 0.18417 0.01927 0.03762
0 0.25703 0.17281 0.02448 0.03527
0 0.25052 0.15360 0.01771 0.03762
0 0.26146 0.13480 0.01875 0.03292
0 0.25495 0.12226 0.01198 0.02665
0 0.27708 0.21081 0.02292 0.03448
0 0.26719 0.19318 0.02396 0.03683
0 0.30000 0.21121 0.02083 0.03056
0 0.28958 0.19553 0.01979 0.03056
0 0.27917 0.17555 0.02187 0.03605
0 0.27005 0.15439 0.02344 0.03448
0 0.30703 0.19005 0.01823 0.02743
0 0.29792 0.17163 0.01875 0.02978
0 0.29010 0.15047 0.01875 0.03135
0 0.27838 0.13166 0.01719 0.02978
0 0.31458 0.17751 0.01667 0.02429
0 0.30625 0.16027 0.01562 0.02900
0 0.29635 0.14224 0.01146 0.02743
0 0.28776 0.12813 0.00885 0.01803
0 0.26745 0.11834 0.01302 0.01411
0 0.26797 0.39890 0.01823 0.02665
0 0.25781 0.38049 0.01979 0.02900
0 0.24766 0.36129 0.02135 0.02821
0 0.27370 0.36834 0.02865 0.03605
0 0.26302 0.34757 0.02812 0.03683
0 0.25286 0.32798 0.02656 0.03370
0 0.30885 0.27312 0.02292 0.03213
0 0.29922 0.25000 0.02344 0.03605
0 0.28854 0.23198 0.02604 0.04389
0 0.30990 0.22884 0.01875 0.02978
0 0.27422 0.31661 0.02344 0.03448
0 0.26693 0.29663 0.02448 0.03997
0 0.25625 0.27625 0.02708 0.03683
0 0.29479 0.30212 0.02396 0.03683
0 0.28516 0.27978 0.02760 0.04075
0 0.27526 0.25862 0.02448 0.03762
0 0.26510 0.23981 0.02396 0.03762
0 0.25443 0.22140 0.02552 0.03840
0 0.24505 0.25745 0.02448 0.03840
0 0.24219 0.30799 0.02708 0.03762
0 0.23750 0.34248 0.02292 0.03135
0 0.24141 0.37970 0.01615 0.01959
0 0.25156 0.39851 0.01563 0.02116
0 0.26224 0.41575 0.00990 0.01803
0 0.31510 0.29545 0.02500 0.03762
0 0.33880 0.29546 0.02240 0.03135
0 0.32917 0.27821 0.02083 0.03448
0 0.32005 0.25392 0.02135 0.03762
0 0.34662 0.27194 0.01927 0.03448
0 0.33958 0.25157 0.01875 0.03135
0 0.35547 0.26097 0.01302 0.02508
0 0.36406 0.25823 0.00833 0.01646
0 0.35443 0.24177 0.00677 0.01489
0 0.34505 0.24099 0.01406 0.03056
0 0.33516 0.21669 0.01510 0.02586
0 0.32865 0.22884 0.02083 0.03135
0 0.31875 0.20886 0.01875 0.02273
0 0.32422 0.19553 0.01719 0.02743
0 0.33359 0.20102 0.00573 0.01019
0 0.34453 0.22296 0.00573 0.01019
0 0.29766 0.46748 0.01719 0.02743
0 0.28672 0.44279 0.01615 0.02508
0 0.30573 0.45102 0.02500 0.03213
0 0.29609 0.42829 0.02344 0.03056
0 0.28620 0.40439 0.02344 0.03448
0 0.30026 0.37892 0.02448 0.03527
0 0.29375 0.35698 0.01562 0.02900
0 0.31250 0.34757 0.02500 0.03527
0 0.32682 0.31740 0.02552 0.03762
0 0.30521 0.32602 0.02083 0.03292
0 0.28542 0.33503 0.02187 0.03683
0 0.28125 0.38166 0.01562 0.02194
0 0.27604 0.42241 0.01875 0.02978
0 0.27214 0.43574 0.01302 0.02194
0 0.28385 0.45455 0.01146 0.02038
0 0.33490 0.33777 0.02188 0.03292
0 0.34766 0.31975 0.02135 0.03918
0 0.35703 0.34052 0.02135 0.03213
0 0.37578 0.33464 0.01823 0.03135
0 0.36719 0.31387 0.01771 0.03213
0 0.35912 0.28840 0.01927 0.03605
0 0.38307 0.32171 0.01510 0.02586
0 0.37500 0.30172 0.01458 0.02978
0 0.36615 0.28056 0.01667 0.03135
0 0.37578 0.28017 0.00677 0.01803
0 0.38516 0.30368 0.00781 0.01959
0 0.39349 0.32014 0.00781 0.01489
0 0.31797 0.42359 0.02240 0.03527
0 0.30911 0.40165 0.02552 0.03683
0 0.32187 0.36677 0.02187 0.03762
0 0.32838 0.44671 0.02344 0.03292
0 0.31667 0.47140 0.02187 0.02743
0 0.30911 0.48393 0.01719 0.02273
0 0.30547 0.49216 0.01302 0.01881
0 0.31979 0.50705 0.01667 0.02665
0 0.32682 0.49373 0.02240 0.02978
0 0.34870 0.53723 0.01927 0.02429
0 0.34818 0.49177 0.02344 0.03370
0 0.35651 0.51489 0.02135 0.03605
0 0.36823 0.53409 0.02188 0.03213
0 0.37552 0.50549 0.02292 0.03448
0 0.36797 0.48354 0.02031 0.03292
0 0.35938 0.46082 0.02292 0.03762
0 0.34870 0.43613 0.02552 0.03370
0 0.33906 0.41536 0.02500 0.03448
0 0.36979 0.43221 0.01979 0.03213
0 0.36120 0.40831 0.02240 0.03605
0 0.35208 0.38519 0.02188 0.03683
0 0.37344 0.38597 0.02292 0.03370
0 0.36615 0.36246 0.02188 0.03840
0 0.34453 0.35893 0.02552 0.04075
0 0.32943 0.39067 0.02344 0.03683
0 0.33828 0.46865 0.02240 0.03762
0 0.33776 0.51489 0.02031 0.02821
0 0.33229 0.52547 0.01667 0.02273
0 0.34062 0.54114 0.01146 0.01803
0 0.35104 0.55995 0.01667 0.02116
0 0.36042 0.55603 0.01354 0.02273
0 0.37839 0.55603 0.02344 0.03370
0 0.38620 0.52665 0.01823 0.02978
0 0.39740 0.54702 0.02188 0.02978
0 0.40677 0.51685 0.02396 0.03840
0 0.39740 0.49961 0.02396 0.03527
0 0.38828 0.47727 0.02135 0.03605
0 0.37943 0.45415 0.01927 0.03370
0 0.38203 0.40752 0.02448 0.03762
0 0.39115 0.43064 0.02396 0.03840
0 0.39948 0.45298 0.02292 0.03448
0 0.40964 0.47649 0.02344 0.03762
0 0.42213 0.49569 0.02448 0.03370
0 0.42943 0.46434 0.01719 0.03527
0 0.42005 0.44514 0.01927 0.03292
0 0.41198 0.42712 0.01875 0.02978
0 0.40391 0.40400 0.02135 0.03370
0 0.39427 0.38205 0.02083 0.03213
0 0.38516 0.35776 0.01927 0.03527
0 0.39271 0.34013 0.01562 0.02978
0 0.40182 0.36129 0.01823 0.02978
0 0.41172 0.38362 0.01510 0.03056
0 0.42005 0.40909 0.01406 0.03135
0 0.42917 0.43221 0.01771 0.03213
0 0.44401 0.45611 0.01823 0.03135
0 0.40338 0.34012 0.00677 0.01724
0 0.41380 0.36207 0.00781 0.01881
0 0.42188 0.38362 0.00729 0.02116
0 0.43047 0.40596 0.01198 0.02665
0 0.43932 0.42633 0.01406 0.02978
0 0.44740 0.43770 0.01771 0.02429
0 0.45859 0.45729 0.01302 0.02429
0 0.41875 0.53096 0.02083 0.03683
0 0.40964 0.56309 0.02240 0.03527
0 0.39349 0.57680 0.02344 0.03292
0 0.37474 0.57719 0.01510 0.01959
0 0.36250 0.57798 0.01979 0.02586
0 0.37370 0.59679 0.01198 0.02116
0 0.38490 0.61481 0.01354 0.01803
0 0.38464 0.59561 0.02031 0.02665
0 0.40443 0.59796 0.02135 0.02821
0 0.39661 0.61560 0.02031 0.02273
0 0.40104 0.63401 0.01667 0.01881
0 0.41068 0.63205 0.02240 0.01959
0 0.41667 0.58582 0.02396 0.03056
0 0.41615 0.61560 0.02292 0.03213
0 0.42083 0.64303 0.02187 0.02273
0 0.42995 0.55329 0.02344 0.04075
0 0.43854 0.57288 0.02187 0.03605
0 0.43672 0.60031 0.02760 0.02821
0 0.43307 0.62657 0.02240 0.02743
0 0.44271 0.64577 0.02292 0.02821
0 0.42734 0.66066 0.02135 0.02665
0 0.43594 0.67986 0.01042 0.01646
0 0.44583 0.67398 0.02396 0.02978
0 0.44505 0.53840 0.01823 0.03292
0 0.43516 0.51646 0.02240 0.03762
0 0.45208 0.50823 0.01458 0.03527
0 0.44037 0.48472 0.01823 0.03527
0 0.45625 0.48041 0.01667 0.03135
0 0.46719 0.50313 0.01979 0.03448
0 0.46901 0.47727 0.01094 0.02038
0 0.47604 0.48354 0.00521 0.00470
0 0.47995 0.49804 0.01302 0.02429
0 0.49063 0.52351 0.00938 0.02038
0 0.48906 0.50744 0.00729 0.01332
0 0.47813 0.52312 0.01875 0.03213
0 0.46042 0.53056 0.01875 0.03448
0 0.45287 0.56191 0.02135 0.03605
0 0.46016 0.58425 0.02552 0.03213
0 0.48177 0.57837 0.01979 0.03135
0 0.47031 0.55251 0.01979 0.03762
0 0.48828 0.54937 0.01927 0.03762
0 0.49948 0.55212 0.01146 0.02586
0 0.49948 0.53370 0.01042 0.02351
0 0.50651 0.55525 0.00573 0.02116
0 0.48776 0.63793 0.02656 0.03135
0 0.48333 0.62147 0.02396 0.03292
0 0.48724 0.59953 0.00677 0.01411
0 0.47135 0.60502 0.02500 0.03605
0 0.45391 0.61716 0.02240 0.03683
0 0.46458 0.63754 0.02396 0.03370
0 0.45885 0.66379 0.02813 0.02821
0 0.45365 0.69201 0.02292 0.02038
0 0.45990 0.70298 0.01562 0.01881
0 0.46823 0.67594 0.02292 0.03370
0 0.47422 0.70886 0.01719 0.02743
0 0.48620 0.66379 0.02448 0.03135
0 0.48021 0.69161 0.02500 0.03213
0 0.48672 0.73315 0.01823 0.02273
0 0.49062 0.71552 0.01771 0.02821
0 0.50052 0.66419 0.01562 0.03370
0 0.50000 0.60619 0.02292 0.03370
0 0.50807 0.62382 0.02240 0.03135
0 0.49766 0.57759 0.01823 0.02978
0 0.50755 0.58542 0.00781 0.01254
0 0.51120 0.57641 0.01302 0.02586
0 0.51693 0.59953 0.01302 0.02351
0 0.52526 0.61991 0.01302 0.02978
0 0.52031 0.64969 0.01979 0.03448
0 0.53411 0.64851 0.01302 0.03370
0 0.51016 0.67868 0.02344 0.03605
0 0.51250 0.71473 0.02708 0.03762
0 0.53516 0.70690 0.02135 0.03762
0 0.52734 0.68339 0.02031 0.03762
0 0.54167 0.67437 0.01458 0.03213
0 0.54792 0.68456 0.00625 0.01646
0 0.54974 0.70886 0.01510 0.03213
0 0.50599 0.73472 0.02135 0.02429
0 0.50599 0.75118 0.02031 0.01803
0 0.52656 0.73825 0.02292 0.03135
0 0.52734 0.76136 0.02344 0.02429
0 0.54427 0.73668 0.01354 0.02508
0 0.55130 0.73080 0.00677 0.01959
