0 0.97031 0.00278 0.01042 0.00556
0 0.94687 0.00486 0.01250 0.00972
0 0.95781 0.01910 0.02292 0.03819
0 0.97682 0.01111 0.01719 0.02222
0 0.98620 0.01910 0.01406 0.03264
0 0.97005 0.02917 0.02135 0.03333
0 0.97552 0.04757 0.02187 0.03819
0 0.99193 0.02708 0.01615 0.04722
0 0.98958 0.06493 0.02083 0.03403
0 0.63411 0.00556 0.01198 0.01111
0 0.00599 0.00903 0.01198 0.01806
0 0.96250 0.05833 0.02083 0.01389
0 0.95495 0.04410 0.02656 0.02153
0 0.94687 0.02708 0.01875 0.01667
0 0.93932 0.01076 0.02135 0.02153
0 0.69063 0.36910 0.01354 0.02986
0 0.68620 0.34097 0.01198 0.02778
0 0.67787 0.31354 0.01615 0.03125
0 0.67370 0.28472 0.01406 0.03056
0 0.66953 0.25903 0.01615 0.02361
0 0.66458 0.23403 0.01354 0.02778
0 0.65990 0.21042 0.01771 0.02917
0 0.65521 0.19271 0.01771 0.01875
0 0.65052 0.17882 0.01458 0.01875
0 0.64714 0.15694 0.01510 0.02500
0 0.64427 0.13715 0.01667 0.02431
0 0.63984 0.11389 0.01615 0.02500
0 0.63698 0.09410 0.02083 0.02847
0 0.63594 0.07292 0.01771 0.02361
0 0.63333 0.04063 0.01771 0.05069
0 0.63385 0.01701 0.00833 0.01181
0 0.65729 0.02326 0.03229 0.04653
0 0.65912 0.04201 0.03281 0.04236
0 0.66172 0.06597 0.03698 0.06111
0 0.66719 0.07708 0.03542 0.04306
0 0.66693 0.10139 0.04115 0.06528
0 0.67396 0.11771 0.04167 0.04931
0 0.67708 0.14236 0.04792 0.05278
0 0.68229 0.16146 0.04792 0.06597
0 0.68854 0.17708 0.04479 0.05694
0 0.69323 0.20069 0.05417 0.06667
0 0.69557 0.22847 0.05156 0.06667
0 0.70182 0.25729 0.05260 0.06458
0 0.70964 0.28299 0.05885 0.06458
0 0.71536 0.30625 0.05885 0.06944
0 0.72292 0.33924 0.06146 0.06181
0 0.72812 0.36806 0.05937 0.07083
0 0.73307 0.40382 0.05677 0.06597
0 0.74115 0.44306 0.06250 0.07639
0 0.75130 0.48681 0.06510 0.06111
0 0.75651 0.52847 0.06406 0.07639
0 0.76615 0.57986 0.06354 0.08472
0 0.77370 0.62813 0.05156 0.06042
0 0.78412 0.68299 0.05260 0.07431
0 0.79453 0.74132 0.05885 0.08958
0 0.81198 0.81215 0.07292 0.09514
0 0.66302 0.87535 0.11979 0.09792
0 0.76016 0.89167 0.08281 0.07639
0 0.82630 0.88576 0.06719 0.10208
0 0.84167 0.95208 0.06562 0.07778
0 0.99505 0.09132 0.00990 0.02847
0 0.97656 0.08194 0.03958 0.04167
0 0.98333 0.10833 0.03333 0.02917
0 0.99010 0.12917 0.01979 0.01944
0 0.99453 0.14792 0.01094 0.02083
0 0.90443 0.01146 0.05156 0.02292
0 0.91276 0.01701 0.05677 0.03403
0 0.92057 0.03646 0.05990 0.03264
0 0.93047 0.06215 0.05677 0.04236
0 0.94193 0.09410 0.05260 0.04514
0 0.95469 0.12188 0.05208 0.03681
0 0.96979 0.14931 0.05208 0.03611
0 0.98073 0.17014 0.03854 0.03194
0 0.81068 0.00833 0.02760 0.01667
0 0.84609 0.01806 0.07240 0.03611
0 0.85755 0.04167 0.06823 0.05694
0 0.87292 0.07326 0.06875 0.07569
0 0.88854 0.09444 0.06875 0.04722
0 0.89245 0.12535 0.07344 0.06736
0 0.90156 0.14896 0.07396 0.06042
0 0.73412 0.01007 0.02344 0.02014
0 0.75625 0.01285 0.03333 0.02569
0 0.77422 0.03056 0.06823 0.06111
0 0.78594 0.04618 0.07604 0.07153
0 0.79349 0.06493 0.07865 0.06597
0 0.80156 0.08715 0.08021 0.06181
0 0.80651 0.11146 0.08281 0.06875
0 0.81406 0.13368 0.08646 0.07153
0 0.82109 0.16806 0.08594 0.08611
0 0.92031 0.16458 0.08542 0.05694
0 0.98073 0.20590 0.03854 0.05347
0 0.98958 0.23646 0.02083 0.04236
0 0.99635 0.26667 0.00729 0.02222
0 0.92396 0.19861 0.08438 0.05694
0 0.93594 0.23264 0.08750 0.07083
0 0.94948 0.27014 0.09271 0.07361
0 0.95625 0.30451 0.08750 0.06597
0 0.96172 0.35104 0.07656 0.09514
0 0.97057 0.39201 0.05885 0.07292
0 0.97552 0.43611 0.04896 0.07361
0 0.83854 0.18125 0.08333 0.05833
0 0.83724 0.21840 0.10052 0.07986
0 0.84427 0.24653 0.09687 0.08889
0 0.86224 0.27569 0.08594 0.07639
0 0.86823 0.31875 0.08750 0.08333
0 0.87917 0.35694 0.09062 0.08333
0 0.89271 0.39583 0.09896 0.08750
0 0.90208 0.44236 0.10313 0.08611
0 0.91068 0.49618 0.11198 0.09375
0 0.97865 0.48993 0.04271 0.07986
0 0.99297 0.61597 0.01406 0.04444
0 0.98307 0.55799 0.03385 0.07569
0 0.92292 0.54861 0.10729 0.09444
0 0.93854 0.61667 0.10938 0.10694
0 0.95104 0.68264 0.09792 0.11111
0 0.96146 0.76215 0.07708 0.12153
0 0.97526 0.83958 0.04948 0.10833
0 0.98594 0.93021 0.02812 0.10069
0 0.98073 0.98264 0.03021 0.03472
0 0.68099 0.01562 0.02240 0.03125
0 0.69818 0.02535 0.04635 0.05069
0 0.70391 0.03646 0.04844 0.06458
0 0.71432 0.04444 0.05781 0.06111
0 0.71172 0.07361 0.05469 0.06111
0 0.72370 0.09167 0.05885 0.06806
0 0.73151 0.11701 0.06302 0.06736
0 0.73906 0.14444 0.05937 0.06528
0 0.74818 0.17639 0.05990 0.07222
0 0.74948 0.21250 0.06042 0.07917
0 0.76354 0.23403 0.06667 0.08889
0 0.77135 0.29236 0.06563 0.08333
0 0.78932 0.31806 0.07135 0.07500
0 0.79297 0.36215 0.07656 0.07986
0 0.80078 0.40556 0.08281 0.08611
0 0.81068 0.44861 0.07760 0.08333
0 0.81953 0.49340 0.07552 0.08264
0 0.82760 0.55035 0.08750 0.08819
0 0.83802 0.60799 0.09271 0.08542
0 0.85026 0.66319 0.09427 0.09306
0 0.86849 0.72778 0.10260 0.10417
0 0.88776 0.80278 0.10052 0.10139
0 0.91172 0.87222 0.11302 0.12500
0 0.92943 0.94931 0.10365 0.10139
0 0.78073 0.83819 0.01875 0.05972
0 0.80495 0.96458 0.03906 0.07083
0 0.11693 0.00799 0.03073 0.01597
0 0.03047 0.01562 0.04427 0.03125
0 0.01953 0.03229 0.03906 0.03542
0 0.08568 0.02153 0.07240 0.04306
0 0.01562 0.05729 0.03125 0.03542
0 0.01016 0.08090 0.02031 0.03542
0 0.00625 0.10833 0.01250 0.03194
0 0.07500 0.03160 0.07292 0.04514
0 0.06875 0.05799 0.07708 0.05903
0 0.06198 0.08160 0.08646 0.05625
0 0.05443 0.11875 0.09531 0.06806
0 0.04609 0.14167 0.09219 0.05833
0 0.04271 0.17083 0.08542 0.06528
0 0.04036 0.20035 0.08073 0.07847
0 0.03281 0.24583 0.06562 0.09306
0 0.02760 0.29410 0.05521 0.08958
0 0.01667 0.33715 0.03333 0.08125
0 0.00677 0.39167 0.01354 0.03611
0 0.28438 0.04826 0.01875 0.05625
0 0.29713 0.19931 0.02344 0.03889
0 0.29089 0.22951 0.02344 0.04514
0 0.28828 0.25833 0.02031 0.03194
0 0.28724 0.28021 0.02240 0.03958
0 0.28125 0.31146 0.02396 0.03681
0 0.25912 0.49167 0.01927 0.04167
0 0.27734 0.34201 0.02344 0.05764
0 0.27370 0.39062 0.02031 0.04514
0 0.26797 0.43090 0.02552 0.04514
0 0.25339 0.58924 0.02448 0.04931
0 0.24740 0.63819 0.02396 0.05833
0 0.23984 0.69028 0.03490 0.06111
0 0.23672 0.74063 0.03490 0.06458
0 0.23438 0.94931 0.04062 0.08333
0 0.23594 0.79965 0.04167 0.06319
0 0.23177 0.87431 0.03750 0.07500
0 0.30026 0.15278 0.02031 0.04444
0 0.28646 0.09618 0.04063 0.08958
0 0.28073 0.10486 0.02917 0.06944
0 0.27630 0.12882 0.02865 0.04792
0 0.27292 0.15312 0.03750 0.05764
0 0.26797 0.16701 0.04010 0.06875
0 0.26406 0.19549 0.04375 0.07014
0 0.25885 0.21562 0.04062 0.06458
0 0.25833 0.24479 0.04167 0.06597
0 0.25547 0.26875 0.04219 0.07639
0 0.24948 0.30382 0.04271 0.06181
0 0.24505 0.33681 0.04740 0.07083
0 0.24167 0.37500 0.05000 0.08611
0 0.23490 0.40868 0.04479 0.06875
0 0.23047 0.45069 0.05573 0.07222
0 0.22318 0.48854 0.05469 0.06042
0 0.21901 0.53368 0.06615 0.08542
0 0.21094 0.58299 0.06458 0.08264
0 0.20521 0.63785 0.06979 0.09375
0 0.19141 0.68611 0.06823 0.08750
0 0.18411 0.74687 0.08594 0.09236
0 0.17760 0.82014 0.08021 0.08333
0 0.17318 0.89826 0.08698 0.08403
0 0.15912 0.96875 0.07760 0.06250
0 0.26719 0.01562 0.01667 0.03125
0 0.25495 0.03472 0.04323 0.06944
0 0.23594 0.02431 0.04583 0.04861
0 0.23984 0.05382 0.05365 0.05208
0 0.23802 0.08264 0.06354 0.09167
0 0.22682 0.09306 0.06927 0.08194
0 0.21797 0.11076 0.07031 0.07986
0 0.21536 0.14201 0.06510 0.09097
0 0.20807 0.18194 0.06510 0.07361
0 0.20547 0.02257 0.02448 0.04514
0 0.17083 0.03299 0.08021 0.06597
0 0.15599 0.03438 0.07865 0.06319
0 0.15182 0.06250 0.08281 0.07917
0 0.14427 0.07014 0.08021 0.06667
0 0.14531 0.11319 0.08646 0.07917
0 0.13958 0.12986 0.07813 0.07222
0 0.13490 0.16042 0.08750 0.06667
0 0.12578 0.18993 0.08385 0.07014
0 0.20312 0.22118 0.07812 0.08681
0 0.19661 0.25278 0.07656 0.08889
0 0.19010 0.28854 0.07708 0.08681
0 0.18177 0.31632 0.07917 0.07986
0 0.18151 0.35660 0.07760 0.08819
0 0.17292 0.40312 0.08750 0.10347
0 0.12057 0.23021 0.08490 0.08958
0 0.10573 0.26250 0.08750 0.08333
0 0.09922 0.30278 0.09010 0.08472
0 0.08620 0.35104 0.09948 0.09375
0 0.06302 0.38229 0.10729 0.09514
0 0.15885 0.43819 0.08750 0.09861
0 0.15000 0.48646 0.09687 0.09792
0 0.13568 0.53993 0.10260 0.10069
0 0.05443 0.43854 0.10885 0.09653
0 0.04583 0.49167 0.09167 0.10000
0 0.03594 0.55174 0.07187 0.10069
0 0.02578 0.61701 0.05156 0.10208
0 0.12240 0.59722 0.10729 0.11250
0 0.09974 0.66562 0.12031 0.10625
0 0.09115 0.74271 0.12604 0.09792
0 0.00781 0.89340 0.01562 0.06736
0 0.05495 0.97118 0.10990 0.05764
0 0.07057 0.91007 0.13490 0.11458
0 0.07917 0.82049 0.13958 0.10903
0 0.01901 0.69965 0.03802 0.09792
0 0.01458 0.79410 0.02917 0.11181
0 0.57734 0.01319 0.05260 0.02639
0 0.58281 0.02674 0.05312 0.03819
0 0.37292 0.00764 0.02396 0.01528
0 0.36771 0.01979 0.02604 0.03125
0 0.35469 0.05139 0.02500 0.04167
0 0.34922 0.07257 0.02135 0.02431
0 0.34271 0.09792 0.02604 0.04167
0 0.33854 0.11771 0.02292 0.03264
0 0.33594 0.13924 0.02812 0.03681
0 0.33047 0.16632 0.02865 0.04097
0 0.32370 0.19722 0.02656 0.05139
0 0.32135 0.21667 0.02188 0.03333
0 0.31458 0.25035 0.03333 0.05069
0 0.30469 0.28750 0.02396 0.06111
0 0.30026 0.32326 0.02656 0.04653
0 0.29609 0.36042 0.02760 0.06111
0 0.28932 0.40382 0.02135 0.04653
0 0.28932 0.43715 0.02969 0.04097
0 0.28542 0.47743 0.03750 0.07708
0 0.28021 0.52535 0.03021 0.06597
0 0.28177 0.57153 0.03229 0.06528
0 0.27422 0.62951 0.03281 0.07014
0 0.27240 0.68333 0.03646 0.07778
0 0.27240 0.73715 0.03542 0.07292
0 0.26406 0.80556 0.03125 0.08333
0 0.26406 0.87431 0.03854 0.08472
0 0.25964 0.98958 0.01615 0.02083
0 0.26094 0.94583 0.02917 0.07361
0 0.61510 0.06667 0.01771 0.04722
0 0.62109 0.10278 0.02240 0.04861
0 0.62578 0.13889 0.02760 0.04583
0 0.62969 0.16389 0.02812 0.04722
0 0.63776 0.20312 0.03594 0.05903
0 0.64062 0.23438 0.03958 0.04792
0 0.64922 0.26806 0.04115 0.06667
0 0.64141 0.27431 0.03177 0.03056
0 0.64896 0.30417 0.04583 0.04167
0 0.65912 0.33542 0.04740 0.04583
0 0.66302 0.36806 0.05521 0.06250
0 0.67578 0.41632 0.05573 0.06736
0 0.67734 0.44861 0.06094 0.07500
0 0.68229 0.48125 0.05521 0.05417
0 0.69219 0.52778 0.06354 0.07500
0 0.70156 0.58611 0.06562 0.06250
0 0.70703 0.62986 0.06823 0.06944
0 0.71693 0.68854 0.07240 0.06319
0 0.72838 0.74931 0.07969 0.08194
0 0.73880 0.81979 0.07552 0.09514
0 0.75625 0.95278 0.08437 0.09444
0 0.39505 0.00799 0.03906 0.01597
0 0.38880 0.02639 0.04635 0.04583
0 0.38906 0.03958 0.04792 0.02639
0 0.38490 0.06319 0.05833 0.04306
0 0.37787 0.09271 0.05885 0.05764
0 0.38307 0.09896 0.05156 0.02708
0 0.37682 0.12639 0.06302 0.04583
0 0.37213 0.14722 0.06719 0.04444
0 0.36380 0.18542 0.06719 0.05139
0 0.35990 0.20903 0.05937 0.05000
0 0.34766 0.25278 0.06510 0.05417
0 0.34505 0.28681 0.06719 0.05556
0 0.34479 0.31736 0.07292 0.05972
0 0.33620 0.36632 0.08385 0.07986
0 0.33958 0.39931 0.08125 0.07917
0 0.33203 0.45799 0.08594 0.07847
0 0.32995 0.50764 0.08385 0.07500
0 0.32969 0.54653 0.07708 0.07500
0 0.32422 0.59653 0.07865 0.08611
0 0.32031 0.66042 0.08229 0.07917
0 0.30859 0.73160 0.07344 0.08819
0 0.30937 0.80035 0.08333 0.10347
0 0.30547 0.88264 0.08073 0.09444
0 0.30677 0.95417 0.09375 0.09167
0 0.42813 0.02465 0.04271 0.04931
0 0.48490 0.01319 0.04375 0.02639
0 0.45443 0.01806 0.06823 0.03472
0 0.45104 0.03681 0.07292 0.02917
0 0.44635 0.06354 0.08229 0.05764
0 0.44740 0.08542 0.08125 0.05833
0 0.44870 0.10972 0.08385 0.05278
0 0.44427 0.12743 0.07500 0.04097
0 0.43568 0.15660 0.07969 0.04236
0 0.42917 0.18958 0.08854 0.05417
0 0.42396 0.22674 0.09688 0.06736
0 0.42396 0.26701 0.09688 0.06736
0 0.42500 0.30139 0.09479 0.06111
0 0.42552 0.33854 0.10104 0.07292
0 0.41953 0.39306 0.10156 0.07778
0 0.41354 0.45660 0.09792 0.10208
0 0.41693 0.50868 0.10260 0.08819
0 0.41172 0.57569 0.10990 0.08750
0 0.58438 0.04444 0.05312 0.04722
0 0.58724 0.07014 0.04948 0.05556
0 0.58177 0.08125 0.05625 0.05000
0 0.58724 0.10556 0.04948 0.04444
0 0.58932 0.13264 0.05365 0.04306
0 0.59167 0.15868 0.05938 0.04931
0 0.59088 0.17847 0.06094 0.05694
0 0.58828 0.20104 0.06823 0.04792
0 0.59245 0.23299 0.07760 0.07431
0 0.59063 0.26007 0.07292 0.05625
0 0.59271 0.28229 0.07083 0.04097
0 0.59844 0.31528 0.07812 0.05556
0 0.60391 0.36111 0.09115 0.06111
0 0.60286 0.39340 0.09740 0.07292
0 0.60547 0.43646 0.10052 0.06181
0 0.61250 0.48264 0.10000 0.08194
0 0.62135 0.52778 0.11042 0.08611
0 0.62656 0.58993 0.10417 0.07292
0 0.62917 0.65243 0.11875 0.09097
0 0.63542 0.72604 0.12708 0.09792
0 0.65078 0.80417 0.12448 0.11111
0 0.66276 0.95625 0.13490 0.08750
0 0.52969 0.98194 0.13021 0.03611
0 0.53281 0.03194 0.05833 0.06389
0 0.51562 0.02569 0.05833 0.04167
0 0.52005 0.04375 0.06719 0.04306
0 0.52083 0.06146 0.06875 0.04792
0 0.52604 0.08299 0.07708 0.05347
0 0.52865 0.10903 0.07187 0.05417
0 0.52057 0.12847 0.08385 0.05000
0 0.51849 0.15660 0.09010 0.06597
0 0.51354 0.17604 0.08854 0.06181
0 0.51302 0.20764 0.08542 0.05556
0 0.51354 0.23993 0.08854 0.05903
0 0.51406 0.27951 0.08958 0.07014
0 0.51849 0.31806 0.09219 0.05833
0 0.51354 0.36458 0.10000 0.06528
0 0.50963 0.40556 0.09427 0.04861
0 0.50469 0.44965 0.10833 0.08264
0 0.51823 0.49167 0.10938 0.08333
0 0.51719 0.54688 0.11146 0.07292
0 0.51588 0.60312 0.12240 0.07569
0 0.51198 0.67535 0.13750 0.10069
0 0.52187 0.75937 0.13854 0.10764
0 0.52891 0.84826 0.14427 0.12708
0 0.53255 0.92500 0.14323 0.10556
0 0.40521 0.63889 0.11146 0.08750
0 0.40078 0.71493 0.12031 0.10486
0 0.40130 0.79132 0.12552 0.10764
0 0.40078 0.87743 0.13073 0.12708
0 0.40703 0.95486 0.12344 0.09028
0 0.65026 0.01354 0.02552 0.02708
