0 0.51443 0.13534 0.02771 0.02122
0 0.51819 0.15721 0.03176 0.02772
0 0.53002 0.20398 0.02079 0.02685
0 0.52194 0.21893 0.02194 0.02728
0 0.52771 0.24513 0.00693 0.01126
0 0.52367 0.27003 0.00924 0.01169
0 0.52367 0.23733 0.00924 0.01299
0 0.52107 0.25336 0.01674 0.02599
0 0.52021 0.17843 0.02540 0.01906
0 0.51184 0.19186 0.03291 0.02599
0 0.50375 0.20875 0.03753 0.02252
0 0.50635 0.23105 0.03118 0.02295
0 0.50289 0.24708 0.03118 0.02815
0 0.48672 0.15548 0.03926 0.02252
0 0.48961 0.17735 0.03926 0.02642
0 0.47950 0.20095 0.04099 0.02685
0 0.47229 0.22304 0.04619 0.02599
0 0.46969 0.24188 0.04330 0.02295
0 0.44890 0.14270 0.04330 0.01429
0 0.45294 0.15093 0.04099 0.02469
0 0.45294 0.17302 0.04561 0.02642
0 0.43909 0.18579 0.04330 0.02252
0 0.44111 0.20550 0.04273 0.02036
0 0.43447 0.23170 0.04215 0.01906
0 0.42927 0.24838 0.04677 0.02209
0 0.40329 0.16262 0.01212 0.01169
0 0.42032 0.15829 0.02887 0.02295
0 0.39319 0.18233 0.02540 0.02858
0 0.41455 0.17475 0.03233 0.02122
0 0.38279 0.20507 0.02309 0.01949
0 0.40849 0.19272 0.02945 0.01559
0 0.40589 0.20442 0.03349 0.01559
0 0.37616 0.22326 0.02598 0.01949
0 0.36807 0.24145 0.02714 0.02122
0 0.40329 0.21958 0.03522 0.01992
0 0.39607 0.23712 0.03464 0.01862
0 0.36057 0.26223 0.02598 0.02122
0 0.39059 0.25357 0.03868 0.01689
0 0.34815 0.29623 0.02309 0.00866
0 0.35364 0.28281 0.02945 0.02079
0 0.35017 0.30295 0.02829 0.01602
0 0.34180 0.31724 0.02425 0.01776
0 0.34353 0.33369 0.03580 0.01602
0 0.33487 0.34842 0.02194 0.01516
0 0.33083 0.36293 0.02887 0.01472
0 0.32448 0.37765 0.02194 0.01906
0 0.31986 0.39411 0.02540 0.01472
0 0.31813 0.40970 0.02425 0.01992
0 0.31293 0.42681 0.02425 0.01516
0 0.29446 0.50585 0.01963 0.00953
0 0.31034 0.44218 0.02367 0.01559
0 0.30687 0.45648 0.02021 0.01473
0 0.30369 0.47142 0.02309 0.01516
0 0.30081 0.48593 0.02425 0.01472
0 0.30167 0.50108 0.02367 0.01559
0 0.29532 0.51667 0.02367 0.01646
0 0.29561 0.53248 0.02309 0.01602
0 0.28811 0.54677 0.02079 0.01602
0 0.28464 0.57731 0.01963 0.01386
0 0.28580 0.56258 0.02425 0.01819
0 0.38193 0.27090 0.04099 0.02209
0 0.37962 0.29277 0.03984 0.02512
0 0.36807 0.31702 0.03406 0.02945
0 0.36316 0.34322 0.03811 0.02295
0 0.35768 0.35968 0.04330 0.02209
0 0.34844 0.37744 0.03637 0.01689
0 0.34555 0.39303 0.03753 0.01516
0 0.34238 0.41035 0.04157 0.01689
0 0.33863 0.42638 0.04099 0.01602
0 0.33632 0.44153 0.04099 0.01602
0 0.33401 0.45734 0.04099 0.01559
0 0.32939 0.47250 0.03753 0.02079
0 0.32737 0.48787 0.03811 0.01776
0 0.32448 0.50238 0.03464 0.01559
0 0.31899 0.51689 0.03406 0.01516
0 0.31755 0.53205 0.03118 0.01776
0 0.31264 0.54894 0.03753 0.01776
0 0.31005 0.56236 0.03464 0.01689
0 0.30774 0.57796 0.03811 0.01602
0 0.51876 0.27696 0.00751 0.00823
0 0.50924 0.26678 0.02309 0.01732
0 0.51617 0.28844 0.01848 0.01906
0 0.51068 0.30684 0.02483 0.01862
0 0.51068 0.32287 0.02367 0.01689
0 0.50866 0.33997 0.02771 0.01732
0 0.50837 0.35535 0.02483 0.01949
0 0.50404 0.36986 0.02425 0.01906
0 0.49596 0.43027 0.01848 0.01083
0 0.50231 0.38761 0.02540 0.01472
0 0.50116 0.40277 0.02425 0.01559
0 0.49625 0.41880 0.02483 0.01732
0 0.49221 0.44478 0.01790 0.01039
0 0.48932 0.43547 0.02367 0.01949
0 0.48557 0.45712 0.02309 0.02295
0 0.48585 0.47466 0.02252 0.01992
0 0.48326 0.49112 0.02425 0.01992
0 0.47864 0.52014 0.01963 0.01299
0 0.48124 0.51061 0.02252 0.01906
0 0.47662 0.53508 0.02136 0.01689
0 0.49769 0.27479 0.03464 0.02728
0 0.49249 0.29407 0.03580 0.02252
0 0.48932 0.31139 0.03291 0.01819
0 0.48816 0.32806 0.03522 0.02036
0 0.48499 0.34712 0.03464 0.02122
0 0.48152 0.36379 0.03695 0.01992
0 0.47719 0.38285 0.03637 0.01992
0 0.47431 0.39866 0.03984 0.01862
0 0.46911 0.41057 0.04215 0.02252
0 0.46824 0.42724 0.03811 0.01862
0 0.46593 0.44240 0.03464 0.02036
0 0.46420 0.45907 0.03580 0.01646
0 0.46103 0.47293 0.03984 0.01819
0 0.45699 0.48787 0.03522 0.01689
0 0.45843 0.50455 0.03580 0.02079
0 0.45352 0.52014 0.03984 0.01992
0 0.45266 0.53660 0.03580 0.01819
0 0.47200 0.25855 0.04099 0.01819
0 0.46305 0.27783 0.04273 0.02642
0 0.45583 0.29840 0.04330 0.02252
0 0.44833 0.31572 0.04908 0.02252
0 0.44631 0.33174 0.04850 0.01906
0 0.44342 0.34755 0.04734 0.02122
0 0.43938 0.36119 0.03811 0.01559
0 0.44140 0.37246 0.03984 0.01732
0 0.43389 0.38610 0.04677 0.02555
0 0.42898 0.40862 0.04619 0.02122
0 0.42292 0.42659 0.05139 0.02339
0 0.42436 0.44500 0.04850 0.01862
0 0.42234 0.46016 0.04330 0.01776
0 0.41686 0.47575 0.04503 0.01862
0 0.41657 0.49069 0.04792 0.01992
0 0.41137 0.50866 0.04908 0.01862
0 0.41080 0.52447 0.04677 0.01819
0 0.40762 0.53811 0.04503 0.01949
0 0.42234 0.26527 0.04446 0.02469
0 0.41744 0.28086 0.04619 0.02036
0 0.41166 0.29818 0.04157 0.01862
0 0.40156 0.31485 0.04215 0.02339
0 0.39867 0.33283 0.04330 0.02036
0 0.39694 0.35448 0.03868 0.02036
0 0.38857 0.37246 0.04273 0.01819
0 0.38943 0.39000 0.04561 0.01949
0 0.38164 0.40515 0.04388 0.01862
0 0.37731 0.42204 0.03868 0.01516
0 0.37702 0.43785 0.04619 0.01646
0 0.37356 0.45258 0.04503 0.01732
0 0.37038 0.46838 0.04446 0.01602
0 0.36634 0.48506 0.04446 0.01732
0 0.36230 0.50043 0.04677 0.02036
0 0.36230 0.51624 0.05023 0.01819
0 0.35797 0.53270 0.04965 0.02252
0 0.35393 0.54656 0.04965 0.01906
0 0.28089 0.59138 0.02021 0.01776
0 0.27685 0.60611 0.01328 0.01429
0 0.27281 0.62213 0.02021 0.01949
0 0.26963 0.63534 0.02079 0.01386
0 0.26703 0.64963 0.02598 0.01646
0 0.26328 0.66544 0.02194 0.01602
0 0.30167 0.59355 0.03868 0.01862
0 0.29590 0.60871 0.03753 0.01949
0 0.29475 0.62430 0.03637 0.01862
0 0.29070 0.63989 0.03291 0.01689
0 0.28724 0.65699 0.03406 0.01819
0 0.28695 0.67388 0.03695 0.02512
0 0.47431 0.55327 0.02252 0.01689
0 0.47171 0.56843 0.02309 0.01516
0 0.46796 0.58424 0.01905 0.01559
0 0.46334 0.59918 0.02367 0.01862
0 0.46074 0.64097 0.01386 0.00953
0 0.45756 0.63036 0.02367 0.01429
0 0.45670 0.61802 0.02540 0.02252
0 0.45583 0.64855 0.02367 0.02209
0 0.44833 0.55219 0.03868 0.01732
0 0.44573 0.56778 0.03811 0.01559
0 0.44371 0.58207 0.03984 0.01906
0 0.43967 0.59658 0.03753 0.01862
0 0.43418 0.61260 0.04042 0.01949
0 0.43014 0.62841 0.04157 0.01559
0 0.43101 0.64422 0.04215 0.02122
0 0.35364 0.56150 0.05139 0.01862
0 0.34931 0.57579 0.05196 0.01949
0 0.34180 0.59268 0.04850 0.01862
0 0.33603 0.60719 0.04965 0.01992
0 0.33458 0.62235 0.05600 0.02165
0 0.32996 0.63794 0.05139 0.01906
0 0.32361 0.65418 0.04792 0.01949
0 0.32506 0.67194 0.05543 0.02295
0 0.32159 0.68861 0.05543 0.02079
0 0.40156 0.55219 0.04908 0.02079
0 0.40589 0.57016 0.05081 0.01776
0 0.40012 0.58272 0.05196 0.02122
0 0.39203 0.59766 0.05312 0.02425
0 0.38626 0.61347 0.05196 0.02209
0 0.38597 0.62993 0.05139 0.02209
0 0.37962 0.64530 0.05716 0.02252
0 0.42292 0.66046 0.04677 0.02165
0 0.37413 0.65916 0.05312 0.02252
0 0.44544 0.71503 0.01674 0.01559
0 0.44717 0.66847 0.02829 0.02036
0 0.44342 0.68601 0.02771 0.01646
0 0.44659 0.70117 0.02483 0.01646
0 0.41859 0.67952 0.03811 0.02339
0 0.37587 0.67605 0.05312 0.01646
0 0.37500 0.69121 0.05716 0.01819
0 0.41801 0.70312 0.03926 0.02642
0 0.43418 0.72001 0.03118 0.02122
0 0.43995 0.75162 0.00808 0.01776
0 0.42927 0.73690 0.04099 0.01862
0 0.42494 0.75466 0.03002 0.02036
0 0.42754 0.77544 0.01443 0.02382
0 0.40964 0.77415 0.03406 0.03075
0 0.39261 0.80165 0.03695 0.02079
0 0.39752 0.72217 0.04330 0.02209
0 0.39607 0.74231 0.04157 0.02252
0 0.36865 0.70723 0.05600 0.02339
0 0.35162 0.71914 0.05196 0.02555
0 0.35046 0.74036 0.05427 0.02209
0 0.34209 0.76158 0.05023 0.02555
0 0.33285 0.78129 0.06409 0.02339
0 0.31524 0.79645 0.05543 0.02079
0 0.35768 0.80186 0.04099 0.02209
0 0.38106 0.79039 0.04273 0.02685
0 0.38626 0.76418 0.04965 0.02728
0 0.25260 0.67822 0.01905 0.01646
0 0.27483 0.68601 0.03695 0.02685
0 0.30976 0.69944 0.05023 0.02339
0 0.23874 0.72802 0.01905 0.01213
0 0.24827 0.71330 0.02771 0.02425
0 0.25837 0.69705 0.03522 0.02295
0 0.27800 0.71113 0.03522 0.02425
0 0.24423 0.77696 0.01039 0.01213
0 0.25866 0.77891 0.02194 0.02036
0 0.28435 0.77912 0.03753 0.02685
0 0.23528 0.75184 0.01328 0.02079
0 0.24567 0.73668 0.02945 0.02165
0 0.26963 0.73170 0.03926 0.02555
0 0.30745 0.72304 0.04446 0.02469
0 0.30312 0.74275 0.04850 0.02252
0 0.29821 0.76462 0.04330 0.02815
0 0.24682 0.75942 0.02714 0.02642
0 0.26588 0.75682 0.03291 0.02642
