0 0.37689 0.33047 0.03556 0.04219
0 0.36133 0.30625 0.03289 0.02812
0 0.34267 0.28633 0.04178 0.03359
0 0.32044 0.26250 0.03289 0.03125
0 0.29689 0.24531 0.03378 0.03125
0 0.27067 0.22695 0.02933 0.02578
0 0.26622 0.24375 0.02933 0.02656
0 0.27733 0.26797 0.03556 0.02969
0 0.29556 0.28594 0.03111 0.03125
0 0.23644 0.24023 0.03200 0.02734
0 0.24178 0.26250 0.03200 0.02969
0 0.21378 0.26133 0.02933 0.02422
0 0.21378 0.28555 0.02933 0.02891
0 0.22711 0.30859 0.03111 0.03125
0 0.24844 0.28477 0.02933 0.02578
0 0.26667 0.30937 0.03556 0.04063
0 0.24044 0.33164 0.03111 0.02891
0 0.25689 0.35156 0.03200 0.02969
0 0.28756 0.33164 0.03644 0.03516
0 0.31511 0.30703 0.03822 0.04219
0 0.33156 0.33164 0.03733 0.03984
0 0.30222 0.36016 0.04267 0.03594
0 0.27156 0.37852 0.03289 0.03047
0 0.31511 0.38516 0.03467 0.04063
0 0.28133 0.40430 0.03822 0.03984
0 0.30933 0.46094 0.03556 0.04219
0 0.29422 0.43477 0.05156 0.03984
0 0.34800 0.44219 0.04356 0.03437
0 0.33467 0.41406 0.05067 0.04844
0 0.34578 0.36016 0.04267 0.03750
0 0.44222 0.40859 0.04533 0.03594
0 0.42489 0.38672 0.04267 0.03594
0 0.40089 0.36328 0.04800 0.04219
0 0.38533 0.41094 0.05067 0.04219
0 0.36667 0.38516 0.03467 0.04375
0 0.40622 0.43320 0.05333 0.04297
0 0.36711 0.46250 0.05511 0.04688
0 0.38933 0.56680 0.04978 0.04297
0 0.36978 0.54062 0.04978 0.04688
0 0.35200 0.51484 0.05156 0.04219
0 0.33289 0.48672 0.03289 0.04375
0 0.39067 0.49062 0.05067 0.04531
0 0.46844 0.42578 0.04978 0.04062
0 0.50133 0.45117 0.04978 0.04922
0 0.55244 0.49688 0.05778 0.05000
0 0.52711 0.47422 0.05333 0.04688
0 0.48178 0.51016 0.05333 0.05312
0 0.42711 0.45547 0.05600 0.04688
0 0.46089 0.47813 0.05600 0.05156
0 0.41644 0.51133 0.05067 0.04766
0 0.45644 0.56602 0.05067 0.04297
0 0.43733 0.54062 0.05689 0.04531
0 0.61067 0.62773 0.05156 0.04453
0 0.58533 0.60898 0.05600 0.04609
0 0.57911 0.52656 0.05067 0.04844
0 0.61778 0.58125 0.03733 0.03750
0 0.59600 0.55000 0.04533 0.04688
0 0.56044 0.58359 0.05422 0.04844
0 0.53111 0.55898 0.05422 0.05078
0 0.50711 0.53477 0.05600 0.04766
0 0.63822 0.65039 0.05689 0.04766
0 0.68933 0.69687 0.04889 0.04531
0 0.66133 0.67539 0.05689 0.05078
0 0.66089 0.74063 0.05422 0.04688
0 0.63111 0.72422 0.05867 0.04688
0 0.58000 0.72266 0.02933 0.02188
0 0.60978 0.69805 0.05511 0.04609
0 0.58044 0.67656 0.05689 0.05156
0 0.55111 0.65352 0.05511 0.05234
0 0.54933 0.70508 0.03911 0.03047
0 0.52178 0.68359 0.03733 0.03281
0 0.49333 0.66250 0.03378 0.04063
0 0.41289 0.59062 0.03644 0.04062
0 0.46844 0.64141 0.04622 0.04219
0 0.43600 0.61602 0.04889 0.04609
0 0.48178 0.58828 0.05511 0.04688
0 0.52933 0.62930 0.05067 0.04609
0 0.50667 0.61016 0.04978 0.04375
0 0.72711 0.77578 0.05511 0.04531
0 0.69289 0.75625 0.05422 0.05000
0 0.71778 0.72109 0.03289 0.03125
0 0.75111 0.75234 0.04444 0.04531
0 0.75289 0.79492 0.05156 0.04297
0 0.77867 0.81406 0.04978 0.04844
0 0.81111 0.83359 0.03644 0.04688
0 0.83644 0.85508 0.03022 0.03359
