0 0.99010 0.07383 0.01354 0.01641
0 0.97526 0.07031 0.01719 0.01719
0 0.95807 0.06055 0.01823 0.02891
0 0.94297 0.05078 0.01823 0.03281
0 0.92552 0.04336 0.01979 0.03047
0 0.90807 0.03242 0.02448 0.02891
0 0.79974 0.00352 0.01094 0.00703
0 0.82161 0.00313 0.01510 0.00625
0 0.83464 0.00430 0.01302 0.00859
0 0.82396 0.01250 0.01771 0.01875
0 0.81016 0.01016 0.01510 0.02031
0 0.84505 0.00820 0.01719 0.01641
0 0.83802 0.01836 0.01667 0.02109
0 0.86016 0.01172 0.01615 0.02344
0 0.85156 0.02344 0.01667 0.01719
0 0.87630 0.01094 0.01719 0.02187
0 0.88724 0.02031 0.01302 0.02187
0 0.88880 0.03594 0.01302 0.01406
0 0.87786 0.02930 0.01094 0.01641
0 0.86719 0.02812 0.01562 0.02031
0 0.99661 0.11094 0.00677 0.01562
0 0.98906 0.10547 0.01562 0.01406
0 0.97474 0.09609 0.01094 0.01094
0 0.99505 0.09258 0.00990 0.02266
0 0.98516 0.08672 0.01823 0.02500
0 0.96901 0.08203 0.01927 0.02344
0 0.95260 0.07734 0.01875 0.02500
0 0.93438 0.06992 0.02083 0.02266
0 0.82213 0.02539 0.01302 0.02578
0 0.83490 0.03164 0.01771 0.02109
0 0.85599 0.03672 0.02135 0.02188
0 0.87396 0.04219 0.01667 0.02188
0 0.88984 0.04961 0.01927 0.02109
0 0.91875 0.06641 0.02500 0.03125
0 0.90547 0.06055 0.01615 0.03047
0 0.77057 0.27461 0.02135 0.02578
0 0.79036 0.26953 0.02344 0.02969
0 0.77474 0.26055 0.02135 0.02109
0 0.83073 0.27734 0.02188 0.03281
0 0.81042 0.29414 0.02188 0.03047
0 0.81172 0.26875 0.02240 0.03125
0 0.84818 0.29023 0.01615 0.03203
0 0.83906 0.30234 0.02396 0.03750
0 0.86354 0.29336 0.01979 0.02734
0 0.88099 0.29961 0.01927 0.02891
0 0.86380 0.31758 0.02448 0.03359
0 0.88307 0.32500 0.02240 0.03594
0 0.89844 0.30352 0.01875 0.02266
0 0.89948 0.33125 0.01771 0.03750
0 0.91302 0.35391 0.01667 0.02031
0 0.92526 0.36367 0.01406 0.02109
0 0.94089 0.36836 0.01719 0.02422
0 0.96068 0.37500 0.02031 0.01875
0 0.97344 0.38320 0.01562 0.02266
0 0.99583 0.39453 0.00833 0.01875
0 0.98802 0.39062 0.01458 0.02031
0 0.91562 0.31133 0.01771 0.02891
0 0.91484 0.33711 0.01823 0.03203
0 0.93047 0.31563 0.01615 0.02969
0 0.92969 0.34570 0.01875 0.03828
0 0.94661 0.35039 0.01927 0.04141
0 0.94609 0.31758 0.01927 0.03359
0 0.96276 0.35664 0.01719 0.03359
0 0.97917 0.36133 0.01771 0.03984
0 0.99245 0.36953 0.01510 0.03750
0 0.96328 0.32500 0.02135 0.03437
0 0.97865 0.32734 0.01979 0.03438
0 0.99219 0.33242 0.01562 0.04609
