0 0.17754 0.37982 0.00635 0.00780
0 0.16946 0.35860 0.00751 0.00606
0 0.17234 0.36379 0.00982 0.00693
0 0.17898 0.36834 0.01039 0.00563
0 0.20958 0.39433 0.00808 0.00650
0 0.20785 0.38805 0.01155 0.00780
0 0.18620 0.39758 0.01328 0.00693
0 0.18562 0.39108 0.01328 0.00693
0 0.18216 0.38545 0.01097 0.00606
0 0.18880 0.38003 0.01963 0.00996
0 0.19573 0.38610 0.01732 0.00909
0 0.19775 0.39454 0.01790 0.00866
0 0.18880 0.40342 0.01039 0.00909
0 0.18880 0.40927 0.00808 0.00693
0 0.19226 0.41771 0.00924 0.00736
0 0.19573 0.41468 0.01270 0.00736
0 0.19890 0.40775 0.01443 0.00823
0 0.20092 0.40082 0.01617 0.00823
0 0.19544 0.42529 0.00866 0.01039
0 0.19659 0.43309 0.00635 0.00780
0 0.20641 0.45409 0.01212 0.00909
0 0.20554 0.44630 0.01270 0.00823
0 0.21363 0.44305 0.01732 0.00866
0 0.22517 0.44327 0.00808 0.00823
0 0.21824 0.45020 0.01617 0.00909
0 0.22950 0.47791 0.01328 0.00390
0 0.22373 0.47293 0.01443 0.00780
0 0.21998 0.46709 0.01617 0.00823
0 0.21998 0.45907 0.02079 0.00953
0 0.23528 0.47207 0.01559 0.00780
0 0.23614 0.46016 0.01501 0.00736
0 0.23383 0.46535 0.01501 0.00909
0 0.25404 0.46081 0.01963 0.00866
0 0.27252 0.45777 0.02540 0.00866
0 0.27627 0.46405 0.00635 0.00909
0 0.26761 0.46600 0.01905 0.01126
0 0.24452 0.47640 0.02021 0.00780
0 0.24971 0.46752 0.01790 0.01169
0 0.14867 0.29796 0.00866 0.00693
0 0.15271 0.30338 0.01212 0.00650
0 0.21911 0.37917 0.01328 0.00563
0 0.23297 0.35838 0.02021 0.00996
0 0.22950 0.36531 0.01905 0.00996
0 0.21622 0.37246 0.02136 0.01126
0 0.19890 0.36206 0.01212 0.01299
0 0.20872 0.36726 0.01790 0.01039
0 0.21420 0.36076 0.02079 0.01039
0 0.21305 0.35297 0.02194 0.01039
0 0.22921 0.35253 0.01039 0.00606
0 0.22575 0.34842 0.01039 0.00823
0 0.21420 0.34257 0.01386 0.00953
0 0.20294 0.34993 0.01674 0.01126
0 0.19082 0.35232 0.01328 0.01343
0 0.18389 0.33283 0.00751 0.00736
0 0.18938 0.34062 0.01270 0.01169
0 0.16282 0.30922 0.01386 0.01039
0 0.17234 0.31442 0.01097 0.00693
0 0.18938 0.32612 0.01386 0.00866
0 0.17927 0.32027 0.01790 0.00909
0 0.20208 0.33997 0.01732 0.00953
0 0.19544 0.33261 0.01674 0.00780
0 0.22113 0.32027 0.01155 0.00823
0 0.22027 0.30858 0.00751 0.00736
0 0.21478 0.31312 0.01501 0.00953
0 0.21796 0.29580 0.00520 0.00693
0 0.21016 0.29060 0.01617 0.00693
0 0.21074 0.28302 0.01270 0.00996
0 0.20930 0.27350 0.00635 0.00823
0 0.20323 0.27479 0.01039 0.00563
0 0.20381 0.28107 0.01155 0.00866
0 0.21305 0.30424 0.01270 0.00909
0 0.21103 0.29645 0.01212 0.00823
0 0.19919 0.29493 0.01501 0.00953
0 0.19024 0.29775 0.02021 0.00996
0 0.19688 0.30424 0.01386 0.00736
0 0.20583 0.30836 0.01559 0.01039
0 0.17667 0.28930 0.01501 0.01039
0 0.19197 0.28844 0.02136 0.01039
0 0.18880 0.28151 0.02079 0.00780
0 0.16975 0.28259 0.01848 0.00996
0 0.18909 0.27544 0.02136 0.01039
0 0.19861 0.26787 0.01848 0.00909
0 0.19197 0.25292 0.01674 0.00953
0 0.19833 0.25920 0.01328 0.00909
0 0.19371 0.26223 0.01674 0.00736
0 0.16455 0.26960 0.01501 0.00736
0 0.17898 0.26483 0.01848 0.00909
0 0.17927 0.27241 0.01790 0.01126
0 0.16455 0.27588 0.01732 0.00953
0 0.89492 0.72694 0.00808 0.00390
0 0.90271 0.72694 0.00982 0.00390
0 0.82159 0.73798 0.00924 0.00260
0 0.83054 0.73777 0.01559 0.00303
0 0.83430 0.73603 0.01155 0.00303
0 0.84267 0.73452 0.01328 0.00346
0 0.86403 0.73170 0.01212 0.00563
0 0.78839 0.73127 0.01097 0.00996
0 0.79706 0.73213 0.01212 0.01169
0 0.76848 0.71589 0.00924 0.01559
0 0.77656 0.71871 0.01501 0.01862
0 0.78233 0.71784 0.01617 0.01862
0 0.78782 0.71784 0.01328 0.01689
0 0.79359 0.71784 0.01443 0.01776
0 0.80572 0.73213 0.02136 0.01343
0 0.81322 0.73084 0.01905 0.01256
0 0.82159 0.73084 0.01848 0.01169
0 0.80254 0.71806 0.01732 0.01646
0 0.82794 0.72910 0.01963 0.01169
0 0.81033 0.71654 0.01905 0.01776
0 0.81380 0.71589 0.01559 0.01559
0 0.81669 0.71546 0.01443 0.01559
0 0.83372 0.72650 0.01501 0.01343
0 0.82448 0.71503 0.01963 0.01732
0 0.84238 0.72694 0.01963 0.01256
0 0.85190 0.72651 0.02252 0.01256
0 0.86663 0.72542 0.01386 0.00953
0 0.87587 0.72629 0.01155 0.00866
0 0.88453 0.72650 0.01501 0.00909
0 0.83372 0.71351 0.01617 0.01516
0 0.84209 0.71395 0.01790 0.01689
0 0.84786 0.71395 0.01905 0.01429
0 0.85479 0.71373 0.01097 0.01386
0 0.86403 0.71373 0.02367 0.01819
0 0.87154 0.71286 0.01674 0.01819
0 0.88020 0.71481 0.01790 0.01689
0 0.89088 0.71849 0.01848 0.01473
0 0.89723 0.71871 0.01386 0.01429
0 0.90704 0.72152 0.02079 0.01472
0 0.91801 0.72152 0.02771 0.01386
0 0.94428 0.71849 0.02136 0.01906
0 0.89001 0.64638 0.01212 0.00476
0 0.95208 0.64942 0.00924 0.00476
0 0.96247 0.65245 0.01039 0.00390
0 0.96853 0.65483 0.01674 0.00693
0 0.97719 0.65786 0.02136 0.00866
0 0.90358 0.64422 0.02309 0.00996
0 0.91397 0.64768 0.02887 0.01343
0 0.92437 0.64963 0.02887 0.01126
0 0.93389 0.65158 0.02829 0.01083
0 0.93678 0.65396 0.02598 0.00953
0 0.94630 0.65678 0.02771 0.01083
0 0.95150 0.66111 0.03002 0.01169
0 0.76703 0.70160 0.00866 0.02165
0 0.77021 0.69879 0.00577 0.01256
0 0.77425 0.70182 0.00924 0.01862
0 0.78262 0.70290 0.01443 0.02079
0 0.77800 0.68385 0.01097 0.01732
0 0.78406 0.69944 0.01039 0.01473
0 0.79272 0.67085 0.00462 0.00346
0 0.79908 0.66825 0.00924 0.00866
0 0.78464 0.68233 0.01386 0.02036
0 0.78984 0.68255 0.01386 0.01992
0 0.79330 0.70052 0.01732 0.01949
0 0.79359 0.68190 0.01097 0.01862
0 0.79677 0.69922 0.01501 0.01949
0 0.79590 0.68060 0.00982 0.01689
0 0.80312 0.66782 0.00462 0.00866
0 0.80947 0.66566 0.01155 0.01213
0 0.81380 0.66544 0.01212 0.01169
0 0.81669 0.66479 0.00520 0.00866
0 0.82217 0.66284 0.00693 0.00996
0 0.82650 0.66176 0.00751 0.01039
0 0.83141 0.66089 0.01155 0.01126
0 0.83516 0.66089 0.00982 0.01126
0 0.84325 0.66003 0.01328 0.01299
0 0.80139 0.67973 0.01155 0.01689
0 0.80658 0.67973 0.01039 0.01602
0 0.80889 0.67843 0.01039 0.01776
0 0.81409 0.67692 0.01270 0.01819
0 0.82159 0.67627 0.01386 0.01949
0 0.82737 0.67627 0.01155 0.01949
0 0.83401 0.67518 0.01674 0.01906
0 0.80139 0.69749 0.01270 0.02036
0 0.80543 0.69771 0.01155 0.02079
0 0.80947 0.69814 0.01155 0.01906
0 0.81524 0.69705 0.01617 0.02209
0 0.81899 0.69662 0.01559 0.02036
0 0.82131 0.69489 0.01328 0.02036
0 0.82794 0.69684 0.01501 0.01906
0 0.83112 0.69467 0.01097 0.02165
0 0.83458 0.69402 0.00520 0.01602
0 0.84036 0.69727 0.01212 0.02079
0 0.83949 0.67692 0.01501 0.02165
0 0.85422 0.65808 0.01559 0.01602
0 0.85537 0.65829 0.00866 0.01299
0 0.86201 0.65656 0.01039 0.01473
0 0.84325 0.67605 0.00982 0.01906
0 0.84786 0.67453 0.00982 0.01862
0 0.85335 0.67367 0.01386 0.02036
0 0.84382 0.69662 0.01328 0.02036
0 0.84960 0.69532 0.01790 0.02382
0 0.85479 0.69532 0.01905 0.02122
0 0.85508 0.69316 0.01270 0.01949
0 0.86114 0.69446 0.00982 0.01862
0 0.86692 0.69597 0.00866 0.01992
0 0.87211 0.69749 0.00982 0.01862
0 0.88135 0.70117 0.01328 0.02079
0 0.88713 0.70160 0.01328 0.02079
0 0.89752 0.70463 0.01212 0.01992
0 0.90185 0.70528 0.01039 0.01862
0 0.91080 0.70788 0.01443 0.01862
0 0.86143 0.67453 0.01617 0.02209
0 0.87240 0.67648 0.02079 0.02425
0 0.87846 0.67908 0.01443 0.02599
0 0.88251 0.67973 0.01328 0.02382
0 0.89088 0.68060 0.01617 0.02209
0 0.89550 0.68363 0.01270 0.02555
0 0.90012 0.68406 0.01386 0.02469
0 0.90733 0.68320 0.01790 0.02209
0 0.91253 0.68991 0.02021 0.02599
0 0.86721 0.65678 0.01270 0.01689
0 0.87587 0.65569 0.02309 0.01646
0 0.87558 0.65743 0.01443 0.01472
0 0.88857 0.65721 0.02771 0.01776
0 0.89203 0.66046 0.01848 0.01646
0 0.89723 0.66154 0.02194 0.01776
0 0.90618 0.66306 0.02136 0.01819
0 0.91340 0.66371 0.02309 0.01689
0 0.92437 0.66739 0.02425 0.01819
0 0.92696 0.67388 0.02252 0.02079
0 0.93072 0.67497 0.01963 0.01689
0 0.91859 0.69359 0.02079 0.02036
0 0.92263 0.71135 0.02079 0.01776
0 0.98412 0.66652 0.03176 0.01819
0 0.95525 0.66674 0.02945 0.01343
0 0.93678 0.67908 0.02714 0.01732
0 0.93331 0.68926 0.02021 0.02209
0 0.95439 0.67973 0.02425 0.01602
0 0.98095 0.67410 0.03002 0.01169
0 0.97546 0.68579 0.03176 0.02295
0 0.94169 0.69814 0.02309 0.02425
0 0.95930 0.69857 0.02945 0.02252
