0 0.72083 0.70273 0.00625 0.01172
0 0.71510 0.71211 0.00625 0.01484
0 0.73568 0.65703 0.00365 0.02031
0 0.73177 0.66953 0.00625 0.02344
0 0.72734 0.67617 0.00573 0.02109
0 0.72396 0.68398 0.00833 0.02578
0 0.67344 0.61367 0.00417 0.00703
0 0.69974 0.59805 0.01302 0.00703
0 0.69037 0.60391 0.01406 0.00781
0 0.68099 0.61133 0.01510 0.01172
0 0.72578 0.60742 0.00990 0.00859
0 0.71458 0.60430 0.01667 0.01484
0 0.70599 0.60859 0.02135 0.01719
0 0.69740 0.61367 0.02083 0.01797
0 0.72969 0.62148 0.01250 0.02266
0 0.72162 0.62109 0.01510 0.02031
0 0.73125 0.64180 0.01146 0.02266
0 0.72865 0.64844 0.01146 0.03438
0 0.71563 0.62812 0.01875 0.02656
0 0.72266 0.65625 0.01302 0.03281
0 0.70807 0.63242 0.01927 0.02578
0 0.71719 0.65898 0.01250 0.03359
0 0.68854 0.61914 0.01979 0.01484
0 0.70312 0.63633 0.01667 0.02422
0 0.67292 0.62148 0.01354 0.01016
0 0.67865 0.62578 0.01771 0.01562
0 0.66354 0.63086 0.01146 0.01016
0 0.65677 0.63945 0.01250 0.00859
0 0.64766 0.64766 0.00990 0.00781
0 0.67135 0.63477 0.01667 0.01641
0 0.65990 0.64258 0.01667 0.01328
0 0.69037 0.63555 0.02344 0.02109
0 0.70729 0.65820 0.01771 0.02734
0 0.68958 0.64727 0.02188 0.01953
0 0.67500 0.64883 0.01562 0.01641
0 0.67109 0.65195 0.02031 0.01328
0 0.72083 0.68984 0.00729 0.02969
0 0.71510 0.68672 0.01146 0.02969
0 0.70495 0.67148 0.01615 0.03047
0 0.69479 0.66953 0.01667 0.02969
0 0.68750 0.67031 0.01875 0.02656
0 0.64141 0.65469 0.00781 0.00781
0 0.64766 0.65391 0.01094 0.01094
0 0.65755 0.65586 0.02031 0.01484
0 0.67526 0.66992 0.01927 0.02578
0 0.63646 0.66328 0.01146 0.01094
0 0.64662 0.66562 0.01719 0.01562
0 0.66276 0.67070 0.02240 0.02109
0 0.62839 0.67383 0.00990 0.01016
0 0.64115 0.67383 0.02083 0.01641
0 0.63411 0.68125 0.02135 0.01406
0 0.71224 0.70195 0.00990 0.03047
0 0.70573 0.69687 0.01146 0.02656
0 0.69818 0.69570 0.01510 0.02734
0 0.68880 0.69414 0.01510 0.02578
0 0.67474 0.69023 0.01823 0.02266
0 0.65781 0.68477 0.02083 0.02734
0 0.65391 0.69063 0.02031 0.02188
0 0.64531 0.69531 0.01979 0.02344
0 0.70807 0.72266 0.00885 0.02656
0 0.70547 0.72383 0.00990 0.02891
0 0.69948 0.72383 0.01250 0.03047
0 0.68646 0.76211 0.00937 0.01016
0 0.69271 0.75039 0.01667 0.02422
0 0.69297 0.74297 0.01302 0.02969
0 0.68828 0.71523 0.01719 0.03047
0 0.67578 0.71250 0.01719 0.02969
0 0.66432 0.71172 0.01927 0.02656
0 0.65234 0.71367 0.02135 0.02422
0 0.61458 0.69023 0.00521 0.00859
0 0.62578 0.68750 0.02031 0.01406
0 0.63229 0.69883 0.01771 0.01797
0 0.61797 0.70195 0.02448 0.01641
0 0.61068 0.71211 0.02344 0.01641
0 0.59844 0.72070 0.01667 0.01484
0 0.64115 0.71680 0.01771 0.02266
0 0.63099 0.71797 0.02135 0.02188
0 0.61875 0.72148 0.02083 0.01797
0 0.60938 0.72930 0.01667 0.01953
0 0.58880 0.73164 0.01094 0.00859
0 0.59766 0.73438 0.01719 0.01406
0 0.58412 0.74141 0.01510 0.01250
0 0.68620 0.74102 0.01510 0.03203
0 0.68125 0.74375 0.00833 0.03438
0 0.67500 0.74219 0.01146 0.03594
0 0.66641 0.74102 0.01719 0.03516
0 0.65495 0.74141 0.02031 0.03281
0 0.64922 0.74336 0.01719 0.03203
0 0.63984 0.74063 0.01927 0.02812
0 0.62630 0.74414 0.02344 0.03359
0 0.61771 0.74727 0.02083 0.02422
0 0.60391 0.74844 0.01927 0.02188
0 0.68047 0.76406 0.00469 0.00781
0 0.67474 0.76289 0.00885 0.01172
0 0.66771 0.76211 0.01042 0.01172
0 0.66016 0.76211 0.01094 0.01172
0 0.65495 0.76367 0.01094 0.01016
0 0.64245 0.76055 0.01823 0.01641
0 0.59063 0.75078 0.01667 0.02188
0 0.57865 0.74805 0.00937 0.00703
0 0.57552 0.75547 0.01562 0.01719
0 0.62734 0.76367 0.01198 0.01484
0 0.61615 0.76289 0.01562 0.01641
0 0.60260 0.76289 0.01562 0.01641
0 0.58750 0.76445 0.01771 0.01484
0 0.56927 0.76484 0.01562 0.01562
0 0.63698 0.76484 0.01042 0.00937
0 0.57448 0.76875 0.01875 0.01094
0 0.55964 0.76719 0.00573 0.00469
0 0.55807 0.77227 0.01198 0.01016
0 0.28568 0.61055 0.01198 0.00859
0 0.29297 0.61836 0.01510 0.01016
0 0.29713 0.62656 0.01615 0.00937
0 0.30052 0.63398 0.01771 0.01172
0 0.30547 0.64336 0.02031 0.01797
0 0.26693 0.60312 0.01094 0.01250
0 0.27266 0.60898 0.01719 0.01641
0 0.27734 0.61641 0.01719 0.01406
0 0.28099 0.62734 0.01719 0.01719
0 0.28359 0.63750 0.01719 0.02031
0 0.28620 0.64648 0.01823 0.02266
0 0.29115 0.65469 0.01979 0.02188
0 0.22943 0.63125 0.00885 0.02969
0 0.23385 0.63828 0.01146 0.02656
0 0.24088 0.68047 0.01198 0.02344
0 0.23594 0.65586 0.01146 0.03047
0 0.24323 0.65664 0.01042 0.03516
0 0.24922 0.68516 0.00781 0.02812
0 0.25651 0.69453 0.00990 0.02344
0 0.23854 0.60703 0.01250 0.01719
0 0.25208 0.60312 0.01979 0.01719
0 0.23984 0.61836 0.01406 0.02109
0 0.25521 0.60938 0.01771 0.02031
0 0.24479 0.63125 0.01146 0.02500
0 0.25573 0.63008 0.02396 0.04297
0 0.25313 0.65937 0.01458 0.02656
0 0.25755 0.67148 0.01406 0.02734
0 0.26172 0.68516 0.01198 0.02344
0 0.26458 0.62930 0.01771 0.02422
0 0.26667 0.64492 0.01875 0.02422
0 0.26927 0.65820 0.01771 0.02891
0 0.26380 0.71133 0.00885 0.01797
0 0.27135 0.72187 0.00729 0.01250
0 0.27891 0.73359 0.00990 0.01719
0 0.27448 0.67031 0.01771 0.02812
0 0.26771 0.69805 0.01250 0.02734
0 0.27292 0.70781 0.01042 0.02500
0 0.28047 0.71641 0.01406 0.02969
0 0.28620 0.72930 0.00990 0.02891
0 0.28854 0.74688 0.00729 0.01875
0 0.29662 0.75859 0.00990 0.01406
0 0.29401 0.74375 0.01198 0.02187
0 0.30339 0.76406 0.01198 0.02344
0 0.28021 0.67773 0.01875 0.02734
0 0.28307 0.68906 0.01823 0.02656
0 0.28906 0.69922 0.01562 0.02656
0 0.29401 0.70977 0.01406 0.02578
0 0.29766 0.72148 0.01510 0.03047
0 0.30365 0.73750 0.01562 0.02812
0 0.30859 0.74961 0.01406 0.02266
0 0.31172 0.76406 0.00885 0.02344
0 0.32109 0.64805 0.00781 0.01172
0 0.30990 0.65117 0.01771 0.02109
0 0.29557 0.66406 0.01823 0.02344
0 0.30104 0.67422 0.02083 0.02656
0 0.30495 0.68555 0.01927 0.02734
0 0.30911 0.69609 0.01823 0.02656
0 0.31250 0.70859 0.01771 0.03281
0 0.31693 0.72148 0.01823 0.03047
0 0.32031 0.73633 0.01875 0.03047
0 0.32448 0.75391 0.01979 0.03281
0 0.32943 0.76250 0.01823 0.02969
0 0.33307 0.77344 0.01510 0.03125
0 0.33958 0.77773 0.01667 0.02578
0 0.35234 0.67852 0.00781 0.01016
0 0.35625 0.68320 0.00833 0.00703
0 0.32734 0.65313 0.01302 0.01250
0 0.33281 0.65859 0.01458 0.01250
0 0.33802 0.66602 0.01250 0.01016
0 0.34036 0.67461 0.01302 0.01797
0 0.34427 0.68359 0.01458 0.01875
0 0.31406 0.65625 0.01354 0.01875
0 0.31849 0.66562 0.01510 0.01875
0 0.32396 0.67500 0.02083 0.02188
0 0.32682 0.68281 0.01927 0.02188
0 0.33021 0.69492 0.01979 0.02578
0 0.33385 0.70625 0.02083 0.02656
0 0.33620 0.71992 0.02135 0.03047
0 0.33958 0.73203 0.01979 0.02812
0 0.34609 0.73906 0.02344 0.02812
0 0.34948 0.75078 0.02187 0.03125
0 0.35469 0.76211 0.02187 0.03516
0 0.36198 0.76914 0.01979 0.02891
0 0.36042 0.68945 0.00938 0.00859
0 0.34922 0.69102 0.01510 0.01484
0 0.36667 0.69492 0.01458 0.01328
0 0.35208 0.70039 0.01667 0.01797
0 0.37083 0.70469 0.01458 0.01250
0 0.35573 0.71289 0.01979 0.02578
0 0.36120 0.72227 0.01719 0.02734
0 0.37630 0.71133 0.01302 0.01328
0 0.38229 0.71875 0.01458 0.01562
0 0.38672 0.72734 0.01719 0.01406
0 0.39479 0.73594 0.01667 0.01719
0 0.40156 0.74609 0.01562 0.02031
0 0.41198 0.75000 0.00833 0.00937
0 0.40495 0.75664 0.01406 0.01953
0 0.41667 0.75625 0.00938 0.01094
0 0.42422 0.76289 0.00885 0.01016
0 0.41146 0.76562 0.01667 0.02031
0 0.36719 0.73008 0.01875 0.02891
0 0.37187 0.73984 0.01979 0.02656
0 0.37891 0.74648 0.02031 0.02422
0 0.38359 0.75703 0.02344 0.02812
0 0.38958 0.76836 0.02292 0.02734
0 0.36641 0.77695 0.01719 0.02266
0 0.31068 0.78008 0.00677 0.01016
0 0.31745 0.77695 0.00885 0.01641
0 0.32370 0.78242 0.00885 0.01172
0 0.34740 0.78359 0.01146 0.01250
0 0.37240 0.78281 0.01354 0.01250
0 0.42266 0.78008 0.01198 0.00547
0 0.43359 0.77773 0.01198 0.01016
0 0.42891 0.77266 0.01094 0.01250
0 0.41771 0.77500 0.01562 0.01562
0 0.40338 0.78164 0.00885 0.00859
0 0.39609 0.77617 0.02135 0.01953
0 0.54453 0.76992 0.01510 0.01484
0 0.53385 0.76250 0.01563 0.01562
0 0.53021 0.77188 0.01458 0.01406
0 0.52474 0.75625 0.01302 0.01406
0 0.45078 0.77695 0.00469 0.01484
0 0.44740 0.76367 0.00729 0.01328
0 0.44271 0.74336 0.01250 0.01641
0 0.44740 0.75273 0.00833 0.01953
0 0.44375 0.73203 0.01354 0.01562
0 0.44531 0.71992 0.01250 0.01328
0 0.44740 0.70859 0.01042 0.01250
0 0.43672 0.71875 0.01198 0.02188
0 0.44505 0.69687 0.01198 0.01719
0 0.43594 0.70391 0.01458 0.01875
0 0.43516 0.68828 0.01094 0.01719
0 0.42865 0.69648 0.00937 0.01641
0 0.42656 0.68125 0.01042 0.01562
0 0.49062 0.65508 0.01875 0.02578
0 0.47760 0.65195 0.01146 0.01172
0 0.46146 0.66602 0.01562 0.02109
0 0.46615 0.65781 0.01562 0.02500
0 0.46042 0.77734 0.01771 0.01250
0 0.45495 0.76680 0.00990 0.01641
0 0.46745 0.77188 0.01615 0.01875
0 0.45234 0.74102 0.00781 0.01328
0 0.45338 0.75039 0.00781 0.01953
0 0.45391 0.73008 0.00781 0.01641
0 0.45260 0.71406 0.00625 0.01875
0 0.46510 0.75625 0.01771 0.01875
0 0.46354 0.74219 0.01562 0.01875
0 0.46094 0.72266 0.01458 0.02188
0 0.45807 0.69336 0.01198 0.03828
0 0.48463 0.77891 0.01615 0.00781
0 0.48333 0.76914 0.01979 0.02109
0 0.48177 0.75937 0.01979 0.01875
0 0.48021 0.74609 0.01875 0.01719
0 0.47682 0.73398 0.02031 0.01797
0 0.47500 0.72227 0.01771 0.01797
0 0.47135 0.70977 0.01979 0.01797
0 0.46927 0.67852 0.01562 0.01484
0 0.47135 0.69375 0.02083 0.01875
0 0.50885 0.68711 0.00417 0.01172
0 0.50651 0.67734 0.00365 0.01406
0 0.50000 0.66602 0.01042 0.01797
0 0.51302 0.71289 0.00625 0.02422
0 0.51641 0.76992 0.01302 0.02266
0 0.50104 0.76953 0.01979 0.02188
0 0.51172 0.75039 0.01302 0.02109
0 0.51198 0.73594 0.01042 0.02500
0 0.50859 0.72891 0.01094 0.02500
0 0.50625 0.71797 0.01250 0.03125
0 0.50260 0.69922 0.01458 0.02969
0 0.49844 0.68555 0.01562 0.02734
0 0.50052 0.75156 0.01771 0.02188
0 0.49661 0.74453 0.01719 0.02187
0 0.49505 0.73164 0.01719 0.02109
0 0.49193 0.71992 0.01823 0.02109
0 0.48854 0.70703 0.01667 0.02031
0 0.49245 0.67070 0.01510 0.02578
0 0.48412 0.68516 0.01510 0.02812
0 0.47708 0.66602 0.01667 0.02266
0 0.41901 0.67422 0.00573 0.01250
0 0.41510 0.66367 0.00729 0.01641
0 0.42135 0.68789 0.00729 0.01953
0 0.42813 0.71289 0.00521 0.01172
0 0.42734 0.72031 0.00781 0.00781
0 0.42995 0.73047 0.01094 0.01406
0 0.43463 0.74258 0.00990 0.01328
0 0.43854 0.75625 0.01250 0.01562
0 0.44297 0.76953 0.01302 0.01562
0 0.44401 0.77813 0.01094 0.01094
0 0.43359 0.76758 0.01094 0.01328
0 0.42578 0.75391 0.01615 0.01719
0 0.42162 0.73984 0.01927 0.01719
0 0.40495 0.73086 0.01615 0.01641
0 0.41719 0.72695 0.01771 0.01328
0 0.41771 0.71445 0.02083 0.01484
0 0.41667 0.70273 0.01979 0.01797
0 0.41042 0.69141 0.01562 0.01562
0 0.41042 0.67930 0.01667 0.01953
0 0.40807 0.66562 0.01719 0.01719
0 0.41224 0.65000 0.00573 0.01875
0 0.40781 0.63672 0.00417 0.01250
0 0.40286 0.63867 0.01302 0.01484
0 0.40573 0.65117 0.01562 0.01484
0 0.40000 0.62656 0.01354 0.01562
0 0.38620 0.70938 0.01198 0.01406
0 0.38099 0.69766 0.01406 0.01406
0 0.40052 0.71758 0.01875 0.01641
0 0.39740 0.70273 0.01979 0.01797
0 0.39453 0.68711 0.02031 0.02266
0 0.39557 0.66953 0.01927 0.01719
0 0.39297 0.65547 0.01510 0.01406
0 0.39193 0.64062 0.01510 0.01562
0 0.38724 0.62852 0.01823 0.01797
0 0.37656 0.68555 0.01875 0.01484
0 0.37734 0.67148 0.02031 0.01797
0 0.37787 0.65664 0.02031 0.01484
0 0.37552 0.64336 0.02187 0.02109
0 0.37083 0.63242 0.01667 0.01953
0 0.34896 0.66758 0.00729 0.00859
0 0.34427 0.65937 0.00729 0.01094
0 0.34062 0.65078 0.01354 0.01875
0 0.36224 0.68125 0.01198 0.00938
0 0.36146 0.66523 0.01875 0.02422
0 0.35625 0.65352 0.01979 0.02578
0 0.35417 0.63359 0.01875 0.02812
0 0.32578 0.64023 0.00990 0.01328
0 0.33724 0.63984 0.01615 0.02031
0 0.32344 0.63086 0.01042 0.01641
0 0.39766 0.61211 0.00990 0.01641
0 0.38776 0.61328 0.01719 0.01562
0 0.39271 0.59727 0.01354 0.01797
0 0.38880 0.58477 0.01302 0.01484
0 0.38411 0.57266 0.00990 0.01250
0 0.38203 0.59922 0.01719 0.02031
0 0.37031 0.61602 0.01979 0.02266
0 0.36562 0.60234 0.01771 0.02344
0 0.37500 0.58672 0.01667 0.01875
0 0.37187 0.57383 0.01771 0.01641
0 0.32500 0.61484 0.01667 0.02031
0 0.32214 0.60000 0.01406 0.02031
0 0.31953 0.58984 0.01510 0.02188
0 0.35104 0.61719 0.01667 0.02656
0 0.33672 0.62578 0.01719 0.02344
0 0.35729 0.59570 0.01979 0.02578
0 0.35443 0.58164 0.02240 0.02266
0 0.34010 0.60898 0.01562 0.01797
0 0.33672 0.59688 0.01719 0.02188
0 0.33542 0.58281 0.01771 0.02188
0 0.38047 0.55820 0.01302 0.01953
0 0.37578 0.54492 0.01094 0.01797
0 0.36927 0.53125 0.01146 0.02031
0 0.36849 0.56016 0.01615 0.01562
0 0.36406 0.54688 0.01562 0.01719
0 0.35938 0.53398 0.01458 0.01641
0 0.35885 0.51758 0.01667 0.01797
0 0.33307 0.56875 0.01823 0.02187
0 0.33125 0.55430 0.01771 0.02422
0 0.35234 0.56641 0.02031 0.01875
0 0.34948 0.55313 0.01979 0.02187
0 0.34583 0.54023 0.01771 0.02109
0 0.32656 0.51758 0.01354 0.01328
0 0.31849 0.53320 0.01094 0.01953
0 0.32995 0.52383 0.01406 0.02109
0 0.33021 0.53789 0.01562 0.01641
0 0.34427 0.52500 0.01875 0.01562
0 0.34297 0.51172 0.01927 0.01719
