0 0.13265 0.00750 0.06122 0.01500
0 0.24490 0.00375 0.16326 0.00750
0 0.81122 0.00625 0.19388 0.01250
0 0.48469 0.00875 0.19388 0.01750
0 0.91326 0.97000 0.05102 0.03000
0 0.85714 0.98000 0.12245 0.04000
0 0.76020 0.99000 0.13265 0.02000
0 0.64286 0.98500 0.16326 0.03000
0 0.97449 0.91125 0.05102 0.02250
0 0.96939 0.88375 0.06122 0.02750
0 0.91326 0.90250 0.13265 0.04000
0 0.91837 0.93750 0.12245 0.03500
0 0.80612 0.96375 0.16326 0.03750
0 0.31633 0.98500 0.16327 0.01500
0 0.15306 0.97375 0.16326 0.02750
0 0.47449 0.97000 0.23469 0.04000
0 0.02041 0.91000 0.04082 0.04000
0 0.06122 0.94125 0.10204 0.03250
0 0.16326 0.96625 0.14286 0.03250
0 0.29592 0.96750 0.14286 0.03500
0 0.17857 0.93875 0.15306 0.04250
0 0.09184 0.91625 0.12245 0.03250
0 0.06633 0.88625 0.13265 0.03250
0 0.20918 0.89625 0.19388 0.03750
0 0.25510 0.91625 0.18367 0.04250
0 0.34184 0.93750 0.19388 0.04000
0 0.51531 0.93625 0.19388 0.04750
0 0.42857 0.90375 0.20408 0.04250
0 0.36735 0.88000 0.18367 0.03500
0 0.67857 0.95000 0.19388 0.04500
0 0.81122 0.93125 0.15306 0.03250
0 0.79082 0.89875 0.17347 0.03250
0 0.76531 0.87250 0.20408 0.03500
0 0.63776 0.91500 0.19388 0.03500
0 0.59694 0.89000 0.21429 0.03000
0 0.97449 0.85750 0.05102 0.03000
0 0.91326 0.86875 0.13265 0.03250
0 0.97449 0.83250 0.05102 0.02500
0 0.90816 0.83500 0.12245 0.04000
0 0.94388 0.81000 0.11224 0.02500
0 0.95918 0.78250 0.08163 0.03000
0 0.95408 0.76000 0.09184 0.02500
0 0.94388 0.73625 0.11224 0.02750
0 0.94898 0.71250 0.10204 0.03000
0 0.95408 0.68625 0.09184 0.02250
0 0.95408 0.66375 0.09184 0.02750
0 0.87245 0.78500 0.13265 0.03500
0 0.84694 0.75500 0.14286 0.03000
0 0.83163 0.72750 0.17347 0.03000
0 0.83674 0.70250 0.16326 0.02500
0 0.84184 0.68000 0.17347 0.03000
0 0.84694 0.65125 0.16327 0.03250
0 0.76531 0.84375 0.18367 0.02750
0 0.76531 0.82000 0.22449 0.03000
0 0.73980 0.79125 0.19388 0.02750
0 0.72449 0.76375 0.18367 0.03250
0 0.70918 0.73625 0.17347 0.03250
0 0.69388 0.70625 0.18367 0.03250
0 0.67857 0.67500 0.19388 0.03000
0 0.39286 0.75250 0.78571 0.24000
0 0.05102 0.82500 0.10204 0.03500
0 0.04592 0.79625 0.09184 0.02750
0 0.05102 0.77250 0.10204 0.02500
0 0.04592 0.74750 0.09184 0.02500
0 0.05102 0.72250 0.10204 0.02500
0 0.04082 0.69750 0.08163 0.02500
0 0.04592 0.67500 0.09184 0.03000
0 0.05102 0.64875 0.10204 0.02750
0 0.19388 0.86875 0.20408 0.02750
0 0.17347 0.84250 0.16326 0.02500
0 0.16327 0.82250 0.18367 0.03000
0 0.15816 0.79625 0.17347 0.02750
0 0.17857 0.77125 0.17347 0.02750
0 0.16327 0.74750 0.18367 0.03000
0 0.16837 0.72250 0.17347 0.02500
0 0.17347 0.69750 0.20408 0.02500
0 0.15816 0.67500 0.17347 0.03000
0 0.15816 0.65000 0.17347 0.02500
0 0.41326 0.85875 0.15306 0.03250
0 0.35714 0.84250 0.22449 0.04000
0 0.34184 0.81375 0.23469 0.03750
0 0.34694 0.78500 0.22449 0.03500
0 0.34694 0.75625 0.20408 0.03250
0 0.33673 0.73125 0.20408 0.02250
0 0.33673 0.70875 0.20408 0.02750
0 0.31633 0.68625 0.20408 0.02750
0 0.31633 0.65875 0.20408 0.02750
0 0.59184 0.86250 0.20408 0.03000
0 0.56122 0.83625 0.20408 0.02750
0 0.55612 0.81000 0.21429 0.03000
0 0.55102 0.78625 0.20408 0.02750
0 0.54592 0.76000 0.21429 0.03000
0 0.52551 0.73500 0.21429 0.03000
0 0.50510 0.70750 0.21429 0.03000
0 0.50000 0.68125 0.20408 0.02750
0 0.49490 0.65750 0.17347 0.02500
0 0.04082 0.62500 0.08163 0.02500
0 0.03571 0.60125 0.07143 0.02250
0 0.04592 0.56500 0.09184 0.05500
0 0.04082 0.52750 0.08163 0.02500
0 0.04082 0.50625 0.08163 0.02250
0 0.03571 0.48500 0.07143 0.02500
0 0.04592 0.46125 0.09184 0.02250
0 0.04592 0.43750 0.09184 0.02500
0 0.05102 0.41625 0.10204 0.02250
0 0.05102 0.39375 0.10204 0.02750
0 0.14796 0.62625 0.17347 0.02750
0 0.14796 0.60125 0.17347 0.02750
0 0.14796 0.57625 0.15306 0.02250
0 0.14796 0.55250 0.15306 0.02500
0 0.13775 0.52750 0.15306 0.02500
0 0.12755 0.50375 0.13265 0.02750
0 0.12755 0.48000 0.13265 0.02500
0 0.13775 0.45625 0.15306 0.02750
0 0.13775 0.43000 0.13265 0.03000
0 0.13775 0.40375 0.13265 0.02750
0 0.31122 0.63375 0.19388 0.02750
0 0.32143 0.61000 0.21429 0.02500
0 0.30612 0.58750 0.22449 0.02500
0 0.30102 0.56250 0.21429 0.03000
0 0.29592 0.53500 0.20408 0.02500
0 0.28061 0.51250 0.21429 0.02500
0 0.28571 0.48875 0.20408 0.02250
0 0.28061 0.46500 0.21429 0.03000
0 0.27551 0.44000 0.20408 0.02500
0 0.27041 0.41500 0.19388 0.02500
0 0.28061 0.39375 0.19388 0.02750
0 0.95408 0.63750 0.09184 0.02500
0 0.94898 0.61250 0.10204 0.02500
0 0.94388 0.59125 0.09184 0.02250
0 0.93878 0.56875 0.10204 0.03250
0 0.92857 0.54125 0.10204 0.02250
0 0.92347 0.51625 0.09184 0.02250
0 0.92857 0.49500 0.10204 0.02500
0 0.92857 0.47375 0.10204 0.02750
0 0.91837 0.45125 0.10204 0.02250
0 0.93367 0.42875 0.11225 0.02750
0 0.92857 0.40625 0.08163 0.02250
0 0.93367 0.38250 0.09184 0.03000
0 0.84694 0.62375 0.16327 0.02750
0 0.83163 0.60000 0.15306 0.02500
0 0.83163 0.57625 0.17347 0.02750
0 0.82653 0.55375 0.14286 0.02250
0 0.82143 0.53000 0.17347 0.03000
0 0.82143 0.50375 0.15306 0.03250
0 0.81633 0.48250 0.14286 0.02000
0 0.81122 0.46125 0.17347 0.02750
0 0.81122 0.43625 0.17347 0.03250
0 0.82143 0.41250 0.17347 0.02500
0 0.82143 0.38750 0.17347 0.03000
0 0.67857 0.62375 0.23469 0.02750
0 0.67857 0.60000 0.19388 0.02500
0 0.67347 0.57500 0.20408 0.02500
0 0.67347 0.55125 0.18367 0.02750
0 0.67347 0.52375 0.18367 0.02750
0 0.66837 0.50125 0.19388 0.02750
0 0.65816 0.47750 0.17347 0.02500
0 0.65306 0.45375 0.20408 0.02750
0 0.64796 0.43000 0.19388 0.02500
0 0.65816 0.40500 0.19388 0.02500
0 0.64796 0.38125 0.21429 0.02750
0 0.48980 0.63000 0.18367 0.03500
0 0.49490 0.59875 0.19388 0.03250
0 0.48980 0.56875 0.22449 0.03250
0 0.48469 0.54125 0.19388 0.02750
0 0.47449 0.51500 0.19388 0.02500
0 0.48469 0.49125 0.21429 0.02750
0 0.47449 0.46750 0.21429 0.02500
0 0.47449 0.44375 0.19388 0.02750
0 0.47449 0.42000 0.21429 0.02500
0 0.47449 0.39500 0.19388 0.02500
0 0.99490 0.59125 0.01020 0.02250
0 0.98469 0.57250 0.03061 0.01500
0 0.99490 0.55375 0.01020 0.01250
0 0.99490 0.53375 0.01020 0.01750
0 0.98469 0.51250 0.03061 0.02000
0 0.98469 0.48750 0.03061 0.02500
0 0.98469 0.46625 0.03061 0.02750
0 0.98469 0.44125 0.03061 0.02250
0 0.98469 0.41875 0.03061 0.02250
0 0.97959 0.39500 0.04082 0.02500
0 0.01531 0.21250 0.03061 0.01500
0 0.01531 0.22875 0.03061 0.01750
0 0.01020 0.29625 0.02041 0.01750
0 0.00510 0.27375 0.01020 0.01250
0 0.01020 0.24875 0.02041 0.02250
0 0.01531 0.19125 0.03061 0.02250
0 0.02041 0.16875 0.04082 0.02750
0 0.01531 0.14625 0.03061 0.01750
0 0.02041 0.05500 0.04082 0.04000
0 0.01531 0.02625 0.03061 0.01750
0 0.02041 0.12375 0.04082 0.02750
0 0.03061 0.09375 0.06122 0.03250
0 0.13776 0.01750 0.07143 0.02000
0 0.21429 0.01250 0.10204 0.01500
0 0.13776 0.03625 0.09184 0.02250
0 0.12755 0.06000 0.09184 0.03000
0 0.10714 0.08625 0.09184 0.02250
0 0.11735 0.10875 0.11225 0.02250
0 0.09694 0.13000 0.09184 0.02500
0 0.08673 0.15125 0.09184 0.02250
0 0.08163 0.17375 0.10204 0.02250
0 0.08163 0.19500 0.10204 0.02000
0 0.07653 0.22000 0.09184 0.02000
0 0.06122 0.25000 0.10204 0.04500
0 0.05612 0.28125 0.09184 0.02250
0 0.04592 0.31500 0.09184 0.05000
0 0.05102 0.34875 0.10204 0.02250
0 0.04592 0.37125 0.09184 0.02750
0 0.13775 0.37125 0.13265 0.02750
0 0.13775 0.34375 0.15306 0.03250
0 0.14286 0.31875 0.14286 0.02250
0 0.13775 0.29750 0.15306 0.02500
0 0.14796 0.27250 0.15306 0.03000
0 0.16837 0.24750 0.15306 0.02500
0 0.17347 0.22125 0.12245 0.03250
0 0.17347 0.19125 0.12245 0.02750
0 0.17857 0.16500 0.13265 0.02500
0 0.18878 0.13875 0.13265 0.02750
0 0.19898 0.11375 0.13265 0.02750
0 0.20408 0.08375 0.12245 0.03250
0 0.19388 0.05500 0.12245 0.03000
0 0.20918 0.03000 0.13265 0.02000
0 0.97449 0.37000 0.05102 0.02000
0 0.97959 0.34500 0.04082 0.02500
0 0.97959 0.31875 0.04082 0.02250
0 0.97959 0.29625 0.04082 0.02250
0 0.97449 0.27250 0.05102 0.02500
0 0.97959 0.25375 0.04082 0.02750
0 0.98980 0.22875 0.02041 0.02250
0 0.98980 0.20500 0.02041 0.02000
0 0.98980 0.18125 0.02041 0.01750
0 0.91326 0.35750 0.11224 0.02500
0 0.90816 0.33500 0.12245 0.02500
0 0.91326 0.30000 0.11224 0.04500
0 0.90816 0.26750 0.08163 0.02500
0 0.91837 0.23875 0.10204 0.02750
0 0.92347 0.21375 0.09184 0.02250
0 0.92347 0.19125 0.09184 0.02750
0 0.92857 0.16625 0.08163 0.02750
0 0.92857 0.14000 0.10204 0.02500
0 0.92347 0.11750 0.09184 0.02500
0 0.92347 0.09625 0.09184 0.02750
0 0.91326 0.06750 0.09184 0.02500
0 0.90306 0.01750 0.11225 0.02500
0 0.90816 0.04250 0.10204 0.02500
0 0.80612 0.36125 0.14286 0.02250
0 0.79592 0.34125 0.14286 0.02750
0 0.81122 0.31500 0.15306 0.02500
0 0.79592 0.29500 0.14286 0.02500
0 0.80102 0.27375 0.13265 0.02250
0 0.81633 0.25500 0.16326 0.02500
0 0.81633 0.23375 0.14286 0.02250
0 0.81633 0.21125 0.16326 0.02750
0 0.83163 0.18875 0.15306 0.02250
0 0.82143 0.16875 0.17347 0.02250
0 0.82653 0.14750 0.16326 0.02500
0 0.82653 0.12500 0.14286 0.02500
0 0.82143 0.10125 0.17347 0.02750
0 0.82143 0.07375 0.15306 0.02750
0 0.81122 0.05250 0.13265 0.02500
0 0.80102 0.02625 0.13265 0.03250
0 0.65306 0.35750 0.18367 0.02500
0 0.64796 0.33625 0.19388 0.03250
0 0.65306 0.31250 0.18367 0.02500
0 0.65306 0.29125 0.16327 0.02250
0 0.66326 0.27000 0.18367 0.02500
0 0.66326 0.24750 0.20408 0.02500
0 0.65306 0.22625 0.20408 0.03250
0 0.66326 0.20375 0.20408 0.02750
0 0.67857 0.18125 0.19388 0.02750
0 0.67347 0.15625 0.18367 0.02750
0 0.67347 0.13625 0.18367 0.02250
0 0.67347 0.11750 0.18367 0.02500
0 0.66837 0.09250 0.19388 0.03000
0 0.65306 0.06750 0.18367 0.03000
0 0.67857 0.04625 0.19388 0.02750
0 0.66326 0.01875 0.20408 0.03750
0 0.46429 0.37000 0.23469 0.03500
0 0.46939 0.34625 0.22449 0.02750
0 0.46429 0.31750 0.21429 0.03500
0 0.46939 0.29125 0.22449 0.03250
0 0.47449 0.26625 0.21429 0.02750
0 0.45918 0.24000 0.22449 0.03000
0 0.46939 0.21375 0.22449 0.02750
0 0.48980 0.18750 0.20408 0.03000
0 0.49490 0.16375 0.21429 0.02250
0 0.48980 0.14375 0.22449 0.02250
0 0.47959 0.12500 0.22449 0.03000
0 0.49490 0.10000 0.21429 0.03000
0 0.48980 0.07625 0.20408 0.02750
0 0.48469 0.05125 0.19388 0.02750
0 0.48469 0.02625 0.19388 0.03250
0 0.28571 0.37250 0.16327 0.02500
0 0.27551 0.34625 0.20408 0.03250
0 0.28571 0.31750 0.18367 0.03000
0 0.28571 0.29375 0.18367 0.02750
0 0.29082 0.26625 0.19388 0.03250
0 0.30102 0.23625 0.17347 0.02750
0 0.29082 0.21250 0.17347 0.02500
0 0.30612 0.19000 0.18367 0.02500
0 0.31633 0.16625 0.18367 0.02750
0 0.31633 0.14375 0.18367 0.02750
0 0.32143 0.11875 0.17347 0.02750
0 0.33163 0.09125 0.17347 0.02750
0 0.32143 0.06875 0.17347 0.02750
0 0.32143 0.04250 0.17347 0.03000
0 0.32653 0.01625 0.16326 0.03250
