0 0.00933 0.42777 0.01865 0.02954
0 0.00861 0.39688 0.01722 0.03115
0 0.01004 0.36761 0.02009 0.02524
0 0.00861 0.46321 0.01722 0.02309
0 0.00430 0.48872 0.00861 0.01074
0 0.00717 0.50564 0.01435 0.01020
0 0.00717 0.53249 0.01435 0.02739
0 0.00717 0.56848 0.01435 0.02632
0 0.01004 0.60338 0.02009 0.03276
0 0.00789 0.63856 0.01578 0.02148
0 0.00430 0.67401 0.00861 0.02148
0 0.98494 0.42132 0.03013 0.04243
0 0.97561 0.47207 0.04878 0.05371
0 0.94046 0.84103 0.04448 0.02900
0 0.96198 0.80827 0.07604 0.04296
0 0.96700 0.76745 0.06600 0.04296
0 0.96772 0.72771 0.06456 0.03867
0 0.98494 0.77685 0.03013 0.04135
0 0.97633 0.81874 0.04735 0.04135
0 0.92396 0.89876 0.04304 0.04780
0 0.96055 0.86251 0.07891 0.05263
0 0.96270 0.90440 0.07461 0.04189
0 0.89383 0.98577 0.05739 0.02846
0 0.90674 0.94817 0.06026 0.05102
0 0.98350 0.93475 0.03300 0.02417
0 0.95050 0.94925 0.09900 0.04780
0 0.93687 0.98550 0.07747 0.02900
0 0.97920 0.98067 0.04161 0.03115
0 0.03730 0.82304 0.07461 0.03921
0 0.03945 0.86198 0.07891 0.04082
0 0.04089 0.90199 0.08178 0.04135
0 0.10474 0.92991 0.14634 0.04672
0 0.11980 0.89125 0.15065 0.04350
0 0.10474 0.84909 0.14347 0.04404
0 0.24749 0.93448 0.20516 0.05048
0 0.25897 0.89205 0.19656 0.05156
0 0.25251 0.84748 0.19225 0.04296
0 0.88235 0.76665 0.03443 0.02309
0 0.87733 0.79914 0.04161 0.02148
0 0.86801 0.83029 0.05165 0.04834
0 0.87446 0.87245 0.06169 0.03491
0 0.81205 0.94522 0.14347 0.03545
0 0.82353 0.91353 0.14921 0.04296
0 0.82425 0.89500 0.11334 0.04458
0 0.81277 0.85526 0.14204 0.04672
0 0.70660 0.89608 0.15639 0.04995
0 0.70014 0.85311 0.16356 0.04135
0 0.58250 0.91810 0.16930 0.04565
0 0.56815 0.87326 0.16930 0.04941
0 0.57245 0.82519 0.15495 0.05747
0 0.41679 0.91756 0.17360 0.04887
0 0.41535 0.87540 0.18795 0.04511
0 0.41033 0.83163 0.19799 0.04995
0 0.08465 0.42991 0.06313 0.03921
0 0.07676 0.47261 0.06169 0.04404
0 0.08465 0.50859 0.06026 0.03222
0 0.06528 0.54968 0.05022 0.02846
0 0.06743 0.59452 0.08895 0.03759
0 0.05308 0.63695 0.08895 0.04834
0 0.05165 0.67508 0.08034 0.03115
0 0.04304 0.70918 0.08034 0.03813
0 0.03300 0.74517 0.06600 0.03706
0 0.03659 0.78330 0.07317 0.04135
0 0.10832 0.80935 0.13343 0.04296
0 0.10976 0.77390 0.11908 0.03545
0 0.11406 0.73604 0.14778 0.04995
0 0.11406 0.69200 0.15352 0.04243
0 0.10330 0.65038 0.11765 0.04296
0 0.10474 0.60956 0.10904 0.03437
0 0.11478 0.57170 0.13773 0.04672
0 0.12697 0.52954 0.12769 0.04296
0 0.14204 0.48818 0.13486 0.04511
0 0.14849 0.44603 0.13917 0.04243
0 0.25323 0.80746 0.19369 0.04780
0 0.23816 0.77175 0.17790 0.04511
0 0.26399 0.73362 0.19225 0.04296
0 0.24821 0.69549 0.18364 0.04511
0 0.24462 0.65118 0.19082 0.04780
0 0.24534 0.60687 0.21234 0.04834
0 0.26686 0.56445 0.19799 0.04834
0 0.25753 0.52444 0.20230 0.04672
0 0.27116 0.48416 0.18364 0.04028
0 0.26399 0.44146 0.20086 0.04834
0 0.96700 0.68528 0.06600 0.04296
0 0.97131 0.64447 0.05739 0.03008
0 0.97059 0.60849 0.05882 0.04511
0 0.96557 0.56122 0.06887 0.05048
0 0.97920 0.51745 0.04161 0.04350
0 0.87375 0.73040 0.04304 0.02685
0 0.86944 0.69737 0.06026 0.04243
0 0.87446 0.65387 0.06169 0.03276
0 0.87446 0.61547 0.08465 0.04511
0 0.89168 0.57304 0.05882 0.04296
0 0.89957 0.53518 0.06313 0.03491
0 0.90029 0.50107 0.08178 0.04082
0 0.91679 0.46214 0.07747 0.04565
0 0.92109 0.41434 0.08321 0.04243
0 0.84720 0.50618 0.09613 0.04028
0 0.83070 0.54377 0.11765 0.04350
0 0.83070 0.58459 0.10904 0.04565
0 0.82066 0.62755 0.11478 0.04350
0 0.81205 0.66783 0.11478 0.04350
0 0.80631 0.70918 0.12339 0.04565
0 0.82568 0.74543 0.11908 0.03867
0 0.82496 0.78169 0.12912 0.03921
0 0.82353 0.81445 0.10904 0.03921
0 0.72023 0.81874 0.15782 0.04458
0 0.70588 0.78410 0.15495 0.04082
0 0.70588 0.74624 0.15208 0.04565
0 0.69799 0.70918 0.14491 0.04350
0 0.71019 0.66756 0.14634 0.04834
0 0.69871 0.62003 0.16356 0.05317
0 0.72669 0.58056 0.14491 0.04726
0 0.71234 0.54135 0.14491 0.04082
0 0.73745 0.49946 0.15782 0.05800
0 0.83070 0.46885 0.11765 0.03867
0 0.85796 0.43018 0.12625 0.05156
0 0.75251 0.43878 0.13630 0.06122
0 0.57317 0.77578 0.14204 0.04565
0 0.56671 0.73013 0.16069 0.05102
0 0.56313 0.68663 0.17360 0.04995
0 0.56815 0.63534 0.18651 0.06015
0 0.57891 0.58217 0.16499 0.05908
0 0.58895 0.52685 0.14491 0.06230
0 0.63128 0.48335 0.17791 0.05048
0 0.61263 0.44200 0.18364 0.04404
0 0.42540 0.79216 0.20230 0.03759
0 0.41607 0.75591 0.18651 0.04350
0 0.40674 0.71241 0.19369 0.04995
0 0.40172 0.67105 0.17217 0.04565
0 0.40100 0.62889 0.17360 0.04082
0 0.41463 0.58727 0.17504 0.04458
0 0.44763 0.55210 0.20373 0.05048
0 0.42181 0.51450 0.18078 0.05371
0 0.45194 0.47342 0.20373 0.05639
0 0.44189 0.42777 0.18651 0.04995
0 0.13702 0.24893 0.08465 0.03813
0 0.11908 0.30075 0.09182 0.04941
0 0.09039 0.34694 0.06887 0.04296
0 0.08106 0.38695 0.06169 0.04243
0 0.13630 0.40521 0.12912 0.04458
0 0.14132 0.36439 0.11334 0.04780
0 0.15351 0.32009 0.12912 0.04619
0 0.15639 0.27336 0.11478 0.04511
0 0.15423 0.20193 0.09900 0.03974
0 0.17217 0.22422 0.11765 0.05317
0 0.18508 0.15816 0.11765 0.05209
0 0.27547 0.40091 0.19799 0.04565
0 0.28192 0.35822 0.19369 0.04726
0 0.29053 0.31471 0.19369 0.04726
0 0.28766 0.26907 0.18795 0.04941
0 0.28838 0.22664 0.18077 0.04941
0 0.29914 0.17481 0.19082 0.05854
0 0.33285 0.11761 0.18078 0.07197
0 0.44691 0.38722 0.20230 0.04619
0 0.44476 0.34748 0.18078 0.04404
0 0.44548 0.30747 0.18795 0.04995
0 0.45050 0.25779 0.20086 0.05371
0 0.46772 0.21455 0.20373 0.05854
0 0.46055 0.16622 0.18078 0.05102
0 0.48207 0.11788 0.17217 0.06176
0 0.62841 0.40118 0.17790 0.04726
0 0.62410 0.35768 0.18651 0.04189
0 0.62697 0.31525 0.19512 0.05263
0 0.62339 0.27041 0.18795 0.04887
0 0.63271 0.22476 0.18364 0.05532
0 0.61908 0.17669 0.17647 0.04834
0 0.62482 0.12111 0.16786 0.06284
0 0.93902 0.37245 0.06456 0.04350
0 0.94620 0.33110 0.05882 0.04243
0 0.94620 0.28383 0.05308 0.03061
0 0.95481 0.24973 0.06456 0.04619
0 0.94978 0.19629 0.10043 0.06498
0 0.83644 0.04887 0.07461 0.03867
0 0.94548 0.14152 0.08608 0.04780
0 0.86729 0.38668 0.11621 0.04619
0 0.87877 0.34586 0.11334 0.04834
0 0.88235 0.30505 0.12339 0.04619
0 0.88737 0.26047 0.12195 0.05371
0 0.88092 0.21079 0.13486 0.05532
0 0.86514 0.16246 0.12625 0.05532
0 0.87590 0.10634 0.11334 0.06337
0 0.76255 0.38775 0.12482 0.05478
0 0.77188 0.34184 0.14347 0.04887
0 0.76399 0.29619 0.15065 0.05209
0 0.76829 0.24973 0.13917 0.04941
0 0.77116 0.20301 0.15065 0.05585
0 0.76686 0.14903 0.15925 0.05747
0 0.77188 0.09586 0.16069 0.06069
0 0.75251 0.04699 0.15352 0.04672
0 0.65925 0.06606 0.14778 0.06337
0 0.50861 0.06955 0.17647 0.05317
0 0.49139 0.02846 0.20803 0.05693
