0 0.65130 0.39451 0.01719 0.02667
0 0.69661 0.36274 0.01719 0.01490
0 0.71771 0.30353 0.01354 0.03765
0 0.62604 0.27961 0.00937 0.01176
0 0.63333 0.27843 0.00938 0.00941
0 0.57135 0.29216 0.00833 0.00863
0 0.61641 0.28235 0.01927 0.01412
0 0.60104 0.28392 0.01979 0.01725
0 0.58438 0.28627 0.02083 0.01412
0 0.55495 0.29725 0.01198 0.01098
0 0.48568 0.31961 0.02135 0.01176
0 0.52995 0.30274 0.00990 0.00941
0 0.52083 0.30628 0.01667 0.01176
0 0.46615 0.44235 0.01667 0.02980
0 0.52422 0.45647 0.01823 0.01569
0 0.49661 0.45412 0.02448 0.02039
0 0.46458 0.62392 0.01875 0.03059
0 0.48307 0.63490 0.01719 0.01804
0 0.47865 0.61686 0.01562 0.02431
0 0.40417 0.32353 0.00938 0.01020
0 0.41224 0.31608 0.01094 0.01412
0 0.43437 0.30000 0.01562 0.01490
0 0.44557 0.29490 0.01406 0.01725
0 0.59609 0.24824 0.01823 0.02902
0 0.58385 0.26510 0.01458 0.00784
0 0.58021 0.24784 0.02188 0.02980
0 0.56224 0.24157 0.01927 0.02039
0 0.56667 0.26039 0.02292 0.02667
0 0.55234 0.25098 0.00990 0.01725
0 0.55000 0.23961 0.01354 0.01333
0 0.54297 0.25765 0.02969 0.03686
0 0.52526 0.25686 0.01719 0.01961
0 0.51406 0.26314 0.01458 0.01804
0 0.53281 0.27137 0.01875 0.02353
0 0.52005 0.27490 0.01927 0.01804
0 0.50443 0.26471 0.01302 0.01647
0 0.50547 0.28078 0.01823 0.01882
0 0.49271 0.27216 0.01771 0.02196
0 0.49271 0.28863 0.01146 0.01412
0 0.48073 0.28000 0.01875 0.02196
0 0.46823 0.28471 0.01562 0.01569
0 0.48203 0.29451 0.01406 0.01333
0 0.46745 0.30118 0.01823 0.02510
0 0.45703 0.29529 0.01198 0.02118
0 0.45000 0.31059 0.01771 0.02824
0 0.43672 0.31529 0.01510 0.02824
0 0.42318 0.30863 0.01302 0.01804
0 0.43203 0.33490 0.01719 0.02039
0 0.42474 0.32588 0.01510 0.02745
0 0.41354 0.32824 0.01458 0.02275
0 0.41771 0.34431 0.01562 0.01412
0 0.44687 0.34980 0.10313 0.04392
0 0.46823 0.33608 0.01458 0.02588
0 0.45573 0.35686 0.02083 0.03137
0 0.66641 0.38510 0.02135 0.02510
0 0.69010 0.35137 0.02708 0.06431
0 0.70807 0.33647 0.02135 0.04235
0 0.70573 0.30039 0.02500 0.03765
0 0.68802 0.27882 0.02083 0.01647
0 0.69010 0.30274 0.02292 0.03451
0 0.67031 0.28196 0.02500 0.02431
0 0.56693 0.29686 0.18594 0.06039
0 0.48203 0.33255 0.02031 0.02980
0 0.50260 0.31765 0.02083 0.02353
0 0.58125 0.30235 0.01771 0.02745
0 0.56563 0.30274 0.01771 0.02353
0 0.59740 0.30274 0.01667 0.02980
0 0.61276 0.30353 0.01823 0.03294
0 0.62604 0.30274 0.01771 0.03451
0 0.67135 0.30314 0.02292 0.03373
0 0.65208 0.29882 0.01875 0.03294
0 0.63750 0.29882 0.01979 0.03765
0 0.65807 0.36510 0.01615 0.04000
0 0.67057 0.35294 0.02135 0.03922
0 0.68255 0.34039 0.01823 0.04392
0 0.66328 0.32745 0.02240 0.03686
0 0.64688 0.32980 0.02083 0.03843
0 0.63594 0.33216 0.01354 0.03216
0 0.62318 0.33490 0.01615 0.03922
0 0.60781 0.33255 0.01771 0.03765
0 0.59219 0.32941 0.01667 0.03608
0 0.57734 0.33020 0.01510 0.03765
0 0.54896 0.30784 0.01875 0.02431
0 0.56250 0.32980 0.01979 0.03843
0 0.54974 0.33216 0.02031 0.03216
0 0.53646 0.31333 0.01667 0.02431
0 0.52240 0.32157 0.01979 0.02980
0 0.50990 0.33059 0.02292 0.02902
0 0.48932 0.33922 0.02135 0.03059
0 0.47943 0.44118 0.01719 0.03059
0 0.49896 0.43882 0.02604 0.02431
0 0.47057 0.39529 0.01719 0.03765
0 0.49583 0.41373 0.02500 0.03059
0 0.48568 0.39098 0.02344 0.04000
0 0.47344 0.36157 0.02396 0.03137
0 0.49896 0.35333 0.02917 0.02902
0 0.49661 0.37882 0.02135 0.02196
0 0.50677 0.39569 0.02083 0.02275
0 0.51458 0.37137 0.01667 0.02902
0 0.52370 0.39020 0.02031 0.03059
0 0.53203 0.36823 0.02031 0.03216
0 0.52005 0.34824 0.01823 0.02510
0 0.53516 0.33922 0.02031 0.03216
0 0.64245 0.39333 0.02344 0.02431
0 0.64427 0.36235 0.01875 0.03922
0 0.63229 0.36823 0.01562 0.04314
0 0.61875 0.36941 0.01458 0.04549
0 0.60443 0.36196 0.02031 0.03843
0 0.58750 0.36274 0.01979 0.03529
0 0.57057 0.36196 0.01927 0.03529
0 0.55260 0.36392 0.02604 0.03765
0 0.62891 0.40196 0.01823 0.02745
0 0.61458 0.41294 0.01979 0.02902
0 0.60338 0.41294 0.01094 0.01804
0 0.61198 0.39255 0.01562 0.02745
0 0.59609 0.39137 0.02135 0.03451
0 0.57812 0.39490 0.01979 0.04000
0 0.56224 0.39216 0.01823 0.03922
0 0.54531 0.39608 0.02292 0.03922
0 0.51745 0.44627 0.01823 0.02196
0 0.51771 0.41804 0.02292 0.03608
0 0.59792 0.43059 0.02083 0.02039
0 0.58932 0.42000 0.02344 0.02902
0 0.57838 0.42980 0.01927 0.03451
0 0.53281 0.44275 0.02083 0.03059
0 0.54870 0.43412 0.01302 0.03373
0 0.56094 0.42667 0.02083 0.03608
0 0.53802 0.41490 0.02292 0.03137
0 0.61667 0.53608 0.01979 0.04157
0 0.75625 0.40941 0.01458 0.00941
0 0.73359 0.41451 0.01094 0.00706
0 0.72135 0.41882 0.01458 0.01255
0 0.71094 0.42274 0.01562 0.01098
0 0.69609 0.42628 0.01823 0.01333
0 0.68125 0.42941 0.01771 0.01333
0 0.66849 0.43647 0.01406 0.01020
0 0.65391 0.44431 0.01510 0.01176
0 0.58776 0.46510 0.01823 0.01255
0 0.57187 0.47098 0.01458 0.01333
0 0.55807 0.47255 0.01302 0.01490
0 0.54583 0.47961 0.01354 0.01804
0 0.53490 0.48471 0.01875 0.02039
0 0.52031 0.49373 0.01875 0.01804
0 0.50833 0.50196 0.01667 0.01569
0 0.81432 0.58706 0.01927 0.01961
0 0.84063 0.58078 0.01458 0.01490
0 0.85130 0.56510 0.01510 0.02431
0 0.86224 0.55569 0.01615 0.02275
0 0.58438 0.66235 0.01458 0.01176
0 0.59713 0.65765 0.01302 0.01804
0 0.60781 0.65686 0.00937 0.00706
0 0.61693 0.65176 0.00990 0.01098
0 0.62995 0.64667 0.01615 0.01020
0 0.65130 0.64039 0.01094 0.01020
0 0.66354 0.63569 0.01354 0.01490
0 0.67656 0.62823 0.01458 0.01569
0 0.68932 0.62431 0.01302 0.01098
0 0.70208 0.62118 0.01146 0.01098
0 0.77318 0.59647 0.00990 0.01333
0 0.76641 0.59686 0.01302 0.01725
0 0.75729 0.60196 0.00833 0.01176
0 0.75052 0.60235 0.00833 0.01725
0 0.74063 0.60431 0.01667 0.02118
0 0.72760 0.60314 0.01562 0.02510
0 0.71406 0.60745 0.01771 0.02431
0 0.70078 0.60902 0.01615 0.02431
0 0.48542 0.65373 0.02396 0.02902
0 0.51510 0.68078 0.01667 0.02510
0 0.50026 0.68235 0.01927 0.02510
0 0.48854 0.67765 0.01979 0.02667
0 0.57057 0.66588 0.01302 0.01569
0 0.55911 0.66824 0.01510 0.01725
0 0.54401 0.67451 0.02031 0.01255
0 0.52891 0.67020 0.01510 0.02118
0 0.50990 0.66235 0.02708 0.02118
0 0.51068 0.64039 0.02448 0.03216
0 0.50208 0.62157 0.02708 0.03686
0 0.48646 0.59451 0.02604 0.03608
0 0.50807 0.53333 0.01510 0.02196
0 0.50078 0.52118 0.01719 0.02431
0 0.49323 0.51059 0.01667 0.02039
0 0.48307 0.52196 0.01823 0.01804
0 0.46875 0.53137 0.01979 0.01961
0 0.48984 0.53608 0.02344 0.03059
0 0.49505 0.56000 0.02448 0.03451
0 0.47630 0.56980 0.02448 0.03686
0 0.46771 0.55569 0.02708 0.03686
0 0.45130 0.57137 0.02448 0.03686
0 0.88516 0.45961 0.00990 0.01882
0 0.87448 0.43882 0.01667 0.03216
0 0.88698 0.49647 0.01250 0.03608
0 0.87240 0.46039 0.02396 0.03765
0 0.84740 0.40902 0.02292 0.01176
0 0.82552 0.40941 0.02292 0.01569
0 0.81328 0.41137 0.01510 0.01490
0 0.79740 0.41216 0.01979 0.02118
0 0.78802 0.41451 0.01771 0.01647
0 0.77292 0.41686 0.01979 0.02118
0 0.75911 0.42000 0.01615 0.01961
0 0.74714 0.42157 0.01823 0.02275
0 0.85859 0.42784 0.01927 0.03059
0 0.85521 0.45922 0.02083 0.03843
0 0.84427 0.42706 0.01979 0.03373
0 0.83516 0.42980 0.02031 0.03294
0 0.82682 0.43608 0.01927 0.04078
0 0.81406 0.43647 0.01667 0.04157
0 0.80599 0.43961 0.01719 0.03843
0 0.73281 0.43059 0.02083 0.02667
0 0.72005 0.43137 0.01719 0.01569
0 0.71068 0.43804 0.02135 0.02118
0 0.69635 0.44157 0.01667 0.02039
0 0.68255 0.44392 0.01823 0.02196
0 0.66979 0.45059 0.02083 0.02118
0 0.65912 0.45647 0.01510 0.02039
0 0.64844 0.46000 0.01875 0.02431
0 0.63516 0.46314 0.02031 0.02745
0 0.62083 0.46627 0.01979 0.02745
0 0.61068 0.47294 0.01406 0.02196
0 0.59896 0.47608 0.01979 0.02510
0 0.79323 0.44118 0.02396 0.04314
0 0.78672 0.44588 0.01823 0.03529
0 0.77214 0.44549 0.02344 0.04235
0 0.76276 0.44863 0.02135 0.03765
0 0.74974 0.44980 0.02031 0.03686
0 0.74323 0.45686 0.01354 0.03216
0 0.73047 0.45490 0.02135 0.03451
0 0.72135 0.46157 0.02396 0.03686
0 0.71146 0.46784 0.01979 0.03843
0 0.69870 0.46745 0.02344 0.03765
0 0.68776 0.47137 0.01927 0.03765
0 0.67813 0.47451 0.02187 0.03922
0 0.66797 0.48078 0.02031 0.03765
0 0.65912 0.48667 0.02135 0.04000
0 0.64896 0.48941 0.01979 0.03608
0 0.63698 0.49216 0.01562 0.03529
0 0.62734 0.49490 0.01823 0.03451
0 0.61432 0.49882 0.02240 0.03608
0 0.51745 0.51647 0.02031 0.03059
0 0.53229 0.50588 0.01875 0.02510
0 0.60156 0.50627 0.02292 0.03686
0 0.58620 0.48118 0.01927 0.02431
0 0.57031 0.48667 0.01875 0.02431
0 0.55703 0.49137 0.01927 0.02431
0 0.54349 0.49922 0.01823 0.02431
0 0.58750 0.50941 0.02083 0.03373
0 0.57474 0.51412 0.01823 0.03373
0 0.56042 0.52118 0.01979 0.03529
0 0.54505 0.52667 0.01927 0.03529
0 0.52812 0.53373 0.02500 0.03216
0 0.51172 0.54823 0.01927 0.03294
0 0.54245 0.56549 0.02240 0.04392
0 0.52552 0.57059 0.02396 0.04314
0 0.50729 0.58706 0.01979 0.03843
0 0.71432 0.50274 0.01823 0.03765
0 0.70052 0.50588 0.02083 0.04235
0 0.84505 0.46784 0.02240 0.04471
0 0.83698 0.47961 0.01562 0.04784
0 0.82422 0.47843 0.01719 0.05176
0 0.81641 0.48000 0.01719 0.04863
0 0.80443 0.47843 0.01823 0.04392
0 0.79740 0.48471 0.01875 0.04549
0 0.78490 0.48431 0.01979 0.04471
0 0.77292 0.48706 0.01875 0.04549
0 0.75963 0.48784 0.02135 0.04549
0 0.75234 0.49569 0.01719 0.04549
0 0.73958 0.49372 0.01667 0.04471
0 0.72865 0.49843 0.02187 0.04000
0 0.87656 0.50314 0.01562 0.04784
0 0.86172 0.53569 0.02240 0.03137
0 0.86537 0.49765 0.02031 0.04471
0 0.85130 0.50902 0.02031 0.04235
0 0.83438 0.51882 0.01458 0.03529
0 0.82057 0.52314 0.01406 0.04078
0 0.81120 0.52235 0.01615 0.04392
0 0.74089 0.59725 0.01719 0.01961
0 0.76224 0.58824 0.02448 0.01882
0 0.78281 0.58588 0.01875 0.01725
0 0.79635 0.58549 0.01667 0.02588
0 0.81380 0.57647 0.01823 0.03137
0 0.83281 0.57686 0.01979 0.02431
0 0.84505 0.54745 0.01823 0.03608
0 0.82760 0.55333 0.02396 0.03529
0 0.80859 0.55804 0.01719 0.02902
0 0.79635 0.56078 0.01458 0.03137
0 0.78333 0.56471 0.01458 0.02980
0 0.77135 0.56392 0.01667 0.03294
0 0.75807 0.56745 0.01198 0.03373
0 0.74870 0.57137 0.01406 0.03373
0 0.73802 0.57490 0.01250 0.03608
0 0.72604 0.57882 0.01667 0.04078
0 0.71042 0.58000 0.01562 0.03529
0 0.69740 0.58431 0.01354 0.03294
0 0.79766 0.52784 0.01719 0.03922
0 0.78385 0.52863 0.01458 0.04235
0 0.77083 0.52941 0.01667 0.04392
0 0.75964 0.53373 0.01198 0.03686
0 0.74818 0.53451 0.01406 0.03843
0 0.73672 0.53882 0.01510 0.03608
0 0.72370 0.53765 0.01406 0.04000
0 0.71250 0.54235 0.01458 0.04157
0 0.70052 0.54667 0.01562 0.04078
0 0.68932 0.55333 0.01719 0.04157
0 0.67917 0.55804 0.01250 0.03686
0 0.66953 0.56157 0.01406 0.04235
0 0.68698 0.51137 0.01875 0.03765
0 0.67630 0.51922 0.01823 0.03765
0 0.66042 0.52353 0.01875 0.04000
0 0.64662 0.52667 0.01510 0.04314
0 0.63307 0.53137 0.01927 0.03843
0 0.60208 0.54274 0.01562 0.03608
0 0.58542 0.54353 0.01875 0.04078
0 0.57187 0.55255 0.01562 0.04000
0 0.55703 0.55765 0.01615 0.04235
0 0.52344 0.60588 0.01771 0.03373
0 0.52865 0.64078 0.01458 0.03608
0 0.54531 0.66118 0.01979 0.01569
0 0.54453 0.63882 0.01823 0.03529
0 0.53932 0.60431 0.01615 0.03843
0 0.68724 0.61294 0.01302 0.02275
0 0.67630 0.62039 0.01302 0.02196
0 0.66484 0.62471 0.01094 0.02275
0 0.65469 0.62863 0.01042 0.02118
0 0.64427 0.63373 0.01250 0.02196
0 0.63177 0.63608 0.01146 0.02353
0 0.62057 0.63922 0.01198 0.01725
0 0.60781 0.64510 0.01458 0.01961
0 0.59427 0.64667 0.01354 0.01961
0 0.58021 0.65451 0.01771 0.02118
0 0.56380 0.65765 0.01615 0.01804
0 0.68099 0.59255 0.01719 0.03529
0 0.66615 0.60157 0.01146 0.02980
0 0.65443 0.60314 0.01406 0.03608
0 0.64349 0.60627 0.01406 0.03608
0 0.63099 0.61098 0.01094 0.03608
0 0.61901 0.61647 0.01198 0.03608
0 0.60912 0.62078 0.01094 0.03373
0 0.59818 0.62078 0.01302 0.03686
0 0.58464 0.62588 0.01719 0.03451
0 0.57187 0.63216 0.01562 0.03137
0 0.55807 0.63529 0.01198 0.03608
0 0.65703 0.56549 0.01615 0.04392
0 0.64375 0.56706 0.01354 0.03922
0 0.63125 0.57059 0.01771 0.04471
0 0.62109 0.57726 0.01302 0.04235
0 0.60885 0.57922 0.01562 0.04627
0 0.59662 0.58274 0.01406 0.04078
0 0.58281 0.58706 0.01979 0.04471
0 0.56823 0.59490 0.01979 0.04157
0 0.55339 0.59882 0.01615 0.04000
