0 0.99192 0.79905 0.01617 0.03551
0 0.97344 0.77436 0.02771 0.02339
0 0.97142 0.80056 0.04446 0.04288
0 0.94659 0.74859 0.03406 0.02555
0 0.93909 0.77068 0.04908 0.03854
0 0.91946 0.72672 0.03291 0.02685
0 0.90618 0.74816 0.04215 0.03421
0 0.89290 0.70593 0.03060 0.02772
0 0.88048 0.72629 0.04388 0.03984
0 0.86692 0.68320 0.03868 0.03248
0 0.85075 0.70204 0.04215 0.03725
0 0.83949 0.65916 0.03233 0.03205
0 0.82159 0.67648 0.05196 0.03811
0 0.80976 0.63534 0.03984 0.02685
0 0.79330 0.65266 0.04503 0.03378
0 0.77800 0.61412 0.03868 0.02858
0 0.76443 0.63036 0.04273 0.03075
0 0.75202 0.59181 0.03753 0.02728
0 0.73643 0.60914 0.04446 0.03162
0 0.72575 0.56735 0.04388 0.02945
0 0.71334 0.58618 0.04099 0.02728
0 0.69977 0.54526 0.03118 0.02772
0 0.68764 0.56475 0.03695 0.02858
0 0.67321 0.52339 0.04042 0.02382
0 0.66195 0.54179 0.04677 0.02945
0 0.64521 0.50130 0.03753 0.02815
0 0.63106 0.51559 0.04388 0.02988
0 0.60479 0.49177 0.04561 0.02469
0 0.61952 0.47899 0.03926 0.02339
0 0.58574 0.51971 0.05485 0.04331
0 0.61519 0.54699 0.05600 0.03898
0 0.64492 0.56778 0.05312 0.02858
0 0.66888 0.58878 0.05023 0.03768
0 0.69399 0.61758 0.06120 0.04158
0 0.72546 0.64335 0.05600 0.04114
0 0.75346 0.66587 0.04619 0.04288
0 0.78089 0.69272 0.06178 0.04114
0 0.81149 0.71676 0.06062 0.04418
0 0.83805 0.74383 0.06986 0.04981
0 0.87182 0.76787 0.05312 0.05284
0 0.90242 0.79125 0.05658 0.04677
0 0.93447 0.81615 0.06062 0.04374
0 0.95901 0.84062 0.06005 0.04504
0 0.97546 0.86033 0.04908 0.05673
0 0.98961 0.90082 0.02079 0.03291
0 0.47719 0.56215 0.07679 0.04677
0 0.50231 0.59095 0.07044 0.04634
0 0.52945 0.61152 0.06236 0.04071
0 0.55543 0.64010 0.07159 0.05544
0 0.58660 0.67215 0.07044 0.05457
0 0.61576 0.69771 0.06986 0.04764
0 0.64521 0.72542 0.07102 0.04591
0 0.66830 0.75812 0.08025 0.05154
0 0.69602 0.78021 0.06755 0.04981
0 0.72893 0.80836 0.07448 0.05240
0 0.76299 0.83239 0.06409 0.05110
0 0.79013 0.85860 0.08834 0.05760
0 0.82535 0.88328 0.07448 0.05414
0 0.85133 0.90992 0.07910 0.05284
0 0.87818 0.93677 0.07737 0.05197
0 0.90358 0.95366 0.07275 0.06583
0 0.82996 0.97272 0.07102 0.04158
0 0.79706 0.93980 0.06986 0.04937
0 0.76501 0.91425 0.07506 0.05110
0 0.72893 0.88826 0.07333 0.04937
0 0.70410 0.86444 0.07102 0.04244
0 0.67263 0.83932 0.07621 0.04504
0 0.64954 0.81291 0.06351 0.04331
0 0.61980 0.79168 0.06062 0.04937
0 0.59238 0.76115 0.07044 0.05067
0 0.56091 0.73278 0.08256 0.05284
0 0.53407 0.70550 0.06813 0.04764
0 0.50289 0.67908 0.06582 0.05024
0 0.47835 0.64877 0.07217 0.04851
0 0.44948 0.62538 0.07564 0.05197
0 0.42004 0.60134 0.06755 0.04981
0 0.39607 0.57687 0.07390 0.04764
0 0.78724 0.98766 0.06755 0.02469
0 0.75808 0.96838 0.06813 0.03638
0 0.72662 0.94630 0.05947 0.03032
0 0.69919 0.92269 0.06120 0.03335
0 0.67379 0.89974 0.06351 0.03335
0 0.63943 0.87397 0.06755 0.03638
0 0.61143 0.84690 0.06120 0.03508
0 0.59093 0.82417 0.06409 0.03465
0 0.55947 0.80013 0.06120 0.04201
0 0.53060 0.77025 0.06120 0.04374
0 0.49827 0.74513 0.06005 0.03508
0 0.47633 0.71741 0.05774 0.03854
0 0.73990 0.99069 0.04215 0.01862
0 0.71738 0.97250 0.04330 0.02988
0 0.68995 0.95149 0.03926 0.02772
0 0.66253 0.92984 0.04677 0.02945
0 0.63222 0.90645 0.04734 0.03378
0 0.60248 0.88025 0.04446 0.03248
0 0.57159 0.85795 0.03926 0.02599
0 0.54792 0.83456 0.04965 0.03291
0 0.52078 0.80879 0.04850 0.03595
0 0.49076 0.78670 0.04965 0.03595
0 0.46882 0.76137 0.05543 0.04071
0 0.43764 0.75595 0.02425 0.01343
0 0.44515 0.73560 0.04850 0.03421
0 0.41253 0.73755 0.02252 0.01386
0 0.41195 0.67064 0.06178 0.04461
0 0.44544 0.69316 0.05947 0.05067
0 0.41542 0.71676 0.05023 0.03291
0 0.38886 0.69402 0.05254 0.03595
0 0.38568 0.64638 0.06236 0.04547
0 0.35941 0.66869 0.04908 0.03725
0 0.36143 0.62451 0.06120 0.04937
0 0.33256 0.64270 0.04042 0.03465
0 0.33401 0.60264 0.06178 0.05067
0 0.29763 0.61087 0.03868 0.02988
0 0.95525 0.91057 0.05716 0.05587
0 0.92437 0.88437 0.06236 0.05890
0 0.89665 0.85730 0.06351 0.05414
0 0.86114 0.82980 0.05947 0.05197
0 0.82679 0.80858 0.06005 0.05284
0 0.79677 0.78649 0.06697 0.05024
0 0.76848 0.75725 0.07044 0.05154
0 0.73874 0.73105 0.06409 0.04244
0 0.71276 0.70333 0.06755 0.04504
0 0.68476 0.67627 0.06236 0.04374
0 0.65502 0.64855 0.05600 0.04461
0 0.62933 0.62105 0.06120 0.04937
0 0.60017 0.58987 0.06640 0.04851
0 0.56928 0.57146 0.06697 0.04634
0 0.54388 0.54591 0.06236 0.04547
0 0.55485 0.48852 0.04965 0.03205
0 0.57679 0.47185 0.05081 0.02642
0 0.59642 0.45777 0.03464 0.02512
0 0.55803 0.45583 0.04446 0.03508
0 0.57361 0.43764 0.03637 0.02295
0 0.53407 0.42594 0.04503 0.03248
0 0.54879 0.41663 0.03753 0.02165
0 0.51848 0.51927 0.06582 0.04677
0 0.44861 0.53465 0.07044 0.04981
0 0.49769 0.49112 0.06697 0.04244
0 0.51415 0.45344 0.05254 0.03551
0 0.46218 0.46730 0.06062 0.05110
0 0.43101 0.51278 0.07794 0.04417
0 0.37356 0.55284 0.07621 0.05327
0 0.30774 0.57211 0.06236 0.04851
0 0.26703 0.58532 0.04099 0.02988
0 0.34873 0.52663 0.07737 0.04504
0 0.28378 0.54742 0.06409 0.04591
0 0.23585 0.56150 0.04330 0.03248
0 0.18562 0.54028 0.03522 0.03075
0 0.21103 0.53681 0.03984 0.03162
0 0.25722 0.52490 0.07564 0.04504
0 0.32621 0.50065 0.07044 0.04851
0 0.39694 0.48614 0.06871 0.04201
0 0.43620 0.44673 0.06409 0.04374
0 0.48441 0.42399 0.05543 0.03551
0 0.50548 0.40169 0.04215 0.02642
0 0.52252 0.39541 0.03118 0.02252
0 0.49913 0.37874 0.02021 0.01862
0 0.47979 0.38112 0.04157 0.02339
0 0.45496 0.40234 0.05658 0.03811
0 0.41137 0.42248 0.06524 0.04634
0 0.38453 0.39844 0.06697 0.04331
0 0.43331 0.37895 0.04908 0.03205
0 0.47460 0.35968 0.02194 0.02209
0 0.45381 0.35903 0.04157 0.02165
0 0.40387 0.35816 0.06178 0.03638
0 0.34988 0.37462 0.07159 0.04331
0 0.32881 0.35275 0.06755 0.03854
0 0.37067 0.46254 0.07044 0.04244
0 0.34122 0.44067 0.06351 0.04894
0 0.29619 0.47900 0.08199 0.05197
0 0.22979 0.50195 0.05889 0.04764
0 0.18678 0.51386 0.03984 0.02902
0 0.16137 0.51862 0.03753 0.02902
0 0.13251 0.49610 0.03984 0.02902
0 0.15935 0.48896 0.04388 0.03205
0 0.20179 0.47705 0.05600 0.04547
0 0.26241 0.45517 0.07794 0.05284
0 0.31236 0.41685 0.06697 0.04894
0 0.28753 0.39389 0.06582 0.04807
0 0.23355 0.42551 0.06409 0.05414
0 0.18245 0.45323 0.07275 0.04807
0 0.12962 0.46665 0.04446 0.03595
0 0.10537 0.47055 0.03522 0.03335
0 0.08343 0.44218 0.02945 0.03291
0 0.10479 0.43872 0.04099 0.03465
0 0.15185 0.42876 0.06120 0.04504
0 0.20208 0.40299 0.07044 0.05067
0 0.25462 0.37202 0.06582 0.04764
0 0.22055 0.34929 0.07275 0.05067
0 0.16772 0.38198 0.06293 0.04591
0 0.11749 0.40320 0.06640 0.05110
0 0.07448 0.40754 0.03926 0.03291
0 0.05023 0.41317 0.04734 0.04244
0 0.08401 0.37007 0.06293 0.04721
0 0.14550 0.35513 0.07737 0.04677
0 0.19371 0.31810 0.06986 0.04374
0 0.29532 0.33218 0.07679 0.04244
0 0.37471 0.33174 0.06582 0.03984
0 0.42812 0.33694 0.04677 0.02599
0 0.34584 0.30749 0.06813 0.03984
0 0.41772 0.31334 0.01443 0.01083
0 0.39983 0.31269 0.03984 0.02512
0 0.31120 0.28714 0.06697 0.03378
0 0.26703 0.30619 0.07679 0.04331
0 0.37009 0.27783 0.03002 0.01689
0 0.37125 0.29255 0.04734 0.02555
0 0.04330 0.37592 0.03580 0.04331
0 0.02252 0.37744 0.02887 0.03508
0 0.07304 0.33586 0.05947 0.04981
0 0.12818 0.32135 0.06813 0.04937
0 0.23932 0.28281 0.07679 0.03984
0 0.16946 0.28887 0.06640 0.04504
0 0.33285 0.26505 0.04792 0.03898
0 0.28262 0.26548 0.06293 0.03638
0 0.21940 0.25920 0.06697 0.03508
0 0.28147 0.24556 0.06986 0.02599
0 0.27309 0.22802 0.05081 0.01776
0 0.22575 0.22780 0.06120 0.03032
0 0.11634 0.28389 0.07448 0.05154
0 0.17119 0.25032 0.07102 0.03984
0 0.10624 0.24989 0.07506 0.03811
0 0.00779 0.35513 0.01212 0.01992
0 0.02483 0.33932 0.04503 0.04201
0 0.05803 0.30576 0.06871 0.04158
0 0.05023 0.27111 0.07159 0.04851
0 0.01472 0.31096 0.02945 0.04244
0 0.03406 0.26115 0.05196 0.04158
0 0.08863 0.23040 0.07333 0.03378
0 0.15878 0.22261 0.06928 0.03118
0 0.19688 0.21286 0.04965 0.02382
0 0.24105 0.21286 0.05139 0.01776
