0 0.64635 0.48403 0.02500 0.02639
0 0.65859 0.49444 0.02656 0.02778
0 0.71667 0.56563 0.01875 0.03125
0 0.68698 0.50660 0.02083 0.02569
0 0.66406 0.51528 0.03021 0.03194
0 0.69609 0.52465 0.02344 0.02847
0 0.67344 0.53715 0.03125 0.03819
0 0.70677 0.54514 0.01979 0.03056
0 0.68359 0.55903 0.02865 0.03750
0 0.69401 0.58299 0.02865 0.03958
0 0.70417 0.60278 0.02812 0.03333
0 0.71510 0.62465 0.02604 0.03681
0 0.72474 0.64375 0.02760 0.02778
0 0.75391 0.66528 0.01927 0.03194
0 0.75807 0.69583 0.02656 0.03611
0 0.76328 0.71944 0.02448 0.02917
0 0.73047 0.65590 0.03073 0.02292
0 0.73177 0.67813 0.03125 0.03542
0 0.73802 0.70556 0.02917 0.03056
0 0.76927 0.74792 0.02083 0.03194
0 0.74974 0.73229 0.03281 0.03681
0 0.75365 0.76181 0.01875 0.02778
0 0.77292 0.77431 0.02187 0.03194
0 0.77057 0.82118 0.01823 0.02708
0 0.77031 0.80104 0.01771 0.02431
0 0.75833 0.78750 0.01979 0.03194
0 0.71849 0.82187 0.01302 0.02847
0 0.73698 0.84931 0.01667 0.01528
0 0.73281 0.83403 0.02083 0.02639
0 0.75469 0.84931 0.02396 0.02222
0 0.75234 0.82639 0.02656 0.03194
0 0.73359 0.81424 0.01927 0.03125
0 0.74896 0.80660 0.02604 0.02986
0 0.68229 0.76979 0.01354 0.02292
0 0.69531 0.79028 0.01562 0.02361
0 0.71172 0.80590 0.01927 0.02431
0 0.70026 0.78542 0.02240 0.02778
0 0.68958 0.76285 0.01979 0.03125
0 0.72083 0.78715 0.02292 0.02986
0 0.73984 0.78056 0.02760 0.03472
0 0.71042 0.76424 0.02500 0.03264
0 0.72969 0.75451 0.03333 0.03819
0 0.67057 0.75104 0.01823 0.02292
0 0.65755 0.72917 0.01406 0.02083
0 0.64557 0.70486 0.01510 0.02917
0 0.62734 0.67396 0.01510 0.02153
0 0.67578 0.74410 0.02240 0.02708
0 0.66458 0.72083 0.02292 0.02917
0 0.65338 0.70000 0.02344 0.03194
0 0.64349 0.67604 0.01927 0.03125
0 0.69870 0.74132 0.02865 0.03958
0 0.71875 0.72604 0.03229 0.03681
0 0.70729 0.70035 0.03333 0.03542
0 0.69922 0.67604 0.03594 0.03681
0 0.69219 0.65069 0.03542 0.03750
0 0.68203 0.63090 0.03073 0.03819
0 0.68724 0.71806 0.02760 0.04028
0 0.67734 0.69757 0.02656 0.04514
0 0.66693 0.67222 0.02969 0.04444
0 0.65833 0.65312 0.02708 0.03819
0 0.61589 0.65174 0.01406 0.02292
0 0.63255 0.65833 0.02448 0.03194
0 0.62214 0.63993 0.02031 0.02569
0 0.60885 0.62118 0.02396 0.03542
0 0.57292 0.54792 0.02083 0.03472
0 0.59948 0.60208 0.02604 0.03472
0 0.59036 0.58090 0.02552 0.03681
0 0.58177 0.56285 0.02813 0.03403
0 0.64531 0.62882 0.02917 0.04097
0 0.63490 0.61389 0.03125 0.03750
0 0.62604 0.58889 0.03021 0.03889
0 0.61615 0.56806 0.03333 0.04306
0 0.67266 0.60903 0.03490 0.04306
0 0.65833 0.58889 0.03542 0.04028
0 0.65078 0.56667 0.03281 0.04306
0 0.64245 0.54097 0.03385 0.04444
0 0.60052 0.53333 0.03750 0.04861
0 0.58516 0.49687 0.02656 0.04375
0 0.59088 0.51562 0.03281 0.03958
0 0.62604 0.51007 0.03229 0.04097
0 0.60885 0.47431 0.03333 0.03056
0 0.61693 0.48993 0.03594 0.03958
