0 0.92595 0.45715 0.00853 0.01545
0 0.92545 0.43822 0.01456 0.02242
0 0.92545 0.41953 0.01054 0.01794
0 0.92495 0.40085 0.01255 0.02043
0 0.91215 0.41056 0.02510 0.01893
0 0.91315 0.42825 0.02610 0.02441
0 0.91215 0.44968 0.02811 0.02143
0 0.91642 0.47185 0.02962 0.02591
0 0.91441 0.49103 0.03464 0.02342
0 0.91365 0.51021 0.03614 0.02491
0 0.92671 0.53214 0.01406 0.01993
0 0.92570 0.55032 0.01506 0.01844
0 0.92570 0.56801 0.01707 0.02093
0 0.92922 0.62905 0.01205 0.02043
0 0.92871 0.65122 0.01205 0.02491
0 0.92997 0.67563 0.01155 0.02890
0 0.92771 0.70179 0.00904 0.02940
0 0.92595 0.61012 0.01255 0.02342
0 0.92595 0.58919 0.01556 0.02541
0 0.91140 0.53264 0.03363 0.02392
0 0.90838 0.55257 0.02761 0.02093
0 0.90838 0.57100 0.02761 0.01893
0 0.90688 0.58844 0.03163 0.01993
0 0.90964 0.60837 0.03213 0.02093
0 0.91290 0.62880 0.02962 0.02093
0 0.90964 0.65047 0.03514 0.02740
0 0.91441 0.67539 0.03062 0.02940
0 0.91114 0.77753 0.01506 0.02840
0 0.91918 0.75037 0.01606 0.02591
0 0.91717 0.72845 0.02410 0.03089
0 0.91441 0.70229 0.02962 0.02740
0 0.89006 0.72820 0.04016 0.03338
0 0.88404 0.70752 0.03815 0.02890
0 0.88454 0.68137 0.04116 0.02740
0 0.87274 0.80618 0.02761 0.01993
0 0.88956 0.78525 0.03414 0.03089
0 0.84136 0.81191 0.03715 0.02242
0 0.79292 0.80443 0.04066 0.02541
0 0.81802 0.79372 0.03865 0.03587
0 0.85592 0.79123 0.03715 0.03488
0 0.89809 0.75685 0.03112 0.03488
0 0.86772 0.75984 0.03464 0.04086
0 0.83082 0.76084 0.03916 0.04285
0 0.85166 0.73318 0.04267 0.03139
0 0.85116 0.70603 0.03966 0.02691
0 0.74749 0.80543 0.04719 0.01644
0 0.72164 0.78426 0.02359 0.02990
0 0.74548 0.78899 0.03313 0.02441
0 0.76556 0.78351 0.03715 0.03438
0 0.79518 0.77828 0.03815 0.03288
0 0.79292 0.74763 0.04167 0.03637
0 0.70984 0.75610 0.01707 0.02840
0 0.70407 0.72696 0.01556 0.03089
0 0.70131 0.69706 0.02008 0.02890
0 0.73293 0.76183 0.03614 0.03787
0 0.72816 0.73318 0.03564 0.02940
0 0.71611 0.71026 0.03062 0.02740
0 0.73871 0.70703 0.03564 0.03587
0 0.75803 0.75087 0.03614 0.04185
0 0.77234 0.72372 0.04568 0.03538
0 0.69478 0.65172 0.01004 0.01694
0 0.69854 0.67140 0.01456 0.02641
0 0.71586 0.68211 0.03514 0.03089
0 0.74824 0.67464 0.04167 0.03787
0 0.77159 0.69258 0.04116 0.03986
0 0.81376 0.72745 0.04518 0.03388
0 0.81350 0.69532 0.04367 0.03438
0 0.84614 0.67912 0.04066 0.03288
0 0.80271 0.67065 0.04418 0.03986
0 0.88102 0.65869 0.04116 0.02790
0 0.87751 0.63702 0.04518 0.01844
0 0.87801 0.61858 0.04920 0.02641
0 0.87600 0.59641 0.04618 0.02192
0 0.87374 0.57698 0.04669 0.01993
0 0.87676 0.55854 0.04769 0.02192
0 0.87525 0.53837 0.04970 0.02441
0 0.88127 0.51819 0.04267 0.02491
0 0.88178 0.49651 0.04669 0.02441
0 0.88604 0.47733 0.04016 0.02093
0 0.69804 0.63553 0.01255 0.02641
0 0.69980 0.61435 0.01406 0.02093
0 0.69854 0.59218 0.01355 0.02441
0 0.70005 0.56727 0.01556 0.02541
0 0.70156 0.54235 0.01255 0.02043
0 0.70281 0.51868 0.00904 0.01893
0 0.70256 0.49601 0.01556 0.02242
0 0.70181 0.46986 0.01707 0.02192
0 0.70356 0.44594 0.01958 0.02192
0 0.70482 0.42526 0.02008 0.02143
0 0.70658 0.40359 0.02159 0.02491
0 0.71185 0.65570 0.03012 0.02491
0 0.71335 0.63403 0.03213 0.02143
0 0.71561 0.61684 0.03163 0.02192
0 0.71411 0.59816 0.02761 0.02342
0 0.71611 0.57748 0.03263 0.02192
0 0.71888 0.55630 0.03614 0.02143
0 0.72013 0.53637 0.03665 0.02143
0 0.71687 0.51644 0.03213 0.02143
0 0.74147 0.65197 0.04116 0.02740
0 0.74674 0.63004 0.04869 0.02641
0 0.74824 0.61011 0.04669 0.02242
0 0.74749 0.59043 0.04719 0.02292
0 0.74423 0.56801 0.04970 0.02491
0 0.74548 0.54659 0.04719 0.02691
0 0.75201 0.52566 0.04618 0.02491
0 0.72189 0.49676 0.03715 0.02192
0 0.72390 0.45640 0.03313 0.01794
0 0.72139 0.47534 0.03313 0.02292
0 0.72616 0.43846 0.03564 0.02093
0 0.72741 0.41903 0.03414 0.02192
0 0.73143 0.39860 0.03815 0.02192
0 0.91165 0.39163 0.02510 0.02392
0 0.83735 0.65122 0.04518 0.03189
0 0.83710 0.62481 0.04267 0.02491
0 0.83860 0.60115 0.04066 0.02441
0 0.83559 0.58047 0.04468 0.02691
0 0.78916 0.54435 0.04920 0.02143
0 0.83333 0.55755 0.04618 0.02392
0 0.83710 0.54061 0.04468 0.02990
0 0.84287 0.51943 0.04719 0.02342
0 0.84337 0.49726 0.04719 0.02591
0 0.84538 0.47608 0.04719 0.02441
0 0.78439 0.65247 0.04769 0.03039
0 0.79116 0.63004 0.05221 0.02740
0 0.79619 0.61011 0.04920 0.02740
0 0.79066 0.58794 0.04719 0.02392
0 0.79016 0.56527 0.05221 0.02541
0 0.79568 0.52865 0.05020 0.02890
0 0.79844 0.50772 0.04970 0.02790
0 0.79920 0.48555 0.04618 0.02242
0 0.80070 0.46637 0.04920 0.02292
0 0.84714 0.43647 0.04367 0.02093
0 0.80246 0.44494 0.04869 0.02292
0 0.80673 0.42601 0.04920 0.02491
0 0.75376 0.50797 0.04568 0.02441
0 0.75402 0.48630 0.04518 0.02292
0 0.75527 0.46711 0.04167 0.02142
0 0.75828 0.44793 0.04468 0.02292
0 0.76004 0.42875 0.04217 0.02242
0 0.76230 0.40807 0.04568 0.02292
0 0.88353 0.39263 0.04217 0.02491
0 0.88830 0.41455 0.03765 0.02192
0 0.88730 0.43498 0.03865 0.02890
0 0.88629 0.45840 0.03865 0.02392
0 0.84664 0.45665 0.04367 0.02342
0 0.84990 0.41704 0.04518 0.02292
0 0.84965 0.39462 0.04568 0.02392
0 0.80648 0.40608 0.04568 0.02392
0 0.92319 0.38017 0.01205 0.01893
0 0.92119 0.35974 0.01305 0.02292
0 0.91014 0.36971 0.02510 0.02491
0 0.91416 0.33856 0.01908 0.02043
0 0.91039 0.31913 0.01857 0.02043
0 0.90412 0.34903 0.02711 0.02143
0 0.89608 0.24415 0.01807 0.02093
0 0.89157 0.22546 0.01606 0.02242
0 0.88805 0.20453 0.01506 0.02541
0 0.90311 0.26308 0.01205 0.01893
0 0.89006 0.26084 0.02008 0.02043
0 0.89809 0.28027 0.02610 0.02441
0 0.90361 0.30120 0.02410 0.02342
0 0.88554 0.36846 0.03614 0.02840
0 0.88328 0.34454 0.02661 0.02342
0 0.89182 0.32436 0.03665 0.03089
0 0.85065 0.37145 0.04167 0.02242
0 0.85341 0.35426 0.03715 0.01395
0 0.85617 0.33732 0.04066 0.02790
0 0.86119 0.31565 0.04267 0.02840
0 0.86245 0.28874 0.04016 0.03239
0 0.70683 0.38241 0.02008 0.02043
0 0.71084 0.36149 0.01807 0.01844
0 0.71310 0.34355 0.02560 0.02043
0 0.71436 0.32486 0.02008 0.02093
0 0.71812 0.30219 0.02359 0.02043
0 0.73143 0.37519 0.04116 0.02491
0 0.73494 0.35600 0.04016 0.02441
0 0.74021 0.33582 0.04066 0.01993
0 0.73996 0.31564 0.04116 0.02441
0 0.74398 0.29322 0.03916 0.02242
0 0.76631 0.38739 0.04669 0.02342
0 0.76933 0.36746 0.04769 0.02342
0 0.77309 0.34654 0.05020 0.02541
0 0.77585 0.32636 0.04769 0.02491
0 0.81049 0.38640 0.04468 0.02441
0 0.81300 0.36447 0.04869 0.02441
0 0.81752 0.34479 0.04769 0.02591
0 0.81953 0.32262 0.04869 0.02441
0 0.82455 0.30169 0.04669 0.02441
0 0.82631 0.27927 0.05321 0.02342
0 0.77861 0.30394 0.04719 0.02491
0 0.78213 0.28176 0.04618 0.02740
0 0.72565 0.27952 0.03062 0.02292
0 0.72565 0.25785 0.02259 0.02142
0 0.75000 0.27155 0.03815 0.02491
0 0.73519 0.23642 0.02761 0.02541
0 0.83484 0.26084 0.04618 0.02641
0 0.84287 0.20678 0.03213 0.01893
0 0.84237 0.24390 0.04618 0.03039
0 0.84714 0.22446 0.04066 0.02441
0 0.81250 0.20254 0.02861 0.01844
0 0.73519 0.20603 0.01657 0.01943
0 0.74046 0.21624 0.02610 0.02392
0 0.74573 0.17987 0.01255 0.01495
0 0.76431 0.17190 0.02761 0.02093
0 0.75025 0.19233 0.02460 0.02591
0 0.75402 0.24938 0.04116 0.02242
0 0.78991 0.25934 0.04669 0.02441
0 0.79694 0.24016 0.04769 0.03189
0 0.76255 0.22845 0.04116 0.02541
0 0.80522 0.21799 0.04618 0.03039
0 0.77159 0.20752 0.04217 0.02940
0 0.79393 0.17140 0.03263 0.02392
0 0.78163 0.18859 0.04317 0.03039
0 0.62324 0.27653 0.03062 0.01594
0 0.63002 0.31540 0.02711 0.02890
0 0.63353 0.29048 0.01104 0.02192
0 0.61119 0.28675 0.04167 0.02342
0 0.62274 0.30867 0.02661 0.02541
0 0.59237 0.30742 0.03815 0.03189
0 0.55949 0.29945 0.04167 0.02990
0 0.63780 0.34106 0.01456 0.02740
0 0.63855 0.36821 0.01506 0.02890
0 0.62550 0.35576 0.02610 0.02790
0 0.62098 0.33408 0.02811 0.02740
0 0.59588 0.35750 0.04016 0.02840
0 0.59036 0.33458 0.04016 0.02840
0 0.55748 0.32436 0.03966 0.02790
0 0.56099 0.34853 0.04267 0.03139
0 0.44352 0.28974 0.02661 0.00548
0 0.42219 0.30892 0.00803 0.02591
0 0.44654 0.30543 0.05070 0.02691
0 0.42319 0.36821 0.01205 0.01694
0 0.42445 0.33333 0.01255 0.03089
0 0.44478 0.32985 0.04719 0.02790
0 0.43700 0.35476 0.03363 0.03089
0 0.46436 0.33981 0.04618 0.02990
0 0.46712 0.74041 0.02861 0.01794
0 0.45030 0.71649 0.01104 0.03189
0 0.46938 0.72148 0.03916 0.03288
0 0.42545 0.38092 0.01556 0.02242
0 0.42420 0.40159 0.01004 0.02292
0 0.42344 0.42576 0.01054 0.02840
0 0.42470 0.45341 0.00904 0.02890
0 0.42445 0.50000 0.00452 0.02641
0 0.42746 0.52367 0.00753 0.02591
0 0.43599 0.55082 0.02259 0.03239
0 0.43399 0.57474 0.01054 0.02541
0 0.44377 0.60090 0.02610 0.03388
0 0.44629 0.62805 0.02309 0.03139
0 0.44980 0.65421 0.02209 0.02192
0 0.44428 0.68411 0.01205 0.03587
0 0.46059 0.69033 0.03263 0.03338
0 0.45507 0.66144 0.02861 0.02940
0 0.44377 0.38092 0.04116 0.02342
0 0.44277 0.40409 0.04217 0.02790
0 0.44603 0.42676 0.04568 0.03039
0 0.43951 0.45292 0.03363 0.02890
0 0.43624 0.48082 0.02912 0.03288
0 0.44152 0.50548 0.03363 0.03039
0 0.44428 0.52940 0.03213 0.02441
0 0.44779 0.55929 0.02912 0.02641
0 0.44879 0.58072 0.02610 0.02242
0 0.45080 0.60463 0.02811 0.02740
0 0.45582 0.63278 0.03414 0.02292
0 0.47992 0.68286 0.03614 0.03039
0 0.48067 0.65247 0.04066 0.03538
0 0.47841 0.62108 0.03614 0.02740
0 0.47289 0.56602 0.03012 0.02591
0 0.47264 0.59293 0.03464 0.03189
0 0.46636 0.54410 0.03916 0.03189
0 0.46285 0.51445 0.03614 0.02940
0 0.46160 0.48879 0.03665 0.02790
0 0.45934 0.46438 0.03916 0.02990
0 0.46084 0.43822 0.03916 0.02641
0 0.64483 0.64151 0.02962 0.03039
0 0.64960 0.61809 0.01606 0.02840
0 0.64734 0.59193 0.01958 0.02890
0 0.64332 0.56652 0.02761 0.02890
0 0.64357 0.53986 0.01908 0.02641
0 0.63805 0.51520 0.02309 0.02790
0 0.63379 0.49153 0.02359 0.02740
0 0.63705 0.46662 0.01606 0.02541
0 0.63680 0.44444 0.01657 0.02292
0 0.63579 0.42053 0.01757 0.02790
0 0.63604 0.39561 0.01807 0.02491
0 0.62400 0.38092 0.02811 0.02342
0 0.59588 0.38391 0.03916 0.02940
0 0.62149 0.40683 0.02711 0.03039
0 0.61948 0.43074 0.02510 0.02143
0 0.62149 0.45466 0.02811 0.03139
0 0.62525 0.47957 0.02359 0.02641
0 0.61948 0.50399 0.02410 0.02342
0 0.62349 0.52815 0.02410 0.02890
0 0.63153 0.55281 0.02811 0.02740
0 0.63052 0.57922 0.03012 0.02441
0 0.63529 0.63278 0.02861 0.02790
0 0.63504 0.60538 0.02610 0.02990
0 0.60919 0.64848 0.03665 0.03239
0 0.57681 0.63503 0.03514 0.02940
0 0.60743 0.61734 0.04418 0.03189
0 0.61019 0.58869 0.03464 0.02840
0 0.60618 0.56029 0.03564 0.02740
0 0.60266 0.53438 0.03765 0.02940
0 0.59990 0.50922 0.03614 0.02591
0 0.59839 0.48181 0.03614 0.02990
0 0.59488 0.45790 0.03815 0.02691
0 0.59061 0.43348 0.03765 0.02392
0 0.59362 0.40882 0.03966 0.02740
0 0.46561 0.36771 0.04869 0.03089
0 0.48971 0.38889 0.03865 0.02342
0 0.50577 0.59716 0.04167 0.02342
0 0.50201 0.57300 0.04217 0.02990
0 0.49925 0.54609 0.04568 0.02890
0 0.49573 0.51694 0.04568 0.03438
0 0.49297 0.48904 0.04116 0.02740
0 0.49172 0.46313 0.04167 0.02940
0 0.49548 0.43647 0.04217 0.02790
0 0.49147 0.41305 0.04217 0.02591
0 0.55974 0.40060 0.03916 0.02491
0 0.56250 0.37693 0.04367 0.02840
0 0.55572 0.42526 0.04418 0.02342
0 0.55999 0.44918 0.04066 0.02740
0 0.56300 0.47509 0.04267 0.03039
0 0.56250 0.50199 0.04066 0.02940
0 0.56877 0.52840 0.03715 0.03039
0 0.57179 0.55630 0.03614 0.03039
0 0.57781 0.58147 0.03514 0.02790
0 0.58007 0.60812 0.03564 0.02840
0 0.54493 0.60962 0.03966 0.02940
0 0.54041 0.58445 0.03564 0.02691
0 0.53539 0.55431 0.03665 0.03139
0 0.53238 0.52666 0.03363 0.03089
0 0.52912 0.49975 0.03514 0.02591
0 0.52585 0.47210 0.03865 0.03338
0 0.52636 0.44146 0.03163 0.02990
0 0.52359 0.40658 0.03614 0.03587
0 0.52309 0.37544 0.03916 0.03039
0 0.15562 0.71051 0.01104 0.02990
0 0.13554 0.58072 0.03715 0.02541
0 0.12550 0.55456 0.03815 0.03787
0 0.14634 0.67240 0.02259 0.03936
0 0.13981 0.63503 0.02259 0.03936
0 0.30547 0.29696 0.02058 0.01594
0 0.30597 0.27329 0.02159 0.02740
0 0.30271 0.24863 0.02108 0.02192
0 0.34262 0.53587 0.00853 0.01146
0 0.34337 0.56527 0.00703 0.00947
0 0.33559 0.57673 0.02560 0.02641
0 0.31953 0.54908 0.05472 0.03288
0 0.31953 0.52217 0.05371 0.02990
0 0.32354 0.49377 0.04669 0.03089
0 0.33660 0.46338 0.01958 0.03189
0 0.33534 0.43772 0.01908 0.02342
0 0.31928 0.40957 0.04518 0.02990
0 0.31325 0.38739 0.03715 0.02342
0 0.31426 0.36896 0.03815 0.02441
0 0.31350 0.34554 0.03966 0.02840
0 0.31476 0.31938 0.04518 0.03189
0 0.31451 0.48132 0.04468 0.03189
0 0.31275 0.45590 0.03916 0.03288
0 0.30422 0.42501 0.05522 0.03488
0 0.33609 0.60688 0.02761 0.03288
0 0.30848 0.60513 0.04769 0.04335
0 0.30823 0.56951 0.04016 0.03587
0 0.26682 0.57623 0.05271 0.03737
0 0.27234 0.54609 0.04769 0.03288
0 0.27510 0.51644 0.04819 0.03039
0 0.27485 0.48630 0.04970 0.03288
0 0.27811 0.45516 0.04518 0.03139
0 0.27410 0.42501 0.04719 0.03189
0 0.10166 0.46163 0.00954 0.02441
0 0.12475 0.42676 0.05271 0.02342
0 0.12098 0.44694 0.04116 0.03488
0 0.11421 0.49402 0.03464 0.02441
0 0.11320 0.47559 0.02560 0.02541
0 0.14483 0.50872 0.05171 0.03189
0 0.15010 0.47957 0.06426 0.02940
0 0.14207 0.45042 0.04719 0.03787
0 0.18650 0.49751 0.05271 0.03637
0 0.23218 0.50050 0.04769 0.02740
0 0.23670 0.47235 0.04970 0.03587
0 0.23118 0.43996 0.05673 0.03288
0 0.23017 0.40807 0.05371 0.03288
0 0.23218 0.37843 0.05371 0.02840
0 0.17947 0.43647 0.05271 0.03787
0 0.13228 0.38939 0.02159 0.01545
0 0.11973 0.40259 0.04669 0.03089
0 0.12977 0.37295 0.02359 0.01644
0 0.13127 0.29472 0.02359 0.01744
0 0.13102 0.31440 0.02410 0.02292
0 0.13102 0.33832 0.03012 0.02093
0 0.12149 0.35600 0.04418 0.02441
0 0.13303 0.26383 0.03112 0.02043
0 0.12224 0.27728 0.04468 0.03139
