0 0.22552 0.28021 0.01771 0.05486
0 0.05651 0.20625 0.04010 0.04028
0 0.04766 0.24375 0.04427 0.05139
0 0.09635 0.17500 0.04062 0.04028
0 0.13333 0.17396 0.04479 0.03403
0 0.09635 0.19861 0.04896 0.04306
0 0.09245 0.23611 0.05469 0.05972
0 0.02734 0.27917 0.03073 0.04861
0 0.01172 0.32049 0.01927 0.03681
0 0.00859 0.35451 0.01719 0.03542
0 0.04167 0.28785 0.04688 0.06319
0 0.03620 0.33264 0.04740 0.05694
0 0.03021 0.37153 0.03854 0.03750
0 0.02109 0.40139 0.04219 0.06250
0 0.08802 0.28507 0.05417 0.07014
0 0.07917 0.33958 0.06146 0.06250
0 0.07292 0.38125 0.06562 0.05000
0 0.01745 0.44722 0.03490 0.08333
0 0.01328 0.50660 0.02656 0.05347
0 0.06615 0.42431 0.06562 0.06667
0 0.05781 0.46771 0.06771 0.05625
0 0.00938 0.55833 0.01875 0.05278
0 0.05078 0.51215 0.06927 0.06181
0 0.00521 0.60312 0.01042 0.04097
0 0.04505 0.55833 0.07240 0.05833
0 0.19167 0.19653 0.01562 0.03056
0 0.16901 0.19097 0.03698 0.04028
0 0.13906 0.20833 0.05208 0.04722
0 0.21016 0.23958 0.01302 0.03472
0 0.18542 0.22743 0.04375 0.05208
0 0.14115 0.24965 0.05625 0.06458
0 0.21797 0.27986 0.02031 0.05000
0 0.18958 0.26771 0.04688 0.05347
0 0.22213 0.32049 0.02760 0.04375
0 0.23984 0.36667 0.02031 0.06111
0 0.22083 0.35868 0.02813 0.04931
0 0.22396 0.40139 0.02708 0.04861
0 0.22786 0.44340 0.02969 0.04375
0 0.22891 0.47743 0.03177 0.03681
0 0.22422 0.50069 0.02240 0.01944
0 0.18880 0.31319 0.04635 0.05278
0 0.18984 0.35729 0.04948 0.05208
0 0.18776 0.39653 0.05885 0.05417
0 0.18646 0.43750 0.06250 0.05694
0 0.18490 0.47847 0.06354 0.05556
0 0.18125 0.52014 0.07083 0.05556
0 0.22109 0.60451 0.03073 0.05347
0 0.17708 0.55938 0.06771 0.05347
0 0.13750 0.28854 0.06250 0.05347
0 0.13880 0.33333 0.06927 0.06111
0 0.13594 0.37257 0.06771 0.06181
0 0.12839 0.41493 0.07031 0.06597
0 0.12500 0.46354 0.07396 0.06597
0 0.11823 0.50312 0.07292 0.05903
0 0.11302 0.54236 0.07396 0.05972
0 0.22240 0.64201 0.03125 0.05903
0 0.22109 0.69306 0.03802 0.05833
0 0.21537 0.73646 0.04323 0.05486
0 0.21406 0.78368 0.04375 0.05208
0 0.21016 0.83264 0.04635 0.05972
0 0.20573 0.88229 0.04896 0.06042
0 0.21641 0.97986 0.01719 0.04028
0 0.19714 0.93646 0.06719 0.07153
0 0.17943 0.97222 0.06302 0.05556
0 0.04089 0.60521 0.07656 0.06181
0 0.03672 0.65208 0.07344 0.06944
0 0.03203 0.69861 0.06406 0.05000
0 0.02891 0.74826 0.05781 0.07014
0 0.02474 0.79236 0.04948 0.05833
0 0.17708 0.60556 0.07188 0.06111
0 0.17318 0.65208 0.07969 0.06250
0 0.16901 0.70000 0.07760 0.05972
0 0.16432 0.74653 0.07344 0.05972
0 0.16615 0.79479 0.06979 0.05347
0 0.11250 0.59062 0.07812 0.06597
0 0.10807 0.64062 0.07656 0.06319
0 0.09948 0.68090 0.07604 0.06042
0 0.09401 0.72639 0.08281 0.06667
0 0.09115 0.78715 0.08437 0.07431
0 0.00313 0.91042 0.00625 0.01389
0 0.01276 0.88611 0.02552 0.04306
0 0.01823 0.84167 0.03646 0.06250
0 0.15547 0.84306 0.08177 0.06667
0 0.14714 0.89826 0.08073 0.07986
0 0.12552 0.94063 0.07604 0.08403
0 0.07552 0.82917 0.08333 0.07917
0 0.06693 0.88056 0.08490 0.07361
0 0.11719 0.98403 0.07396 0.03194
0 0.00625 0.93854 0.01250 0.04931
0 0.01224 0.99167 0.02448 0.01667
0 0.04297 0.97396 0.08594 0.05208
0 0.04714 0.92292 0.08594 0.08056
0 0.67135 0.04132 0.02083 0.01458
0 0.74297 0.06840 0.03906 0.02847
0 0.77526 0.10938 0.03490 0.05625
0 0.74115 0.07951 0.03854 0.03958
0 0.70260 0.06181 0.05417 0.05278
0 0.66562 0.05590 0.04063 0.03403
0 0.63021 0.05208 0.04896 0.04028
0 0.59297 0.04479 0.02865 0.03542
0 0.76172 0.13090 0.04427 0.06875
0 0.72292 0.11528 0.04688 0.06528
0 0.67995 0.10208 0.04948 0.06944
0 0.79870 0.18438 0.05365 0.07847
0 0.78542 0.23472 0.05000 0.05694
0 0.74896 0.18056 0.05000 0.07361
0 0.75365 0.22326 0.02396 0.02153
0 0.70755 0.16875 0.04740 0.07917
0 0.64662 0.09653 0.02656 0.05972
0 0.67162 0.15451 0.03594 0.06042
0 0.63984 0.13750 0.03177 0.06111
0 0.53073 0.02986 0.01979 0.01250
0 0.56042 0.04340 0.05313 0.03681
0 0.48490 0.03229 0.03437 0.02153
0 0.51094 0.04236 0.05729 0.03472
0 0.45338 0.03472 0.03594 0.04028
0 0.43177 0.03299 0.05833 0.03542
0 0.37891 0.02326 0.04948 0.02847
0 0.61380 0.08750 0.04635 0.06806
0 0.57422 0.07674 0.04740 0.06042
0 0.53177 0.07569 0.04583 0.05694
0 0.48750 0.06910 0.04896 0.06042
0 0.43984 0.06528 0.05156 0.06806
0 0.38828 0.05938 0.05677 0.07014
0 0.32969 0.02153 0.05312 0.03611
0 0.33724 0.05903 0.05156 0.07500
0 0.27812 0.03021 0.05417 0.04514
0 0.28255 0.05833 0.05885 0.08056
0 0.60807 0.13403 0.03594 0.05972
0 0.56901 0.11840 0.05677 0.05903
0 0.52760 0.11389 0.04271 0.04167
0 0.48776 0.11111 0.04844 0.05139
0 0.44505 0.13472 0.04323 0.08889
0 0.40651 0.12153 0.05052 0.08889
0 0.35703 0.12292 0.05365 0.10000
0 0.30312 0.10833 0.05937 0.09444
0 0.22708 0.12951 0.07500 0.09792
0 0.25000 0.18229 0.06979 0.10903
0 0.31276 0.20104 0.06510 0.11736
0 0.36250 0.20278 0.04583 0.09583
0 0.24713 0.25625 0.03177 0.04861
0 0.24713 0.31181 0.03177 0.08333
0 0.32865 0.26146 0.03229 0.03681
0 0.28073 0.28299 0.06771 0.10486
0 0.57161 0.98368 0.01927 0.03264
0 0.53802 0.98993 0.05417 0.02014
0 0.53906 0.95799 0.05833 0.06181
0 0.56979 0.94097 0.02187 0.05556
0 0.56927 0.88993 0.01771 0.05069
0 0.57292 0.84479 0.01146 0.02292
0 0.53828 0.89965 0.06302 0.06597
0 0.54219 0.84757 0.05937 0.05347
0 0.47734 0.99028 0.07135 0.01944
0 0.25729 0.98889 0.01875 0.02222
0 0.25521 0.92188 0.01667 0.05208
0 0.27500 0.96493 0.05104 0.07014
0 0.32734 0.98021 0.08281 0.03958
0 0.40573 0.97743 0.08542 0.04514
0 0.47656 0.95556 0.07708 0.06667
0 0.26406 0.79931 0.01875 0.05833
0 0.26016 0.85417 0.01615 0.05278
0 0.27682 0.90312 0.04844 0.06736
0 0.28516 0.84688 0.04635 0.06042
0 0.33307 0.93437 0.08073 0.06875
0 0.33385 0.86840 0.08646 0.07014
0 0.47734 0.89375 0.07760 0.06667
0 0.48255 0.84722 0.07969 0.04167
0 0.40495 0.92500 0.08594 0.06944
0 0.40833 0.86736 0.08437 0.06389
0 0.28333 0.73681 0.03542 0.05278
0 0.29922 0.78924 0.07656 0.07014
0 0.33594 0.80486 0.08021 0.07083
0 0.41120 0.81875 0.08177 0.04722
0 0.97240 0.40312 0.01875 0.02708
0 0.95000 0.38021 0.03542 0.05347
0 0.93958 0.37014 0.02396 0.04028
0 0.91588 0.35208 0.04010 0.05972
0 0.89635 0.33958 0.04167 0.05694
0 0.86745 0.32222 0.05156 0.06111
0 0.84792 0.31111 0.03542 0.04861
0 0.81849 0.28542 0.03802 0.05556
0 0.79115 0.26632 0.04792 0.06181
0 0.76146 0.24896 0.06042 0.07153
0 0.72917 0.23229 0.05208 0.06319
0 0.99531 0.44028 0.00937 0.02083
0 0.99531 0.50694 0.00937 0.02639
0 0.98438 0.45833 0.03125 0.10000
0 0.97578 0.44965 0.03281 0.09792
0 0.95521 0.43507 0.04375 0.10625
0 0.93880 0.42118 0.03490 0.09514
0 0.91641 0.40486 0.04219 0.10139
0 0.89583 0.39271 0.04271 0.10069
0 0.88099 0.38472 0.03802 0.10000
0 0.97396 0.70833 0.03542 0.05000
0 0.93750 0.74757 0.03750 0.02986
0 0.90729 0.76181 0.03958 0.03472
0 0.89323 0.76285 0.03542 0.03264
0 0.87422 0.77257 0.04010 0.03264
0 0.84818 0.77639 0.03594 0.04028
0 0.82500 0.78160 0.04167 0.04514
0 0.81432 0.78229 0.03594 0.04375
0 0.79141 0.78611 0.05156 0.05833
0 0.76537 0.78542 0.05260 0.06528
0 0.74453 0.78333 0.04844 0.06944
0 0.72083 0.78646 0.05729 0.07431
0 0.50026 0.81458 0.05781 0.04167
0 0.69193 0.78611 0.06719 0.08194
0 0.64870 0.79236 0.06615 0.09167
0 0.99375 0.66667 0.00938 0.03750
0 0.97943 0.68958 0.02240 0.05694
0 0.95885 0.70590 0.03333 0.06042
0 0.93906 0.70972 0.04271 0.07083
0 0.92318 0.71458 0.03802 0.06389
0 0.89557 0.71944 0.06927 0.08611
0 0.88385 0.71215 0.04375 0.08819
0 0.86224 0.71424 0.05469 0.09653
0 0.83698 0.71250 0.05729 0.10000
0 0.81641 0.70833 0.06198 0.10139
0 0.78464 0.70521 0.06302 0.10486
0 0.75521 0.70208 0.06771 0.10278
0 0.70833 0.70417 0.06042 0.10417
0 0.99479 0.61806 0.01042 0.06250
0 0.97630 0.63750 0.04427 0.08056
0 0.94844 0.63750 0.05417 0.09167
0 0.92708 0.63264 0.05417 0.09028
0 0.91354 0.61771 0.05104 0.11042
0 0.89557 0.60799 0.04844 0.12153
0 0.87057 0.60729 0.04844 0.12292
0 0.84818 0.59618 0.05677 0.13681
0 0.82187 0.59375 0.05104 0.13056
0 0.79870 0.58924 0.05052 0.13264
0 0.75911 0.59757 0.06510 0.13958
0 0.98255 0.55417 0.03490 0.09444
0 0.97370 0.54236 0.04323 0.10972
0 0.95495 0.53819 0.04427 0.10833
0 0.94271 0.52222 0.05313 0.12083
0 0.92839 0.50799 0.04531 0.11736
0 0.90547 0.49514 0.04740 0.12083
0 0.88854 0.48542 0.04062 0.11667
0 0.86068 0.37153 0.03802 0.10694
0 0.84010 0.35903 0.04479 0.11667
0 0.80938 0.34201 0.05000 0.11597
0 0.78776 0.33299 0.05052 0.11875
0 0.75052 0.31528 0.05417 0.12639
0 0.86953 0.47778 0.04219 0.12083
0 0.84688 0.46701 0.04688 0.13403
0 0.82187 0.46146 0.04688 0.13958
0 0.78359 0.45243 0.06719 0.15347
0 0.60156 0.78542 0.09792 0.10278
0 0.65885 0.69583 0.09688 0.12083
0 0.73229 0.57396 0.07500 0.16319
0 0.75625 0.42674 0.05521 0.15069
0 0.69375 0.21424 0.05521 0.07014
0 0.65260 0.19896 0.07708 0.07708
0 0.70338 0.30208 0.08802 0.15417
0 0.70234 0.42535 0.08177 0.17431
0 0.66432 0.56597 0.11198 0.15139
0 0.54922 0.73924 0.10990 0.16597
0 0.60078 0.65799 0.11198 0.15625
0 0.30547 0.50139 0.12969 0.07500
0 0.27578 0.65243 0.04219 0.04514
0 0.37682 0.74410 0.07969 0.11319
0 0.44609 0.75139 0.09635 0.15972
0 0.54531 0.14479 0.04375 0.02986
0 0.59141 0.20694 0.09427 0.11944
0 0.63021 0.29132 0.09583 0.14375
0 0.48854 0.16424 0.08750 0.07153
0 0.51562 0.22639 0.11875 0.16389
0 0.42135 0.23785 0.11562 0.16042
0 0.36641 0.32188 0.13490 0.15069
0 0.30963 0.40382 0.14427 0.15069
0 0.28307 0.56111 0.15052 0.14306
0 0.33724 0.68021 0.13281 0.17569
0 0.56250 0.54861 0.11563 0.17361
0 0.61354 0.41458 0.11875 0.16944
0 0.53698 0.32778 0.09479 0.17083
