0 0.19492 0.28444 0.00755 0.02168
0 0.18662 0.27360 0.01006 0.01276
0 0.17530 0.26850 0.01459 0.00893
0 0.14864 0.27328 0.00654 0.00829
0 0.15191 0.27360 0.00805 0.00765
0 0.14311 0.28253 0.00956 0.01148
0 0.16298 0.27455 0.01610 0.01467
0 0.18612 0.28795 0.01308 0.02360
0 0.17455 0.27997 0.01811 0.01913
0 0.20926 0.34503 0.00905 0.02423
0 0.20649 0.32812 0.00855 0.02105
0 0.13883 0.29337 0.00905 0.01403
0 0.13607 0.30740 0.00956 0.01531
0 0.13682 0.32270 0.01308 0.01786
0 0.13682 0.36799 0.00905 0.01148
0 0.13581 0.35651 0.01006 0.02168
0 0.13481 0.33960 0.01006 0.01849
0 0.14789 0.28444 0.01006 0.01531
0 0.15795 0.28253 0.01509 0.01531
0 0.14537 0.29751 0.01308 0.01722
0 0.14512 0.31122 0.01459 0.01531
0 0.14437 0.32589 0.01509 0.01658
0 0.14588 0.34311 0.01710 0.02168
0 0.14663 0.36097 0.01761 0.01913
0 0.16298 0.34630 0.02012 0.02041
0 0.16021 0.32749 0.01962 0.01849
0 0.15921 0.31154 0.01761 0.01722
0 0.15770 0.29656 0.01559 0.01786
0 0.17203 0.29464 0.01811 0.02041
0 0.19064 0.30517 0.01710 0.02105
0 0.17606 0.30995 0.02213 0.01786
0 0.19467 0.31824 0.01710 0.02041
0 0.17757 0.32494 0.02414 0.01977
0 0.19743 0.33418 0.01962 0.02168
0 0.17983 0.34184 0.02364 0.02296
0 0.19970 0.35395 0.02113 0.02551
0 0.16097 0.36256 0.02012 0.01977
0 0.18260 0.36129 0.02716 0.02232
0 0.16600 0.38201 0.02314 0.02168
0 0.18788 0.37851 0.03270 0.02742
0 0.16876 0.40274 0.02565 0.02232
0 0.19266 0.39764 0.03219 0.02615
0 0.17103 0.42124 0.02414 0.02615
0 0.19366 0.41741 0.03219 0.02487
0 0.15090 0.38138 0.02113 0.02679
0 0.15568 0.39636 0.00755 0.00957
0 0.20674 0.37086 0.01107 0.02742
0 0.20750 0.39190 0.00654 0.01594
0 0.21378 0.41199 0.01308 0.02296
0 0.16449 0.44292 0.01006 0.02615
0 0.16549 0.46078 0.00704 0.01594
0 0.17832 0.44037 0.02666 0.02615
0 0.16625 0.47832 0.00956 0.02296
0 0.16876 0.49968 0.01157 0.02487
0 0.18335 0.49968 0.02565 0.01977
0 0.17832 0.46142 0.02666 0.02360
0 0.18084 0.48214 0.02767 0.02551
0 0.20775 0.49585 0.03219 0.02487
0 0.23063 0.48948 0.01761 0.02997
0 0.22963 0.46524 0.01962 0.02742
0 0.22309 0.44930 0.01660 0.02487
0 0.21932 0.43080 0.01610 0.02232
0 0.19945 0.43718 0.02968 0.02742
0 0.20423 0.45886 0.03219 0.02615
0 0.20850 0.47608 0.03471 0.02742
0 0.17379 0.52264 0.01660 0.02615
0 0.18863 0.52073 0.03219 0.02615
0 0.21077 0.51658 0.03219 0.02934
0 0.19115 0.54464 0.02616 0.02423
0 0.17430 0.54464 0.01358 0.02041
0 0.21152 0.54464 0.01660 0.03316
0 0.17832 0.58960 0.01157 0.02742
0 0.20448 0.55804 0.01157 0.01020
0 0.19039 0.56665 0.02062 0.02360
0 0.17606 0.56569 0.01308 0.02423
0 0.42404 0.17666 0.01107 0.01148
0 0.42907 0.18112 0.01006 0.00893
0 0.43586 0.18463 0.00956 0.00829
0 0.46001 0.19133 0.00956 0.01276
0 0.45372 0.19196 0.00905 0.01403
0 0.44215 0.19324 0.01610 0.02296
0 0.46680 0.20599 0.00704 0.01658
0 0.45875 0.20504 0.01308 0.01977
0 0.44693 0.20281 0.01358 0.01913
0 0.41222 0.18304 0.01660 0.01913
0 0.42530 0.19420 0.02465 0.02360
0 0.39789 0.19388 0.01207 0.02041
0 0.40669 0.20376 0.01861 0.03125
0 0.42756 0.21684 0.02716 0.03061
0 0.40091 0.22289 0.02314 0.03380
0 0.38632 0.22959 0.01308 0.01786
0 0.44517 0.22353 0.02113 0.02615
0 0.46906 0.22289 0.00956 0.01977
0 0.45900 0.22481 0.01861 0.02487
0 0.46982 0.24075 0.00905 0.01722
0 0.45674 0.24394 0.02213 0.02232
0 0.43888 0.24203 0.02364 0.02360
0 0.46881 0.25702 0.01107 0.01786
0 0.45448 0.26244 0.02364 0.02487
0 0.46529 0.27902 0.01710 0.02870
0 0.46152 0.31633 0.01660 0.01148
0 0.46202 0.30389 0.01761 0.02742
0 0.43888 0.33323 0.03169 0.03253
0 0.44542 0.30612 0.02867 0.02934
0 0.45221 0.28380 0.02314 0.02679
0 0.43033 0.28348 0.02565 0.02615
0 0.43486 0.26020 0.02767 0.02423
0 0.39235 0.24139 0.02213 0.03253
0 0.38229 0.28380 0.02616 0.03444
0 0.38808 0.26020 0.02364 0.03189
0 0.41826 0.23438 0.02565 0.02487
0 0.41323 0.25191 0.02968 0.02934
0 0.40895 0.27551 0.03119 0.03061
0 0.42782 0.30549 0.02867 0.02296
0 0.41801 0.32781 0.03018 0.03316
0 0.40141 0.29656 0.03722 0.03061
0 0.39235 0.31856 0.03722 0.03763
0 0.37424 0.25255 0.01610 0.03061
0 0.36947 0.27328 0.01258 0.02742
0 0.37047 0.30549 0.01358 0.03827
0 0.36393 0.33323 0.01258 0.02360
0 0.42681 0.36224 0.01358 0.03444
0 0.40971 0.35587 0.03471 0.03189
0 0.38380 0.34407 0.03722 0.03253
0 0.40870 0.43049 0.01258 0.02423
0 0.41197 0.40721 0.01710 0.02997
0 0.35438 0.35746 0.02264 0.03125
0 0.34306 0.38042 0.02213 0.03253
0 0.40644 0.37819 0.03219 0.03444
0 0.37651 0.36926 0.04376 0.03827
0 0.39688 0.40306 0.03219 0.03061
0 0.33325 0.40274 0.02666 0.02997
0 0.36796 0.39509 0.03873 0.03890
0 0.39135 0.42953 0.03722 0.03253
0 0.35941 0.41677 0.03974 0.03635
0 0.38431 0.45408 0.03320 0.03444
0 0.32218 0.42315 0.02767 0.03253
0 0.35186 0.44196 0.04477 0.03954
0 0.32093 0.45249 0.02817 0.03763
0 0.38003 0.47927 0.03169 0.02232
0 0.35060 0.46843 0.04326 0.03253
0 0.36947 0.50287 0.03571 0.03763
0 0.33727 0.49139 0.04678 0.04145
0 0.30307 0.47576 0.03068 0.04592
0 0.29250 0.49777 0.03370 0.05038
0 0.30357 0.44101 0.01459 0.02742
0 0.28999 0.46333 0.02163 0.02870
0 0.40518 0.45599 0.01258 0.03189
0 0.39764 0.48310 0.01660 0.02742
0 0.38959 0.50797 0.02264 0.03380
0 0.38707 0.53731 0.01861 0.02742
0 0.36293 0.53444 0.03773 0.03827
0 0.32621 0.51977 0.04678 0.04082
0 0.28471 0.52774 0.03722 0.03890
0 0.26182 0.51849 0.01157 0.01403
0 0.25931 0.53603 0.01962 0.03635
0 0.27540 0.54974 0.02867 0.03444
0 0.37902 0.56378 0.02062 0.03061
0 0.33778 0.57143 0.01459 0.00893
0 0.35262 0.55867 0.04024 0.03571
0 0.31967 0.54911 0.04376 0.03699
0 0.24849 0.56186 0.02616 0.03444
0 0.26006 0.57143 0.02012 0.02551
0 0.23919 0.57653 0.02264 0.02423
0 0.29527 0.62946 0.04527 0.03827
0 0.32973 0.61480 0.02767 0.00893
0 0.32243 0.63010 0.03320 0.02551
0 0.35362 0.61735 0.02414 0.01403
0 0.34859 0.63106 0.03018 0.03125
0 0.37751 0.63138 0.03068 0.03189
0 0.39738 0.63042 0.01610 0.02232
0 0.26258 0.63233 0.03018 0.02870
0 0.24019 0.64413 0.01660 0.01148
0 0.22988 0.67124 0.02314 0.04783
0 0.25478 0.66805 0.03370 0.05804
0 0.28295 0.66964 0.03571 0.05230
0 0.31439 0.66390 0.03320 0.05485
0 0.34306 0.66454 0.03320 0.05485
0 0.37072 0.66773 0.03119 0.04974
0 0.39789 0.66454 0.03119 0.05612
0 0.48239 0.65306 0.02515 0.01913
0 0.45724 0.64573 0.02817 0.02615
0 0.43687 0.63999 0.01559 0.02232
0 0.42631 0.66231 0.03471 0.05293
0 0.45523 0.67251 0.03622 0.05421
0 0.47837 0.68049 0.03018 0.04464
0 0.50654 0.67156 0.02918 0.03571
0 0.53119 0.67730 0.02515 0.03316
0 0.55533 0.67985 0.02918 0.02679
0 0.58048 0.68463 0.03018 0.02105
0 0.60513 0.68814 0.02414 0.01148
0 0.14059 0.72162 0.02465 0.02105
0 0.16650 0.73533 0.03119 0.02934
0 0.22334 0.76084 0.03219 0.01786
0 0.19492 0.73055 0.03370 0.05931
0 0.25277 0.76435 0.03169 0.02742
0 0.28320 0.77073 0.03219 0.04018
0 0.32998 0.80485 0.01107 0.01276
0 0.31363 0.77679 0.03370 0.05230
0 0.35085 0.81059 0.03370 0.03316
0 0.34306 0.77902 0.03421 0.05676
0 0.37752 0.81186 0.03672 0.03189
0 0.40845 0.81091 0.03421 0.03380
0 0.43511 0.80995 0.02918 0.02934
0 0.46253 0.80708 0.03270 0.02997
0 0.48893 0.80580 0.02817 0.01977
0 0.36972 0.77583 0.03119 0.05038
0 0.39688 0.77870 0.03622 0.05867
0 0.42706 0.77742 0.03421 0.05867
0 0.45724 0.77487 0.03421 0.05230
0 0.48541 0.77997 0.02616 0.03954
0 0.51559 0.80230 0.03219 0.01913
0 0.53873 0.79528 0.02113 0.02168
0 0.50654 0.77360 0.03119 0.05612
0 0.53169 0.77073 0.03119 0.05676
0 0.61167 0.78508 0.02515 0.02168
0 0.58853 0.78858 0.02716 0.01594
0 0.56086 0.79177 0.03219 0.02105
0 0.55659 0.76881 0.03270 0.04783
0 0.58350 0.76690 0.02817 0.05676
0 0.60765 0.76531 0.02616 0.04847
0 0.66423 0.81888 0.01660 0.01531
0 0.64034 0.79496 0.03823 0.03380
0 0.67480 0.81091 0.03270 0.02870
0 0.73617 0.79688 0.01559 0.01594
0 0.71906 0.80134 0.02062 0.02487
0 0.69618 0.80676 0.02918 0.02296
0 0.66524 0.79273 0.03068 0.03061
0 0.68763 0.78858 0.03018 0.03125
0 0.70649 0.78380 0.02968 0.03316
0 0.63380 0.76435 0.03320 0.04401
0 0.65895 0.76339 0.02918 0.04082
0 0.67958 0.75925 0.02716 0.03890
0 0.72686 0.77806 0.02716 0.03316
0 0.72082 0.75351 0.02012 0.03508
0 0.70196 0.75638 0.02163 0.03571
0 0.74975 0.78635 0.02163 0.01531
0 0.76283 0.77455 0.01459 0.01594
0 0.74396 0.77264 0.02515 0.02360
0 0.74069 0.75159 0.02666 0.02870
0 0.77238 0.75925 0.00956 0.01594
0 0.76132 0.76148 0.01559 0.02041
0 0.77087 0.74904 0.01258 0.01722
0 0.76710 0.72927 0.01308 0.02870
0 0.75654 0.74139 0.01811 0.02742
0 0.72359 0.67251 0.01761 0.00574
0 0.70397 0.67124 0.02364 0.01084
0 0.68360 0.66677 0.02414 0.01849
0 0.65820 0.66677 0.02968 0.02105
0 0.63254 0.68272 0.03270 0.02870
0 0.65392 0.68941 0.03320 0.03699
0 0.68008 0.68591 0.02515 0.03508
0 0.70020 0.68654 0.02716 0.03635
0 0.74271 0.67092 0.02264 0.01403
0 0.72057 0.68878 0.02364 0.03571
0 0.77339 0.69994 0.00654 0.01849
0 0.75905 0.68591 0.02213 0.01977
0 0.76710 0.70600 0.01509 0.02551
0 0.74095 0.68909 0.02616 0.02870
0 0.75302 0.71046 0.02213 0.03954
0 0.73793 0.72034 0.02515 0.04018
0 0.71730 0.72098 0.01911 0.04273
0 0.69894 0.72194 0.02163 0.04847
0 0.67731 0.72385 0.02666 0.04847
0 0.65468 0.72417 0.02364 0.05548
0 0.62953 0.72098 0.02968 0.05804
0 0.60387 0.71971 0.02666 0.06059
0 0.57872 0.72162 0.02767 0.06824
0 0.55407 0.71939 0.02867 0.06378
0 0.52892 0.71907 0.02465 0.06569
0 0.48114 0.73119 0.02666 0.06696
0 0.50377 0.71747 0.02968 0.07526
0 0.22585 0.72768 0.03219 0.07526
0 0.45347 0.72194 0.03370 0.07653
0 0.42178 0.72003 0.03169 0.07143
0 0.36771 0.72321 0.03018 0.07143
0 0.39210 0.72130 0.03370 0.07143
0 0.33803 0.72162 0.03219 0.07079
0 0.30885 0.72034 0.03119 0.07334
0 0.27943 0.72258 0.03370 0.07143
0 0.24924 0.72321 0.03370 0.07015
