0 0.61172 0.67578 0.02031 0.05313
0 0.61719 0.71602 0.02812 0.04609
0 0.66302 0.56484 0.05625 0.06250
0 0.64870 0.50469 0.05156 0.10000
0 0.65104 0.15313 0.02917 0.04063
0 0.60182 0.16016 0.02656 0.03281
0 0.61510 0.15508 0.02083 0.02266
0 0.62604 0.13672 0.02500 0.05000
0 0.69141 0.12695 0.03906 0.06172
0 0.68099 0.13320 0.02135 0.04609
0 0.66276 0.14375 0.02135 0.03437
0 0.38307 0.20508 0.02344 0.04453
0 0.38932 0.14844 0.04531 0.05781
0 0.35521 0.15195 0.02500 0.05859
0 0.37370 0.16680 0.03698 0.05391
0 0.75078 0.18672 0.01510 0.00781
0 0.73620 0.18828 0.01927 0.00938
0 0.71302 0.19492 0.03125 0.02266
0 0.62031 0.24961 0.03333 0.04922
0 0.64297 0.18086 0.03385 0.02109
0 0.65287 0.20547 0.03594 0.04375
0 0.68437 0.21914 0.04688 0.06172
0 0.61823 0.20234 0.03438 0.04687
0 0.63594 0.21797 0.04688 0.04844
0 0.57292 0.09531 0.04479 0.04062
0 0.61823 0.09414 0.03750 0.03516
0 0.60078 0.11797 0.03802 0.05781
0 0.59062 0.13047 0.02708 0.05313
0 0.63411 0.11602 0.03802 0.04297
0 0.64974 0.10859 0.04531 0.05000
0 0.87266 0.22773 0.00781 0.02422
0 0.86354 0.22500 0.01354 0.03125
0 0.85365 0.22109 0.01667 0.03750
0 0.84245 0.22109 0.01927 0.03906
0 0.83385 0.22500 0.02187 0.04531
0 0.90469 0.28945 0.02188 0.05078
0 0.89557 0.29414 0.02344 0.05391
0 0.88984 0.30156 0.01719 0.05156
0 0.87109 0.29219 0.03594 0.06406
0 0.86484 0.32266 0.02240 0.05469
0 0.84271 0.29531 0.03333 0.07188
0 0.83307 0.29258 0.02760 0.05859
0 0.83620 0.32344 0.01406 0.06094
0 0.81901 0.28438 0.03594 0.05312
0 0.81979 0.33750 0.02187 0.06094
0 0.80547 0.28672 0.04844 0.05937
0 0.79036 0.29531 0.04948 0.06250
0 0.78125 0.30937 0.04062 0.05781
0 0.90182 0.46758 0.02969 0.03047
0 0.93021 0.50508 0.03229 0.05234
0 0.88646 0.47305 0.03021 0.03047
0 0.86719 0.47617 0.02917 0.02891
0 0.84792 0.48164 0.04063 0.03203
0 0.92031 0.50977 0.03542 0.05859
0 0.90599 0.51133 0.04323 0.06328
0 0.89245 0.52344 0.05052 0.07656
0 0.82865 0.49063 0.04583 0.03281
0 0.80755 0.50547 0.05781 0.04063
0 0.79375 0.51680 0.05937 0.03047
0 0.77422 0.53203 0.05365 0.02344
0 0.75495 0.55391 0.05052 0.02656
0 0.90443 0.83984 0.02344 0.06094
0 0.88854 0.85586 0.02604 0.06484
0 0.87318 0.87148 0.02344 0.06797
0 0.87526 0.53984 0.06406 0.08906
0 0.60443 0.54883 0.56719 0.08516
0 0.32682 0.58242 0.02344 0.05547
0 0.33463 0.50781 0.02344 0.04844
0 0.33594 0.46133 0.02708 0.04766
0 0.33750 0.40234 0.02917 0.05938
0 0.34714 0.32812 0.04115 0.08594
0 0.34896 0.24102 0.04167 0.08359
0 0.81901 0.21914 0.01615 0.04297
0 0.80937 0.21914 0.01771 0.04141
0 0.79505 0.21484 0.02344 0.04531
0 0.78359 0.21563 0.02865 0.05469
0 0.76276 0.22070 0.03802 0.06484
0 0.74740 0.22773 0.03750 0.07578
0 0.72995 0.22656 0.03385 0.06562
0 0.65807 0.26641 0.05052 0.07812
0 0.72292 0.24375 0.04167 0.08594
0 0.89219 0.37578 0.02188 0.05781
0 0.87396 0.38672 0.02708 0.07344
0 0.84740 0.39414 0.03437 0.08516
0 0.79948 0.36406 0.02812 0.06875
0 0.82865 0.41562 0.02500 0.06406
0 0.81276 0.43047 0.02865 0.06875
0 0.95417 0.58281 0.07604 0.08438
0 0.94115 0.61094 0.06979 0.10156
0 0.92917 0.63008 0.05417 0.09766
0 0.89349 0.64023 0.05781 0.11016
0 0.91953 0.63828 0.04219 0.10156
0 0.72448 0.57852 0.05312 0.03359
0 0.71120 0.61094 0.06510 0.05937
0 0.83385 0.56094 0.06042 0.07344
0 0.81979 0.56680 0.06563 0.06953
0 0.76120 0.31992 0.06094 0.07109
0 0.70651 0.27578 0.04635 0.07969
0 0.67474 0.30820 0.06094 0.08516
0 0.75885 0.36133 0.04792 0.09453
0 0.73802 0.35781 0.05000 0.07812
0 0.70391 0.36719 0.06823 0.07500
0 0.78229 0.43555 0.04062 0.08828
0 0.75651 0.45352 0.03698 0.07109
0 0.72448 0.44102 0.05521 0.09453
0 0.68646 0.44609 0.05000 0.08281
0 0.69818 0.52227 0.06094 0.08984
0 0.98906 0.65156 0.02187 0.07344
0 0.97917 0.69375 0.03333 0.09531
0 0.96068 0.72148 0.03490 0.08984
0 0.93464 0.73516 0.04219 0.09531
0 0.91354 0.75078 0.04583 0.10156
0 0.65208 0.87305 0.05312 0.08516
0 0.70938 0.93125 0.06667 0.06719
0 0.85938 0.88008 0.02292 0.08516
0 0.84375 0.89805 0.02813 0.07734
0 0.83099 0.90664 0.02760 0.07578
0 0.81120 0.91836 0.04010 0.08047
0 0.77760 0.92383 0.07187 0.07422
0 0.89844 0.76719 0.03750 0.10625
0 0.88490 0.78477 0.03750 0.12109
0 0.86120 0.77852 0.03698 0.11641
0 0.84583 0.81719 0.03125 0.10625
0 0.80807 0.83398 0.06302 0.11016
0 0.64766 0.77461 0.06198 0.08516
0 0.64844 0.73906 0.06458 0.06719
0 0.65912 0.70547 0.06198 0.03906
0 0.67109 0.68594 0.05677 0.04062
0 0.87109 0.63945 0.06302 0.08203
0 0.87135 0.67031 0.05104 0.10156
0 0.80677 0.58359 0.06979 0.08281
0 0.78438 0.59727 0.08229 0.07266
0 0.84740 0.67227 0.05833 0.10547
0 0.82604 0.67930 0.06667 0.09766
0 0.81901 0.72266 0.05469 0.10781
0 0.79505 0.74102 0.06615 0.11484
0 0.70260 0.64180 0.05417 0.08984
0 0.77995 0.61445 0.06927 0.06484
0 0.74193 0.63242 0.07031 0.06328
0 0.76797 0.65977 0.06615 0.06484
0 0.73594 0.70078 0.07500 0.09375
0 0.34870 0.49375 0.00990 0.03594
0 0.33828 0.53984 0.02031 0.05156
0 0.33385 0.58828 0.01562 0.04219
0 0.33255 0.63086 0.01927 0.04453
0 0.33047 0.67500 0.02240 0.04688
0 0.32917 0.70703 0.01667 0.02344
0 0.32787 0.73945 0.02344 0.05391
0 0.26588 0.92031 0.02135 0.02344
0 0.23359 0.91562 0.05156 0.04219
0 0.19062 0.88867 0.05833 0.06172
0 0.15156 0.84570 0.02292 0.04453
0 0.14115 0.79023 0.03437 0.08047
0 0.13854 0.73086 0.03333 0.06641
0 0.16719 0.79062 0.04062 0.06563
0 0.25547 0.87734 0.07865 0.06563
0 0.19661 0.84219 0.07031 0.06563
0 0.26484 0.83555 0.07656 0.07266
0 0.27682 0.78867 0.06719 0.06953
0 0.20078 0.77344 0.07656 0.08437
0 0.26042 0.75313 0.07396 0.08750
0 0.29948 0.15547 0.06458 0.07031
0 0.20000 0.16719 0.03750 0.08281
0 0.24062 0.19063 0.06146 0.08281
0 0.29635 0.21055 0.06458 0.07266
0 0.18073 0.23867 0.04792 0.08516
0 0.23333 0.24336 0.06771 0.08047
0 0.30156 0.26094 0.06875 0.06719
0 0.29141 0.30547 0.08073 0.06406
0 0.30104 0.36172 0.07188 0.07969
0 0.22109 0.28984 0.06510 0.06406
0 0.17083 0.30430 0.05521 0.08984
0 0.15859 0.34141 0.04635 0.05938
0 0.27734 0.70742 0.07865 0.07734
0 0.28802 0.67305 0.07500 0.05391
0 0.28177 0.62656 0.08021 0.05937
0 0.21563 0.66172 0.07292 0.08437
0 0.19635 0.62812 0.07083 0.05156
0 0.13776 0.58984 0.04948 0.04375
0 0.26797 0.59180 0.09010 0.06016
0 0.19375 0.57812 0.07500 0.05469
0 0.14115 0.55313 0.04896 0.04844
0 0.14792 0.50195 0.05000 0.06641
0 0.14974 0.44570 0.04635 0.07109
0 0.15938 0.39883 0.05729 0.06797
0 0.23151 0.33477 0.06927 0.08047
0 0.28203 0.38828 0.07656 0.05781
0 0.21250 0.37109 0.07187 0.05938
0 0.27891 0.54922 0.08281 0.05625
0 0.20182 0.54062 0.07552 0.05625
0 0.20625 0.49727 0.07396 0.05391
0 0.20338 0.45312 0.06927 0.05469
0 0.28073 0.50937 0.08438 0.04844
0 0.27734 0.46602 0.07969 0.04766
0 0.29063 0.43437 0.07708 0.05469
0 0.21797 0.42344 0.07344 0.06562
0 0.60729 0.75430 0.02188 0.06172
0 0.60078 0.83242 0.03281 0.07734
0 0.46641 0.11641 0.04115 0.04219
0 0.60208 0.47383 0.02917 0.05234
0 0.59713 0.42852 0.02656 0.03984
0 0.60365 0.38086 0.02396 0.05703
0 0.59844 0.32578 0.02187 0.06875
0 0.58854 0.26484 0.03229 0.05469
0 0.58854 0.21172 0.02500 0.06406
0 0.57891 0.40742 0.05052 0.05703
0 0.56667 0.36250 0.05937 0.05625
0 0.52552 0.38164 0.06771 0.07422
0 0.51615 0.95742 0.05729 0.05078
0 0.57865 0.94414 0.05833 0.05547
0 0.60286 0.90039 0.05052 0.06328
0 0.57318 0.89062 0.03385 0.05938
0 0.59063 0.73125 0.04583 0.05781
0 0.60833 0.61875 0.02292 0.05469
0 0.58151 0.63125 0.05156 0.07500
0 0.59479 0.57148 0.03958 0.05703
0 0.56146 0.59766 0.04479 0.06875
0 0.57344 0.53828 0.03646 0.05781
0 0.58880 0.50469 0.03802 0.06406
0 0.56953 0.45625 0.03698 0.06562
0 0.53385 0.56406 0.04896 0.07656
0 0.32656 0.77344 0.03437 0.03594
0 0.33776 0.85664 0.03698 0.04453
0 0.33542 0.81406 0.04583 0.07969
0 0.45130 0.97539 0.04740 0.04922
0 0.35547 0.90313 0.05677 0.07500
0 0.36875 0.86641 0.02812 0.05625
0 0.38203 0.95391 0.05469 0.06719
0 0.46016 0.91875 0.03906 0.08750
0 0.41823 0.91602 0.05208 0.09141
0 0.46797 0.83906 0.20052 0.17188
0 0.58854 0.79609 0.04167 0.07813
0 0.50130 0.89844 0.05052 0.08437
0 0.52839 0.90273 0.03385 0.07578
0 0.55547 0.87891 0.04219 0.06563
0 0.56588 0.82930 0.04219 0.06484
0 0.54792 0.78164 0.04688 0.07422
0 0.47865 0.85703 0.05729 0.07188
0 0.52057 0.82773 0.05052 0.07734
0 0.43776 0.84258 0.03906 0.07734
0 0.39062 0.81641 0.06771 0.07500
0 0.37240 0.78750 0.06146 0.05625
0 0.36641 0.74570 0.06510 0.05547
0 0.41797 0.73828 0.04635 0.09375
0 0.36901 0.70312 0.06615 0.04219
0 0.36875 0.66562 0.06146 0.04375
0 0.36406 0.62734 0.05417 0.03906
0 0.40964 0.65391 0.04427 0.07969
0 0.47448 0.78984 0.06042 0.06875
0 0.44036 0.76523 0.05260 0.07891
0 0.52292 0.74961 0.06042 0.07266
0 0.56615 0.71016 0.03854 0.08437
0 0.58750 0.67617 0.05521 0.06328
0 0.43958 0.69727 0.06042 0.06328
0 0.47995 0.71445 0.05156 0.08359
0 0.52109 0.68945 0.06198 0.06328
0 0.53203 0.63320 0.05573 0.06953
0 0.44792 0.64062 0.06042 0.07500
0 0.49271 0.62930 0.05208 0.08047
0 0.47734 0.57734 0.06719 0.07187
0 0.41380 0.59531 0.06094 0.05625
0 0.36224 0.58945 0.04948 0.04297
0 0.35859 0.55156 0.04010 0.03750
0 0.40286 0.55313 0.04948 0.06094
0 0.36979 0.51992 0.04896 0.04922
0 0.45260 0.53633 0.05312 0.08984
0 0.42213 0.50781 0.05990 0.05625
0 0.49661 0.51719 0.06094 0.07812
0 0.54297 0.49492 0.05677 0.06953
0 0.53281 0.43086 0.06458 0.06797
0 0.48281 0.46094 0.06146 0.07187
0 0.42213 0.46211 0.06302 0.05234
0 0.37318 0.47305 0.04740 0.05703
0 0.36953 0.44375 0.04740 0.05469
0 0.47083 0.41914 0.06354 0.06641
0 0.41693 0.42188 0.05156 0.04844
0 0.37083 0.40664 0.04271 0.04141
0 0.41719 0.38203 0.05417 0.05312
0 0.37083 0.37656 0.03750 0.03750
0 0.37734 0.30156 0.02448 0.04375
0 0.37422 0.34023 0.03177 0.03516
0 0.40912 0.35352 0.04844 0.05391
0 0.40599 0.30469 0.03698 0.05625
0 0.46406 0.36055 0.05937 0.06953
0 0.45078 0.30664 0.06406 0.07578
0 0.51302 0.33477 0.05312 0.06641
0 0.56589 0.31211 0.05885 0.05703
0 0.56224 0.26094 0.04427 0.04844
0 0.50990 0.27695 0.06042 0.06953
0 0.40338 0.26836 0.04323 0.05859
0 0.40026 0.21055 0.03906 0.06016
0 0.41875 0.15703 0.03750 0.05469
0 0.45312 0.25352 0.05833 0.05391
0 0.44062 0.21367 0.05417 0.08359
0 0.46615 0.16484 0.05625 0.07812
0 0.53672 0.22695 0.04948 0.07422
0 0.49089 0.21406 0.05469 0.07969
0 0.56432 0.20234 0.04844 0.07344
0 0.56536 0.15117 0.04948 0.05078
0 0.54844 0.11719 0.03438 0.04219
0 0.51823 0.16367 0.04688 0.06016
