0 0.98984 0.84609 0.02031 0.10938
0 0.28646 0.02266 0.05625 0.04531
0 0.34375 0.04844 0.05937 0.06406
0 0.51250 0.83516 0.02813 0.05312
0 0.55052 0.85703 0.04583 0.05625
0 0.59635 0.87539 0.03854 0.06016
0 0.63594 0.89805 0.04063 0.05547
0 0.82083 0.97148 0.04792 0.05703
0 0.97448 0.98477 0.05104 0.03047
0 0.91458 0.97109 0.06563 0.05781
0 0.39896 0.05977 0.05313 0.04609
0 0.44948 0.08828 0.05312 0.04844
0 0.49427 0.12188 0.03542 0.04063
0 0.53516 0.13594 0.03594 0.03906
0 0.58568 0.16367 0.04948 0.05391
0 0.62474 0.18398 0.04115 0.03828
0 0.66588 0.21094 0.04115 0.04844
0 0.70208 0.22422 0.03750 0.04062
0 0.74427 0.24336 0.05417 0.04609
0 0.78880 0.27617 0.04427 0.05547
0 0.97682 0.39062 0.04635 0.05000
0 0.93359 0.36094 0.05156 0.06094
0 0.88281 0.32734 0.05937 0.06094
0 0.83359 0.29844 0.04948 0.05469
0 0.08490 0.01562 0.06042 0.03125
0 0.14635 0.02344 0.04479 0.04688
0 0.18932 0.03242 0.04427 0.06484
0 0.23828 0.04531 0.05573 0.09063
0 0.28255 0.06484 0.05781 0.09219
0 0.33125 0.08711 0.05208 0.09766
0 0.37760 0.11992 0.06979 0.10703
0 0.42760 0.15820 0.06250 0.09922
0 0.47031 0.18516 0.05000 0.10625
0 0.51484 0.20078 0.05990 0.10313
0 0.55521 0.22969 0.04688 0.08906
0 0.61328 0.24609 0.05573 0.09687
0 0.66458 0.28320 0.08125 0.10078
0 0.81250 0.36641 0.05104 0.09375
0 0.85781 0.38477 0.05208 0.09141
0 0.90339 0.41445 0.05365 0.10078
0 0.94922 0.45156 0.05365 0.10312
0 0.98177 0.48750 0.03646 0.09844
0 0.99349 0.58086 0.01302 0.07578
0 0.95781 0.55742 0.06458 0.10234
0 0.90469 0.53125 0.06250 0.11094
0 0.85130 0.49961 0.06198 0.10391
0 0.79141 0.45625 0.07552 0.11094
0 0.68125 0.39961 0.06979 0.11953
0 0.62969 0.38711 0.06667 0.12734
0 0.58516 0.35742 0.07240 0.11953
0 0.54453 0.33398 0.07344 0.12578
0 0.49844 0.30977 0.06354 0.11797
0 0.44844 0.29336 0.06563 0.11641
0 0.41172 0.25703 0.06823 0.10313
0 0.37187 0.23438 0.06667 0.10938
0 0.33099 0.19453 0.06927 0.11719
0 0.28151 0.18438 0.06615 0.13281
0 0.23125 0.15586 0.06667 0.12734
0 0.18359 0.14297 0.06510 0.13125
0 0.13698 0.11133 0.05833 0.13047
0 0.08620 0.09570 0.05990 0.13516
0 0.02891 0.07148 0.05781 0.14297
0 0.01589 0.16133 0.03177 0.04609
0 0.97161 0.67266 0.05677 0.11875
0 0.91849 0.65547 0.06719 0.12500
0 0.86719 0.63320 0.06563 0.12109
0 0.82500 0.60742 0.06146 0.12422
0 0.73802 0.56445 0.04896 0.13203
0 0.69661 0.55391 0.05365 0.12969
0 0.65625 0.52070 0.06146 0.13516
0 0.60885 0.63242 0.06354 0.12422
0 0.66432 0.64805 0.05677 0.10391
0 0.71302 0.67891 0.06979 0.11719
0 0.76615 0.70781 0.06667 0.11250
0 0.81562 0.72578 0.06771 0.12031
0 0.86224 0.74961 0.06615 0.11641
0 0.91484 0.77578 0.07969 0.12031
0 0.97213 0.79844 0.05573 0.12500
0 0.90651 0.88594 0.06823 0.10625
0 0.85182 0.86133 0.05990 0.11328
0 0.80104 0.83984 0.06146 0.10937
0 0.75937 0.81563 0.04896 0.10000
0 0.98932 0.94453 0.02135 0.07500
0 0.95234 0.92070 0.06615 0.10391
0 0.86354 0.95352 0.04896 0.05859
0 0.68151 0.93594 0.04635 0.04219
0 0.72344 0.95586 0.04167 0.03672
0 0.76927 0.96523 0.04479 0.02578
0 0.81354 0.93633 0.05208 0.08359
0 0.76875 0.91602 0.05208 0.08203
0 0.72396 0.90078 0.05417 0.08281
0 0.71797 0.79297 0.06198 0.12187
0 0.67917 0.88008 0.04792 0.09453
0 0.63516 0.85781 0.04323 0.10000
0 0.66875 0.76992 0.05937 0.12109
0 0.59010 0.84219 0.04896 0.09531
0 0.62734 0.74492 0.06198 0.11172
0 0.58568 0.73594 0.04115 0.09844
0 0.54792 0.82266 0.05104 0.09062
0 0.54557 0.72187 0.05677 0.12031
0 0.50495 0.80195 0.04948 0.09609
0 0.45703 0.78906 0.05156 0.08594
0 0.41042 0.76055 0.05000 0.07734
0 0.37292 0.73750 0.05729 0.07187
0 0.32917 0.71758 0.05417 0.07266
0 0.28125 0.68867 0.04896 0.08359
0 0.23412 0.67031 0.05156 0.08438
0 0.49844 0.69531 0.06042 0.11094
0 0.55703 0.60586 0.05677 0.12891
0 0.50260 0.57891 0.06771 0.12500
0 0.45443 0.68008 0.05573 0.13047
0 0.40859 0.65352 0.06198 0.12266
0 0.36693 0.62578 0.06198 0.13281
0 0.32266 0.60898 0.06094 0.12266
0 0.27969 0.58164 0.06771 0.13359
0 0.18229 0.55898 0.05104 0.13516
0 0.23255 0.55898 0.05885 0.13359
0 0.44219 0.55195 0.08333 0.11484
0 0.36693 0.49961 0.08594 0.12422
0 0.31016 0.46211 0.06927 0.13359
0 0.26016 0.43711 0.06094 0.12891
0 0.20417 0.43359 0.05833 0.14531
0 0.15833 0.41758 0.05312 0.13984
0 0.11250 0.37891 0.05000 0.10938
0 0.60156 0.50430 0.06771 0.12734
0 0.56198 0.47422 0.06875 0.12187
0 0.51562 0.45508 0.06562 0.12422
0 0.47422 0.42773 0.06927 0.13047
0 0.42396 0.41953 0.06146 0.13125
0 0.38464 0.38125 0.06719 0.13281
0 0.34401 0.35234 0.06094 0.12813
0 0.30234 0.31602 0.06094 0.14297
0 0.24453 0.31133 0.07031 0.13672
0 0.20391 0.28438 0.05885 0.13594
0 0.15130 0.27617 0.06302 0.14766
0 0.10729 0.24727 0.07187 0.14922
0 0.05781 0.21797 0.05937 0.13906
