0 0.45450 0.16380 0.07388 0.02865
0 0.45021 0.18932 0.06745 0.02656
0 0.43201 0.20911 0.07173 0.02552
0 0.43469 0.22760 0.07495 0.02396
0 0.43737 0.25182 0.07388 0.02656
0 0.43522 0.27370 0.07602 0.02135
0 0.43201 0.29349 0.07388 0.02031
0 0.58565 0.17839 0.03640 0.02552
0 0.58833 0.20208 0.03105 0.02500
0 0.55568 0.26276 0.06210 0.02344
0 0.55675 0.24062 0.05567 0.02396
0 0.56156 0.19505 0.05032 0.02552
0 0.50535 0.19896 0.07709 0.02604
0 0.50000 0.22162 0.07281 0.02344
0 0.50161 0.24453 0.06959 0.02656
0 0.49679 0.26719 0.07066 0.02396
0 0.33672 0.18958 0.07602 0.04583
0 0.38651 0.19271 0.07066 0.02917
0 0.36777 0.21823 0.06959 0.03021
0 0.37152 0.24401 0.07066 0.02865
0 0.36081 0.26849 0.08565 0.02760
0 0.36242 0.29453 0.07173 0.03073
0 0.35707 0.32214 0.07173 0.03073
0 0.35600 0.34583 0.07602 0.02083
0 0.59422 0.22708 0.03212 0.02187
0 0.59529 0.24896 0.02784 0.01771
0 0.59208 0.26979 0.03640 0.01771
0 0.59154 0.29063 0.03533 0.01875
0 0.59154 0.30990 0.03961 0.01771
0 0.59368 0.32995 0.03533 0.01719
0 0.59154 0.34896 0.03533 0.01667
0 0.59101 0.36719 0.03640 0.01979
0 0.58833 0.38724 0.04176 0.01823
0 0.59101 0.40521 0.03854 0.01667
0 0.54925 0.39505 0.05353 0.01302
0 0.59154 0.42474 0.03533 0.01927
0 0.55728 0.28412 0.04818 0.01927
0 0.55246 0.32109 0.05353 0.02031
0 0.49572 0.37839 0.06638 0.02448
0 0.49251 0.40182 0.06424 0.02240
0 0.41809 0.40885 0.07173 0.01875
0 0.42345 0.38932 0.06745 0.01823
0 0.40792 0.65156 0.09422 0.02812
0 0.39722 0.62969 0.08565 0.02396
0 0.39668 0.60677 0.08672 0.01979
0 0.40096 0.58698 0.08030 0.02187
0 0.35011 0.38698 0.07709 0.02187
0 0.32334 0.50260 0.07923 0.02188
0 0.32976 0.48594 0.07066 0.01979
0 0.33887 0.46823 0.07816 0.02083
0 0.33726 0.44844 0.07709 0.02083
0 0.34101 0.42786 0.08030 0.02135
0 0.40846 0.48776 0.08030 0.02344
0 0.39347 0.52578 0.08672 0.02031
0 0.37259 0.45547 0.13490 0.20573
0 0.42505 0.36849 0.07923 0.02344
0 0.22484 0.48177 0.02998 0.02396
0 0.22644 0.46224 0.03105 0.01927
0 0.23876 0.79453 0.02998 0.02240
0 0.36349 0.08880 0.04818 0.02344
0 0.29818 0.08958 0.03533 0.02083
0 0.31049 0.11224 0.04925 0.02656
0 0.33619 0.15521 0.05996 0.02917
0 0.29818 0.13906 0.06531 0.02917
0 0.28801 0.16901 0.07066 0.02865
0 0.26874 0.19297 0.05782 0.02344
0 0.38758 0.16745 0.06638 0.02240
0 0.39454 0.14088 0.06959 0.02656
0 0.46788 0.11641 0.06424 0.02448
0 0.45985 0.13984 0.05889 0.02240
0 0.55996 0.11771 0.04283 0.03125
0 0.50857 0.15078 0.04925 0.02344
0 0.54604 0.14505 0.05139 0.02344
0 0.55621 0.17031 0.04604 0.02500
0 0.50696 0.17474 0.06103 0.02240
0 0.29336 0.21016 0.07066 0.02552
0 0.31424 0.23333 0.06103 0.02604
0 0.30353 0.25417 0.06745 0.02188
0 0.29497 0.27396 0.06745 0.02188
0 0.29443 0.29609 0.06638 0.02240
0 0.28694 0.31667 0.07066 0.02187
0 0.28801 0.33437 0.07066 0.01667
0 0.27623 0.37005 0.07281 0.02031
0 0.28212 0.39141 0.06531 0.01927
0 0.27195 0.40833 0.06852 0.02083
0 0.27195 0.42891 0.07066 0.02031
0 0.26445 0.44870 0.07709 0.02031
0 0.26499 0.46719 0.07602 0.01979
0 0.25696 0.48698 0.07923 0.02187
0 0.56263 0.22031 0.04176 0.02083
0 0.42559 0.33047 0.07816 0.01823
0 0.42666 0.34662 0.07173 0.01719
0 0.49518 0.28802 0.07173 0.02188
0 0.49732 0.30885 0.05675 0.01979
0 0.55086 0.28177 0.05032 0.01667
0 0.55193 0.30286 0.04604 0.01719
0 0.55193 0.31927 0.05246 0.01979
0 0.55139 0.34323 0.05353 0.01979
0 0.54550 0.36224 0.05032 0.01823
0 0.58672 0.44583 0.03212 0.01562
0 0.58244 0.46250 0.03212 0.01771
0 0.58351 0.48073 0.03854 0.01771
0 0.58351 0.50182 0.03640 0.02240
0 0.58405 0.52500 0.03747 0.02396
0 0.58458 0.54662 0.02784 0.01927
0 0.49572 0.33229 0.05996 0.02187
0 0.49143 0.35573 0.05567 0.01875
0 0.49572 0.37917 0.06638 0.02187
0 0.54818 0.38021 0.04283 0.01667
0 0.54818 0.39714 0.04711 0.01823
0 0.54657 0.41875 0.05675 0.02083
0 0.54979 0.43516 0.06531 0.01823
0 0.54604 0.45677 0.05782 0.01979
0 0.54015 0.47500 0.06959 0.01562
0 0.53801 0.49349 0.06317 0.02031
0 0.53640 0.51354 0.05782 0.01979
0 0.53426 0.53568 0.06638 0.02135
0 0.54550 0.55260 0.05675 0.02292
0 0.54283 0.57422 0.06638 0.02240
0 0.53801 0.59531 0.03319 0.01667
0 0.34904 0.36510 0.06852 0.02083
0 0.34636 0.38385 0.07602 0.01875
0 0.34368 0.40625 0.07495 0.01979
0 0.34101 0.42786 0.07388 0.02031
0 0.33833 0.44740 0.07495 0.01667
0 0.33779 0.46927 0.07602 0.01771
0 0.33191 0.48594 0.06424 0.01562
0 0.32388 0.50417 0.07173 0.01771
0 0.48929 0.40026 0.06424 0.01823
0 0.42505 0.36979 0.07495 0.02292
0 0.42987 0.38958 0.07173 0.02083
0 0.42077 0.40885 0.07495 0.02083
0 0.48608 0.42552 0.06210 0.02604
0 0.48769 0.45391 0.05889 0.02969
0 0.47859 0.48490 0.05353 0.02812
0 0.47377 0.51068 0.07388 0.02656
0 0.46574 0.53412 0.07281 0.02135
0 0.47698 0.55599 0.08030 0.02344
0 0.47805 0.57604 0.07388 0.02083
0 0.48126 0.59740 0.08030 0.02083
0 0.47377 0.62161 0.08030 0.02344
0 0.47377 0.63984 0.06103 0.01823
0 0.46734 0.66042 0.04818 0.01875
0 0.42131 0.42708 0.07602 0.01875
0 0.41649 0.44792 0.07923 0.02292
0 0.41970 0.46927 0.07709 0.01667
0 0.41006 0.48646 0.08137 0.01979
0 0.39936 0.50625 0.07281 0.01979
0 0.39454 0.52682 0.08244 0.02031
0 0.39936 0.54688 0.07709 0.01979
0 0.39400 0.56953 0.07923 0.02031
0 0.40471 0.58750 0.08779 0.01875
0 0.39722 0.60729 0.08779 0.02188
0 0.39829 0.62865 0.08565 0.02292
0 0.40792 0.65286 0.08779 0.02552
0 0.40203 0.67630 0.07816 0.02344
0 0.38009 0.69479 0.04711 0.02500
0 0.35492 0.71562 0.03105 0.01562
0 0.31317 0.52318 0.08244 0.02135
0 0.31799 0.54583 0.08137 0.02292
0 0.31692 0.56536 0.07923 0.02031
0 0.31638 0.58412 0.08672 0.02344
0 0.31370 0.60729 0.07709 0.02396
0 0.31585 0.62839 0.08137 0.02135
0 0.31424 0.65104 0.08458 0.02396
0 0.31692 0.67344 0.08779 0.02292
0 0.31317 0.69687 0.08030 0.02396
0 0.30407 0.71797 0.07495 0.02448
0 0.28908 0.74297 0.06852 0.02552
0 0.25000 0.50963 0.06959 0.02552
0 0.24625 0.53177 0.05996 0.01979
0 0.24732 0.55182 0.06424 0.02240
0 0.25107 0.57266 0.05889 0.02240
0 0.24839 0.59219 0.05139 0.01875
0 0.24839 0.61250 0.05782 0.02292
0 0.24947 0.63463 0.05996 0.02656
0 0.24732 0.65677 0.05782 0.01667
0 0.24143 0.67474 0.06745 0.01927
0 0.23983 0.69766 0.07281 0.02135
0 0.22912 0.71953 0.07066 0.02240
0 0.22645 0.74661 0.06531 0.02552
0 0.24304 0.76979 0.06210 0.02292
