0 0.31797 0.51992 0.01823 0.01953
0 0.33594 0.51484 0.01979 0.01562
0 0.35443 0.51055 0.01823 0.01641
0 0.37396 0.50937 0.01667 0.02500
0 0.39062 0.50117 0.01771 0.01641
0 0.40833 0.49531 0.01771 0.01406
0 0.42734 0.49023 0.01719 0.01953
0 0.44479 0.48750 0.02083 0.01875
0 0.46771 0.48477 0.01979 0.02734
0 0.48776 0.47656 0.02031 0.03594
0 0.50547 0.47266 0.02031 0.03437
0 0.61510 0.44023 0.01562 0.01953
0 0.60234 0.43945 0.01615 0.01641
0 0.58750 0.44219 0.01875 0.02031
0 0.56146 0.45000 0.01042 0.01094
0 0.57370 0.44414 0.01406 0.01328
0 0.53932 0.45273 0.01302 0.01016
0 0.52448 0.46289 0.01771 0.02266
0 0.51979 0.47383 0.01875 0.03047
0 0.53672 0.46719 0.01406 0.02813
0 0.55130 0.46680 0.01615 0.03516
0 0.56667 0.46562 0.01667 0.03594
0 0.58229 0.46094 0.01979 0.03281
0 0.61328 0.45937 0.01406 0.03438
0 0.59870 0.45898 0.01719 0.03359
0 0.61979 0.49492 0.01562 0.03828
0 0.60573 0.49375 0.02083 0.04531
0 0.59062 0.49648 0.01771 0.04766
0 0.57578 0.49570 0.01823 0.04766
0 0.55938 0.49766 0.01875 0.04531
0 0.54219 0.49961 0.02292 0.04609
0 0.51979 0.50195 0.02500 0.04297
0 0.49740 0.49961 0.02187 0.03672
0 0.51224 0.57812 0.02344 0.05000
0 0.53229 0.57969 0.02188 0.04062
0 0.55000 0.57930 0.01875 0.03516
0 0.56693 0.57773 0.01719 0.03203
0 0.58281 0.57656 0.01771 0.03125
0 0.59792 0.57617 0.01562 0.02891
0 0.61302 0.57344 0.01667 0.02812
0 0.62708 0.57109 0.01562 0.02969
0 0.63333 0.53047 0.01458 0.03437
0 0.62318 0.53633 0.01615 0.04297
0 0.60651 0.53750 0.01927 0.05156
0 0.58880 0.53867 0.02031 0.05234
0 0.57187 0.53984 0.01875 0.04531
0 0.55703 0.53789 0.01823 0.04766
0 0.53880 0.53750 0.02031 0.04688
0 0.51849 0.53672 0.02031 0.04219
0 0.50130 0.53203 0.01927 0.05000
0 0.49740 0.58281 0.02083 0.04531
0 0.47604 0.50430 0.01979 0.03516
0 0.45599 0.50742 0.01927 0.04141
0 0.43854 0.50977 0.01875 0.03828
0 0.42109 0.51133 0.01927 0.03516
0 0.40651 0.51719 0.01823 0.03594
0 0.39219 0.52031 0.02187 0.03750
0 0.37031 0.52422 0.01979 0.03906
0 0.35469 0.52734 0.01979 0.03125
0 0.33542 0.53359 0.01979 0.04062
0 0.31719 0.54375 0.01979 0.04062
0 0.48385 0.53945 0.02500 0.05391
0 0.46432 0.54062 0.02240 0.04844
0 0.44271 0.54570 0.02292 0.04609
0 0.42318 0.54766 0.02240 0.04688
0 0.40521 0.55352 0.02396 0.05078
0 0.38516 0.55391 0.02135 0.04375
0 0.36745 0.55664 0.01823 0.03984
0 0.35182 0.56250 0.02344 0.04531
0 0.33411 0.57383 0.02656 0.04922
0 0.31172 0.57656 0.02135 0.04844
0 0.47656 0.58164 0.02292 0.04766
0 0.45599 0.58398 0.02448 0.05078
0 0.43229 0.59023 0.02396 0.04766
0 0.41458 0.59570 0.02188 0.04453
0 0.39609 0.59883 0.02135 0.04922
0 0.37682 0.59961 0.02344 0.04922
0 0.36016 0.60742 0.02344 0.05078
0 0.34453 0.61602 0.02448 0.05078
0 0.32474 0.61758 0.01823 0.04922
0 0.23073 0.56445 0.02187 0.01797
0 0.22604 0.58281 0.01875 0.02812
0 0.22448 0.62070 0.02188 0.05703
0 0.30052 0.52617 0.01562 0.01953
0 0.28854 0.52930 0.01146 0.01328
0 0.29818 0.54336 0.01615 0.03672
0 0.28255 0.54414 0.01927 0.03359
0 0.26615 0.54219 0.01875 0.02031
0 0.25469 0.55547 0.02604 0.03125
0 0.27083 0.56914 0.02708 0.03672
0 0.24479 0.58086 0.02708 0.03828
0 0.30599 0.62070 0.02240 0.05078
0 0.29062 0.58281 0.02292 0.05000
0 0.28464 0.63437 0.02969 0.05469
0 0.26484 0.60859 0.02969 0.04531
0 0.23984 0.61641 0.02448 0.04375
0 0.38906 0.62422 0.01354 0.00781
0 0.37135 0.63203 0.02292 0.01562
0 0.35313 0.64180 0.01250 0.01016
0 0.33724 0.65039 0.02031 0.02891
0 0.31953 0.66523 0.02240 0.04609
0 0.29662 0.68281 0.02760 0.05313
0 0.27422 0.69922 0.03490 0.05469
0 0.25833 0.65273 0.02812 0.05234
0 0.23594 0.66289 0.02708 0.04766
0 0.23828 0.70586 0.03385 0.04453
0 0.24687 0.74531 0.03125 0.04844
0 0.27292 0.75820 0.03021 0.03203
0 0.29844 0.72031 0.01042 0.02031
0 0.28646 0.73750 0.02187 0.04219
0 0.26354 0.72734 0.02812 0.04688
0 0.47682 0.45078 0.01510 0.02187
0 0.48177 0.43711 0.01875 0.03516
0 0.49870 0.44297 0.02344 0.03125
0 0.58828 0.42852 0.01823 0.01172
0 0.59714 0.41563 0.01406 0.02031
0 0.56875 0.43125 0.01979 0.02969
0 0.54740 0.43672 0.02500 0.02813
0 0.52162 0.43945 0.02552 0.02891
0 0.48984 0.41250 0.02448 0.03125
0 0.50443 0.42188 0.02135 0.02500
0 0.49427 0.38711 0.02083 0.03516
0 0.51016 0.39727 0.02552 0.03516
0 0.52839 0.41211 0.02448 0.03516
0 0.55495 0.41289 0.02552 0.03672
0 0.58073 0.41133 0.02188 0.03516
0 0.59271 0.39219 0.02396 0.03437
0 0.59740 0.36133 0.02083 0.03203
0 0.57969 0.37109 0.02500 0.04063
0 0.56693 0.38555 0.02552 0.03672
0 0.55547 0.35820 0.02656 0.02734
0 0.49844 0.35156 0.01354 0.03750
0 0.50781 0.32109 0.01354 0.02344
0 0.51146 0.33828 0.01979 0.02812
0 0.51172 0.36563 0.02656 0.03281
0 0.52865 0.37852 0.02396 0.03359
0 0.53307 0.34258 0.02656 0.03672
0 0.54740 0.38281 0.01562 0.03281
0 0.59714 0.31914 0.01719 0.02734
0 0.58724 0.33398 0.02552 0.03516
0 0.56510 0.33047 0.02812 0.03281
0 0.54219 0.32266 0.02292 0.03125
0 0.52240 0.29180 0.01771 0.02422
0 0.52135 0.31289 0.02083 0.03203
0 0.72630 0.41367 0.01510 0.01953
0 0.76537 0.40547 0.01198 0.02031
0 0.77656 0.40586 0.01667 0.01953
0 0.75573 0.40742 0.01771 0.01484
0 0.74037 0.40547 0.01406 0.01562
0 0.74323 0.41406 0.01458 0.02188
0 0.73333 0.42148 0.01458 0.01641
0 0.73099 0.43047 0.01094 0.01406
0 0.77448 0.42500 0.02187 0.02969
0 0.76537 0.44375 0.02031 0.03594
0 0.78490 0.45352 0.02188 0.03984
0 0.79505 0.48125 0.02135 0.02813
0 0.77318 0.48086 0.02240 0.03984
0 0.75677 0.49297 0.01458 0.02656
0 0.76250 0.50273 0.01146 0.01172
0 0.74453 0.51172 0.01615 0.02500
0 0.73099 0.52539 0.01719 0.02578
0 0.72240 0.55977 0.01354 0.03359
0 0.69583 0.60781 0.02083 0.01094
0 0.69037 0.60078 0.01406 0.01562
0 0.66432 0.61641 0.02656 0.01562
0 0.65729 0.60430 0.01667 0.02422
0 0.67448 0.59922 0.02188 0.02344
0 0.96536 0.68359 0.00990 0.01719
0 0.93776 0.86211 0.02135 0.03203
0 0.95521 0.84688 0.03021 0.04062
0 0.97682 0.81172 0.02344 0.05000
0 0.90312 0.87578 0.01146 0.01406
0 0.91745 0.87539 0.02760 0.02422
0 0.86354 0.86641 0.01562 0.01406
0 0.88359 0.86992 0.03073 0.01484
0 0.91146 0.85781 0.03229 0.03125
0 0.81589 0.82344 0.01927 0.02969
0 0.83333 0.83164 0.01771 0.03984
0 0.84740 0.83945 0.02188 0.04141
0 0.86328 0.84570 0.02344 0.03672
0 0.88437 0.84961 0.02917 0.03828
0 0.97865 0.74805 0.02292 0.05234
0 0.96875 0.71055 0.02292 0.04141
0 0.90859 0.63789 0.01510 0.00859
0 0.91927 0.64531 0.01667 0.01250
0 0.92839 0.64961 0.01719 0.00859
0 0.88776 0.64922 0.03073 0.02656
0 0.90365 0.65742 0.03229 0.03047
0 0.81354 0.79805 0.01667 0.03828
0 0.82474 0.79570 0.02031 0.04297
0 0.84297 0.80781 0.02240 0.04219
0 0.86328 0.81641 0.02969 0.04375
0 0.82344 0.75156 0.01458 0.05156
0 0.82943 0.76055 0.01719 0.05078
0 0.83802 0.76406 0.01771 0.05000
0 0.84870 0.76836 0.02031 0.05391
0 0.86458 0.77773 0.02500 0.05078
0 0.83724 0.69570 0.02448 0.02891
0 0.84010 0.67344 0.01562 0.02969
0 0.84557 0.67656 0.01406 0.02969
0 0.86120 0.67578 0.02552 0.04531
0 0.87448 0.67930 0.03125 0.04297
0 0.88333 0.68945 0.03229 0.04297
0 0.83724 0.71367 0.02656 0.04453
0 0.84662 0.71797 0.02760 0.04531
0 0.85781 0.72227 0.02917 0.04453
0 0.87240 0.73125 0.03542 0.04688
0 0.93490 0.66133 0.02708 0.01953
0 0.91458 0.67266 0.03229 0.03906
0 0.95000 0.68633 0.02396 0.03984
0 0.93490 0.69453 0.03125 0.05000
0 0.90417 0.70977 0.03542 0.05703
0 0.89688 0.83828 0.03229 0.03906
0 0.88464 0.80742 0.03490 0.04766
0 0.88854 0.75820 0.03854 0.06016
0 0.66927 0.76562 0.00937 0.02500
0 0.65625 0.82266 0.01458 0.02344
0 0.64323 0.83047 0.01354 0.02031
0 0.63177 0.83164 0.01875 0.02422
0 0.67656 0.79492 0.01458 0.03359
0 0.66745 0.79375 0.01615 0.03750
0 0.65286 0.79961 0.02344 0.04609
0 0.64141 0.80234 0.01927 0.03750
0 0.66276 0.75547 0.01302 0.04375
0 0.65391 0.75859 0.01719 0.05156
0 0.64245 0.76406 0.01823 0.04688
0 0.61771 0.83984 0.01146 0.02031
0 0.60677 0.84375 0.01458 0.02188
0 0.59323 0.85273 0.01562 0.02109
0 0.58151 0.85586 0.01719 0.02109
0 0.56901 0.86133 0.02031 0.02109
0 0.55547 0.86680 0.02240 0.02734
0 0.54219 0.87070 0.01667 0.02734
0 0.53073 0.87695 0.01771 0.03047
0 0.51667 0.88555 0.01979 0.02734
0 0.50573 0.89023 0.01875 0.02578
0 0.49661 0.89570 0.02031 0.02734
0 0.48099 0.90508 0.02031 0.02734
0 0.46615 0.91367 0.02187 0.02109
0 0.44922 0.91836 0.02760 0.02734
0 0.42891 0.91836 0.03177 0.03516
0 0.63099 0.80859 0.01510 0.04062
0 0.62057 0.81094 0.01615 0.04375
0 0.60990 0.81875 0.01875 0.04375
0 0.59688 0.82461 0.01771 0.04453
0 0.58438 0.83047 0.01875 0.04219
0 0.57292 0.83516 0.01875 0.03906
0 0.56016 0.83672 0.01823 0.04375
0 0.55260 0.83789 0.01771 0.04141
0 0.54245 0.84258 0.01198 0.03984
0 0.53099 0.85000 0.01719 0.04531
0 0.51849 0.85664 0.01823 0.04453
0 0.50651 0.86328 0.01823 0.04531
0 0.49453 0.86914 0.01927 0.04609
0 0.47760 0.88086 0.02500 0.04922
0 0.46354 0.88086 0.02917 0.05391
0 0.44609 0.88398 0.03073 0.05703
0 0.62943 0.76680 0.01719 0.04453
0 0.61875 0.77461 0.01458 0.04766
0 0.60781 0.77852 0.01562 0.04609
0 0.59427 0.78281 0.01667 0.04687
0 0.58516 0.79180 0.02135 0.05547
0 0.57213 0.79219 0.01823 0.05156
0 0.56172 0.79297 0.01615 0.04844
0 0.55000 0.79727 0.01562 0.05078
0 0.53932 0.80234 0.01719 0.05469
0 0.53073 0.80391 0.01875 0.05156
0 0.51667 0.81211 0.02188 0.05703
0 0.50469 0.81797 0.01979 0.05781
0 0.48906 0.82773 0.01979 0.05859
0 0.47526 0.83125 0.02031 0.05625
0 0.62682 0.59727 0.01719 0.02734
0 0.61432 0.59063 0.01302 0.01094
0 0.60365 0.59102 0.01771 0.01328
0 0.59115 0.59414 0.01667 0.01016
0 0.57969 0.59531 0.01458 0.00937
0 0.56823 0.59766 0.01771 0.01094
0 0.55469 0.59844 0.01458 0.00937
0 0.54036 0.60039 0.01823 0.01016
0 0.52917 0.60508 0.01875 0.01172
0 0.51667 0.60625 0.01458 0.00937
0 0.50677 0.60820 0.01667 0.01172
0 0.49713 0.61133 0.01823 0.01328
0 0.46484 0.61055 0.00781 0.00703
0 0.47995 0.61406 0.02969 0.01875
0 0.45729 0.61719 0.02396 0.01406
0 0.44375 0.61914 0.02500 0.01328
0 0.42682 0.62266 0.02760 0.01562
0 0.40859 0.62813 0.02656 0.01406
0 0.39193 0.63437 0.02448 0.01562
0 0.38151 0.64297 0.03073 0.02344
0 0.64167 0.61563 0.02083 0.03125
0 0.62161 0.60430 0.01927 0.02266
0 0.60938 0.60703 0.02188 0.02656
0 0.59766 0.61133 0.02240 0.03047
0 0.58516 0.61172 0.02031 0.02656
0 0.57318 0.61250 0.02552 0.02656
0 0.55833 0.61250 0.02396 0.02812
0 0.54818 0.61563 0.02448 0.02500
0 0.53594 0.62070 0.02292 0.02734
0 0.52604 0.62344 0.02812 0.02812
0 0.51510 0.62813 0.02604 0.02969
0 0.50417 0.63281 0.02604 0.03125
0 0.49245 0.63516 0.02552 0.03281
0 0.47786 0.63750 0.02656 0.03594
0 0.46484 0.63828 0.02656 0.03281
0 0.44766 0.64062 0.03073 0.03437
0 0.43125 0.64648 0.03333 0.03672
0 0.64896 0.71953 0.01667 0.04375
0 0.63463 0.72383 0.02344 0.04609
0 0.61901 0.72930 0.02448 0.04609
0 0.60338 0.73594 0.02344 0.05000
0 0.58958 0.73867 0.02292 0.04922
0 0.57812 0.74336 0.02396 0.04922
0 0.56771 0.74570 0.01771 0.04453
0 0.55417 0.74805 0.02292 0.05234
0 0.54036 0.75430 0.02448 0.04453
0 0.53047 0.75859 0.01406 0.03750
0 0.51875 0.76094 0.02188 0.05000
0 0.50417 0.76406 0.02500 0.05000
0 0.63750 0.62695 0.01458 0.02734
0 0.62865 0.63320 0.02292 0.03984
0 0.62083 0.63672 0.02292 0.03750
0 0.60938 0.64141 0.02604 0.04531
0 0.64115 0.66172 0.01562 0.02344
0 0.63750 0.67734 0.01979 0.04844
0 0.62578 0.67891 0.02240 0.05000
0 0.61719 0.68437 0.01875 0.04844
0 0.59583 0.64375 0.02604 0.04219
0 0.58307 0.64492 0.02552 0.04141
0 0.57187 0.64609 0.02604 0.04375
0 0.55859 0.64805 0.02760 0.04609
0 0.54922 0.65312 0.02760 0.03906
0 0.53464 0.65977 0.02969 0.05078
0 0.52370 0.66406 0.03177 0.04219
0 0.51432 0.66953 0.02656 0.04219
0 0.50052 0.67148 0.03125 0.04609
0 0.49063 0.67500 0.02500 0.04062
0 0.47344 0.67188 0.03021 0.04375
0 0.60469 0.68594 0.02396 0.05313
0 0.59453 0.68906 0.02135 0.05156
0 0.58099 0.68906 0.02240 0.05313
0 0.57083 0.69297 0.01979 0.04844
0 0.55729 0.69453 0.02500 0.04844
0 0.54792 0.70430 0.02083 0.04609
0 0.53620 0.70859 0.02656 0.05000
0 0.52422 0.71484 0.02448 0.05000
0 0.51146 0.71562 0.02396 0.04688
0 0.49948 0.71758 0.02500 0.05078
0 0.48281 0.71914 0.02500 0.05391
0 0.45833 0.68203 0.03125 0.05000
0 0.41615 0.65664 0.03125 0.04609
0 0.44193 0.68477 0.03073 0.04922
0 0.45859 0.72969 0.03594 0.05781
0 0.49010 0.77188 0.02917 0.05469
0 0.47083 0.77852 0.03438 0.05547
0 0.45729 0.82656 0.02917 0.06875
0 0.42969 0.87539 0.03125 0.05391
0 0.43437 0.81992 0.03333 0.06797
0 0.39661 0.92422 0.02448 0.03750
0 0.41120 0.91641 0.03906 0.03438
0 0.40260 0.88789 0.03229 0.04766
0 0.41120 0.83828 0.03073 0.05781
0 0.34609 0.91328 0.02344 0.03281
0 0.34922 0.90078 0.07760 0.06719
0 0.30573 0.86641 0.02500 0.03125
0 0.30365 0.83984 0.02917 0.03594
0 0.29740 0.80039 0.02396 0.04297
0 0.30651 0.75703 0.03281 0.05781
0 0.31406 0.71719 0.02396 0.04062
0 0.39922 0.65898 0.03906 0.03828
0 0.35755 0.65352 0.03594 0.02734
0 0.32891 0.68711 0.02552 0.04766
0 0.33776 0.69609 0.02865 0.04531
0 0.35703 0.67305 0.03177 0.04609
0 0.37630 0.68359 0.03177 0.05781
0 0.40443 0.69609 0.03281 0.05625
