0 0.84531 0.01445 0.01979 0.02891
0 0.82370 0.01055 0.02448 0.02109
0 0.77474 0.00586 0.01823 0.01172
0 0.79662 0.00742 0.01927 0.01484
0 0.54062 0.01250 0.02187 0.02344
0 0.55703 0.01445 0.02448 0.02578
0 0.57500 0.01562 0.01875 0.02656
0 0.59531 0.01484 0.02500 0.02969
0 0.61745 0.01484 0.02344 0.02969
0 0.64557 0.01406 0.02240 0.02812
0 0.66406 0.01016 0.01771 0.02031
0 0.75781 0.01484 0.02083 0.02969
0 0.73333 0.01133 0.02396 0.02266
0 0.70912 0.01016 0.02135 0.02031
0 0.68776 0.01055 0.01927 0.02109
0 0.54062 0.05117 0.03646 0.06172
0 0.56198 0.05078 0.02604 0.05469
0 0.58490 0.04570 0.02292 0.05078
0 0.60807 0.04648 0.02865 0.06484
0 0.63333 0.04375 0.02812 0.06719
0 0.65807 0.04219 0.02135 0.06406
0 0.67656 0.04219 0.01979 0.05937
0 0.69713 0.04180 0.02240 0.06641
0 0.71979 0.03828 0.02708 0.06250
0 0.74635 0.04023 0.02708 0.06641
0 0.77292 0.03594 0.02396 0.05937
0 0.86354 0.00625 0.01875 0.01250
0 0.90911 0.00664 0.02240 0.01328
0 0.88047 0.00625 0.02240 0.01250
0 0.79141 0.03125 0.02240 0.05781
0 0.81276 0.03242 0.02344 0.05391
0 0.83594 0.03359 0.02708 0.05469
0 0.85963 0.03516 0.02344 0.05781
0 0.87656 0.03750 0.02500 0.05938
0 0.91276 0.03750 0.01719 0.05156
0 0.89792 0.03711 0.02708 0.06641
0 0.92604 0.04062 0.01875 0.05000
0 0.93125 0.01172 0.02396 0.02344
0 0.98542 0.03125 0.02917 0.06250
0 0.94818 0.04766 0.03281 0.06250
0 0.95885 0.03203 0.03646 0.06406
0 0.98854 0.09414 0.02292 0.08828
0 0.95703 0.09922 0.02865 0.07344
0 0.93073 0.10039 0.02708 0.07891
0 0.77214 0.09961 0.02344 0.07422
0 0.79375 0.09805 0.02604 0.07422
0 0.81641 0.08828 0.03073 0.07969
0 0.84505 0.09922 0.03698 0.07031
0 0.86745 0.10156 0.02969 0.06562
0 0.88359 0.10859 0.02552 0.06719
0 0.58412 0.09180 0.02656 0.05547
0 0.55781 0.10078 0.03229 0.06250
0 0.58047 0.12695 0.02031 0.02422
0 0.59557 0.10117 0.02969 0.05391
0 0.59870 0.13242 0.01927 0.02266
0 0.62031 0.09805 0.02708 0.05703
0 0.62005 0.13594 0.02865 0.02656
0 0.64245 0.09766 0.02656 0.05938
0 0.64088 0.13672 0.02760 0.02344
0 0.66250 0.09922 0.02604 0.06094
0 0.65807 0.14062 0.02552 0.02812
0 0.68359 0.09844 0.02448 0.06094
0 0.70677 0.10000 0.03229 0.07344
0 0.67813 0.13945 0.03333 0.03047
0 0.70260 0.14492 0.02604 0.02578
0 0.72760 0.10078 0.02812 0.07031
0 0.72656 0.14805 0.02812 0.03359
0 0.74922 0.10352 0.02760 0.07109
0 0.74844 0.15273 0.02500 0.03984
0 0.77162 0.15547 0.02552 0.05469
0 0.79245 0.16211 0.02760 0.05234
0 0.81745 0.15586 0.02240 0.06328
0 0.83229 0.16367 0.02604 0.06641
0 0.85365 0.16953 0.02708 0.06875
0 0.90859 0.11445 0.03073 0.07422
0 0.87891 0.16992 0.02865 0.07109
0 0.90156 0.18359 0.02917 0.07500
0 0.92995 0.22422 0.01927 0.02813
0 0.95104 0.22930 0.02604 0.04922
0 0.97370 0.23594 0.02656 0.05313
0 0.99323 0.24414 0.01354 0.07266
0 0.92162 0.17812 0.02552 0.08438
0 0.94453 0.17188 0.02656 0.08281
0 0.96875 0.17148 0.03021 0.09141
0 0.98802 0.17969 0.02396 0.09219
0 0.32422 0.97852 0.02344 0.03672
0 0.36745 0.98164 0.03906 0.03672
0 0.33802 0.99023 0.04271 0.01953
0 0.39401 0.98555 0.04219 0.02891
0 0.21667 0.94883 0.01979 0.02578
0 0.27344 0.96016 0.03542 0.02344
0 0.30078 0.97969 0.03490 0.04062
0 0.26588 0.98242 0.04323 0.03516
0 0.23958 0.95898 0.03750 0.04922
0 0.22109 0.97695 0.03906 0.04609
0 0.18854 0.93945 0.04062 0.03359
0 0.00703 0.89375 0.01406 0.01250
0 0.02682 0.90273 0.02760 0.01484
0 0.01042 0.91289 0.02083 0.02734
0 0.15443 0.92734 0.02760 0.01562
0 0.12448 0.92695 0.03438 0.02891
0 0.09349 0.91953 0.03385 0.03281
0 0.05911 0.90859 0.03698 0.03281
0 0.18099 0.96758 0.05469 0.06484
0 0.14740 0.96562 0.04896 0.06875
0 0.11432 0.96406 0.05260 0.07031
0 0.08177 0.96055 0.05208 0.07891
0 0.02344 0.94609 0.04688 0.08750
0 0.04948 0.95586 0.05208 0.08203
0 0.02057 0.03359 0.03594 0.04062
0 0.05469 0.03789 0.02917 0.05078
0 0.03073 0.05273 0.02812 0.04609
0 0.07604 0.04023 0.03125 0.04766
0 0.10729 0.05430 0.04479 0.06953
0 0.13516 0.06289 0.04010 0.06016
0 0.15521 0.06641 0.03437 0.05313
0 0.16979 0.07461 0.03542 0.05859
0 0.18880 0.08008 0.02760 0.05859
0 0.26120 0.07578 0.01719 0.02031
0 0.21406 0.06133 0.03125 0.03203
0 0.23828 0.06680 0.02865 0.02422
0 0.21120 0.09609 0.02969 0.05625
0 0.24115 0.09063 0.03333 0.05156
0 0.28594 0.08320 0.02708 0.03203
0 0.30599 0.09063 0.02760 0.03281
0 0.26380 0.11016 0.03490 0.05000
0 0.29401 0.11836 0.03073 0.05391
0 0.49088 0.12617 0.02031 0.03203
0 0.53802 0.14297 0.02500 0.03281
0 0.51224 0.13711 0.02969 0.05234
0 0.46953 0.11914 0.02760 0.03672
0 0.44974 0.11875 0.02448 0.02969
0 0.40417 0.10938 0.02292 0.03281
0 0.42266 0.11328 0.03281 0.03125
0 0.38307 0.10000 0.02552 0.02344
0 0.36120 0.10078 0.02656 0.03750
0 0.33437 0.09102 0.03125 0.03047
0 0.32109 0.12773 0.03177 0.05547
0 0.35156 0.12852 0.03750 0.06797
0 0.38333 0.13672 0.03438 0.06562
0 0.40625 0.14922 0.02917 0.05313
0 0.43125 0.14961 0.03333 0.06641
0 0.45521 0.15586 0.03125 0.06016
0 0.48255 0.16094 0.03177 0.06406
0 0.55833 0.14375 0.03229 0.02969
0 0.57865 0.14922 0.02917 0.02344
0 0.60052 0.15898 0.02812 0.03984
0 0.62135 0.16406 0.02604 0.04531
0 0.64323 0.16602 0.02812 0.04766
0 0.66901 0.16797 0.02969 0.04063
0 0.69453 0.17070 0.03281 0.04297
0 0.71927 0.17617 0.02813 0.04297
0 0.74297 0.18867 0.03177 0.05547
0 0.76797 0.20078 0.03281 0.05000
0 0.79662 0.20039 0.02760 0.03984
0 0.81979 0.20977 0.03021 0.04922
0 0.85182 0.21211 0.02969 0.04609
0 0.87813 0.22109 0.02708 0.04531
0 0.90104 0.24023 0.02917 0.05391
0 0.96328 0.26875 0.03177 0.03906
0 0.93776 0.25078 0.03594 0.04687
0 0.49818 0.18633 0.03073 0.06484
0 0.52656 0.17656 0.03438 0.05938
0 0.55339 0.17109 0.02865 0.04531
0 0.57474 0.18320 0.03177 0.05703
0 0.59922 0.19805 0.03073 0.05391
0 0.62344 0.20859 0.02917 0.05938
0 0.64922 0.20508 0.02656 0.06172
0 0.66745 0.21523 0.03177 0.06484
0 0.69271 0.21523 0.03333 0.06328
0 0.71745 0.22266 0.03073 0.06406
0 0.73828 0.24336 0.03281 0.06328
0 0.76771 0.24688 0.03437 0.06719
0 0.79662 0.25273 0.03385 0.07109
0 0.82448 0.25703 0.03125 0.06875
0 0.07031 0.34414 0.02708 0.05859
0 0.08776 0.34531 0.02344 0.05469
0 0.11042 0.35898 0.02292 0.05391
0 0.12943 0.36172 0.02760 0.05469
0 0.15260 0.36680 0.02292 0.05234
0 0.17604 0.37266 0.02813 0.05312
0 0.21797 0.36836 0.01823 0.03047
0 0.19896 0.37813 0.02396 0.05156
0 0.03568 0.28203 0.03594 0.06406
0 0.05677 0.29180 0.03229 0.06484
0 0.08125 0.29609 0.02708 0.06250
0 0.10521 0.30469 0.02604 0.06563
0 0.12396 0.31445 0.02604 0.05391
0 0.14818 0.32383 0.02865 0.06172
0 0.25807 0.33086 0.02448 0.05547
0 0.23516 0.33281 0.02448 0.06563
0 0.21354 0.32734 0.02187 0.05937
0 0.17344 0.33125 0.02187 0.04688
0 0.19505 0.33008 0.02448 0.05547
0 0.28073 0.33359 0.02604 0.04688
0 0.30495 0.32891 0.02969 0.02969
0 0.03802 0.33789 0.03542 0.06016
0 0.01094 0.32852 0.02187 0.05078
0 0.01120 0.26914 0.02240 0.08203
0 0.01146 0.16250 0.02292 0.04844
0 0.00651 0.20195 0.01302 0.05391
0 0.02708 0.20117 0.03125 0.06016
0 0.04844 0.18555 0.03333 0.06016
0 0.07448 0.21484 0.03333 0.07344
0 0.09766 0.21953 0.03698 0.07344
0 0.12083 0.22773 0.03854 0.07109
0 0.14141 0.24727 0.02865 0.06953
0 0.16510 0.24961 0.03125 0.07891
0 0.18932 0.24961 0.03177 0.07422
0 0.21224 0.25391 0.03177 0.07031
0 0.00990 0.08633 0.01979 0.05078
0 0.02031 0.10586 0.03229 0.06172
0 0.04583 0.11445 0.03125 0.07109
0 0.07630 0.11016 0.03698 0.06406
0 0.09427 0.13281 0.03125 0.07344
0 0.11979 0.13008 0.03125 0.07422
0 0.14010 0.14297 0.02708 0.07344
0 0.16094 0.15313 0.03125 0.07656
0 0.19010 0.16406 0.03854 0.07031
0 0.22969 0.16211 0.04271 0.06797
0 0.25313 0.18945 0.03646 0.07266
0 0.27682 0.18945 0.02760 0.06641
0 0.29974 0.19609 0.03073 0.07031
0 0.32266 0.19883 0.02760 0.06172
0 0.34245 0.21055 0.03385 0.06953
0 0.36536 0.22227 0.03177 0.06953
0 0.39297 0.22305 0.02969 0.07109
0 0.41563 0.22930 0.02812 0.06797
0 0.43828 0.23320 0.03073 0.07266
0 0.46562 0.23906 0.03229 0.06875
0 0.23542 0.26406 0.03229 0.07188
0 0.25807 0.26797 0.03073 0.07344
0 0.27656 0.27695 0.03333 0.07266
0 0.30208 0.28359 0.02917 0.06719
0 0.32188 0.28125 0.03021 0.06406
0 0.34245 0.29336 0.03073 0.06953
0 0.36641 0.29375 0.03073 0.05781
0 0.39219 0.29922 0.03021 0.04688
0 0.41589 0.30234 0.02969 0.04688
0 0.44115 0.30703 0.02917 0.04844
0 0.46510 0.31445 0.03021 0.05703
0 0.48854 0.32070 0.02604 0.04766
0 0.51068 0.32773 0.03073 0.05547
0 0.53828 0.32812 0.02760 0.04531
0 0.56354 0.33281 0.02500 0.04844
0 0.58672 0.33984 0.02552 0.05781
0 0.61198 0.34648 0.02917 0.05078
0 0.63828 0.35352 0.02552 0.04453
0 0.48359 0.25859 0.02448 0.07187
0 0.50651 0.25664 0.02865 0.07891
0 0.53229 0.25742 0.02917 0.08203
0 0.55625 0.26836 0.02708 0.07422
0 0.58281 0.27344 0.03542 0.07969
0 0.60495 0.28477 0.03177 0.08047
0 0.63333 0.29062 0.03021 0.08437
0 0.65286 0.29492 0.03073 0.07734
0 0.62344 0.37539 0.01562 0.02109
0 0.29271 0.34922 0.01250 0.01250
0 0.31901 0.33867 0.04427 0.03359
0 0.35651 0.33867 0.03490 0.04297
0 0.38802 0.33320 0.03542 0.03984
0 0.42005 0.34336 0.03594 0.05391
0 0.44688 0.35000 0.03333 0.04844
0 0.47812 0.35469 0.03646 0.04844
0 0.50547 0.36250 0.02969 0.04375
0 0.53307 0.36328 0.03385 0.04375
0 0.56406 0.37227 0.03750 0.04453
0 0.59922 0.37813 0.04115 0.03750
0 0.63385 0.38984 0.02917 0.04219
0 0.85260 0.26602 0.03229 0.06641
0 0.88099 0.27344 0.03594 0.06406
0 0.94479 0.30625 0.02500 0.04844
0 0.91146 0.28984 0.03854 0.06094
0 0.66302 0.35898 0.02500 0.03984
0 0.68750 0.36445 0.03021 0.05391
0 0.93568 0.42305 0.02240 0.02422
0 0.90807 0.41719 0.03490 0.02813
0 0.87708 0.40898 0.02500 0.04141
0 0.85260 0.39961 0.03021 0.04297
0 0.82526 0.39766 0.03073 0.04531
0 0.79662 0.38984 0.03073 0.03750
0 0.76927 0.38242 0.02708 0.04141
0 0.74479 0.38008 0.02917 0.04297
0 0.71302 0.37656 0.03125 0.04844
0 0.68203 0.29883 0.03073 0.07891
0 0.70651 0.30664 0.03177 0.07578
0 0.73776 0.31641 0.03594 0.07969
0 0.77266 0.32539 0.04010 0.07422
0 0.80573 0.33438 0.03854 0.07656
0 0.83880 0.34336 0.03490 0.08203
0 0.93542 0.38086 0.03229 0.06797
0 0.90026 0.36602 0.03385 0.06484
0 0.86953 0.35313 0.02969 0.06563
0 0.66745 0.39023 0.04219 0.04141
0 0.70495 0.39570 0.03177 0.03828
0 0.73750 0.40430 0.03750 0.04297
0 0.76901 0.41484 0.03490 0.03594
0 0.80859 0.42383 0.03594 0.04766
0 0.84141 0.43359 0.03177 0.05313
0 0.87266 0.43359 0.03281 0.04844
0 0.93255 0.44805 0.02969 0.04922
0 0.90729 0.44961 0.03542 0.06484
0 0.88672 0.84766 0.03073 0.03125
0 0.91901 0.85000 0.04010 0.04531
0 0.95703 0.85703 0.03906 0.04063
0 0.98776 0.86992 0.02448 0.03984
0 0.99063 0.84219 0.01875 0.05000
0 0.96979 0.82656 0.03646 0.06875
0 0.93177 0.82187 0.05000 0.05781
0 0.89349 0.81523 0.03802 0.05078
0 0.85729 0.84258 0.03437 0.03359
0 0.82396 0.84297 0.03229 0.03281
0 0.79713 0.83477 0.02969 0.02891
0 0.76719 0.83086 0.03333 0.02578
0 0.74037 0.82734 0.02240 0.01875
0 0.70755 0.82187 0.02552 0.01562
0 0.68333 0.81406 0.01979 0.01719
0 0.62526 0.80273 0.02031 0.01484
0 0.65469 0.80664 0.01771 0.02109
0 0.86094 0.80898 0.03958 0.05078
0 0.82682 0.80977 0.03594 0.06328
0 0.79557 0.78906 0.03594 0.08281
0 0.76276 0.79688 0.03385 0.06875
0 0.73333 0.79648 0.03229 0.07109
0 0.70495 0.78633 0.03073 0.06797
0 0.67578 0.78477 0.03594 0.06484
0 0.58776 0.76953 0.03385 0.06563
0 0.61745 0.77461 0.03073 0.06484
0 0.64609 0.77930 0.03177 0.06484
0 0.55990 0.76016 0.03125 0.06875
0 0.53203 0.75781 0.03073 0.06406
0 0.50156 0.75742 0.03437 0.05547
0 0.41068 0.74883 0.15365 0.05547
0 0.29271 0.71562 0.03333 0.02969
0 0.32057 0.72773 0.02344 0.02266
0 0.44557 0.74844 0.03802 0.05625
0 0.41120 0.74141 0.03490 0.05469
0 0.37656 0.73203 0.04167 0.04844
0 0.33698 0.71719 0.04271 0.04844
0 0.29818 0.69922 0.04010 0.04688
0 0.22526 0.66367 0.03177 0.05547
0 0.25990 0.69609 0.04271 0.02969
0 0.25521 0.65000 0.05000 0.08437
0 0.33828 0.58906 0.03594 0.10469
0 0.36563 0.58906 0.03854 0.10781
0 0.39453 0.59336 0.04219 0.11484
0 0.42734 0.58867 0.04427 0.10859
0 0.29557 0.65625 0.04427 0.07500
0 0.32969 0.66367 0.04063 0.08359
0 0.35729 0.67422 0.03958 0.08125
0 0.38776 0.67852 0.04115 0.08672
0 0.42031 0.68320 0.04063 0.08516
0 0.45287 0.68984 0.03802 0.07969
0 0.45182 0.60234 0.03490 0.11094
0 0.47839 0.60117 0.03490 0.11641
0 0.50911 0.59531 0.04427 0.11563
0 0.47943 0.69336 0.02448 0.07734
0 0.50052 0.69336 0.03958 0.09141
0 0.53411 0.69180 0.03802 0.09453
0 0.56354 0.70078 0.03333 0.08438
0 0.59063 0.70234 0.03646 0.09063
0 0.61953 0.71094 0.04115 0.09062
0 0.65443 0.71367 0.04219 0.09453
0 0.69010 0.71250 0.04375 0.10156
0 0.71823 0.72109 0.03750 0.09844
0 0.75312 0.72070 0.05000 0.10391
0 0.78359 0.72227 0.03802 0.10547
0 0.81667 0.72383 0.03854 0.11797
0 0.84479 0.73203 0.03542 0.10938
0 0.87656 0.74570 0.04375 0.10859
0 0.90703 0.75312 0.04115 0.09844
0 0.93463 0.75820 0.02969 0.09609
0 0.96276 0.75781 0.03698 0.10469
0 0.98906 0.76758 0.02187 0.10391
0 0.54062 0.60117 0.03542 0.11172
0 0.56875 0.60391 0.04375 0.11094
0 0.59740 0.60898 0.04167 0.11016
0 0.62969 0.61484 0.03646 0.11250
0 0.66380 0.61484 0.04115 0.11406
0 0.69531 0.61055 0.03958 0.11016
0 0.72838 0.62500 0.04219 0.11250
0 0.76172 0.62930 0.04115 0.10703
0 0.80260 0.62969 0.04167 0.10312
0 0.84088 0.62969 0.04740 0.10781
0 0.87396 0.64180 0.04583 0.11641
0 0.91276 0.65195 0.04635 0.11328
0 0.95026 0.65625 0.04323 0.11094
0 0.98438 0.65586 0.03125 0.11328
0 0.26484 0.35898 0.03698 0.02891
0 0.22422 0.39844 0.04740 0.06250
0 0.25521 0.39531 0.04063 0.06562
0 0.28802 0.38906 0.05104 0.07656
0 0.31953 0.38398 0.04010 0.06953
0 0.34531 0.38750 0.04167 0.08125
0 0.38698 0.38086 0.04792 0.07109
0 0.33932 0.48047 0.05052 0.10938
0 0.40130 0.40742 0.04323 0.09141
0 0.43698 0.40000 0.03854 0.08594
0 0.46719 0.40742 0.03437 0.08203
0 0.49766 0.41211 0.03906 0.08828
0 0.52943 0.41172 0.03490 0.07812
0 0.54870 0.42773 0.03594 0.08203
0 0.57891 0.42578 0.03698 0.08125
0 0.61016 0.43086 0.03906 0.08359
0 0.38828 0.48867 0.04427 0.09766
0 0.42135 0.48164 0.03958 0.10078
0 0.44844 0.48789 0.03958 0.10547
0 0.48047 0.49063 0.04115 0.10781
0 0.51719 0.48984 0.04271 0.09531
0 0.55521 0.49687 0.04271 0.09375
0 0.58516 0.50430 0.04219 0.09297
0 0.64245 0.43398 0.03385 0.07734
0 0.67240 0.43516 0.03646 0.07344
0 0.70521 0.44297 0.03437 0.07812
0 0.73229 0.44570 0.03646 0.07422
0 0.76172 0.45195 0.04010 0.07578
0 0.79245 0.46211 0.03698 0.08359
0 0.82370 0.47617 0.03802 0.08672
0 0.85833 0.47891 0.03438 0.07656
0 0.88880 0.48477 0.04531 0.07891
0 0.62161 0.50859 0.03906 0.10469
0 0.65287 0.51602 0.04427 0.10234
0 0.68776 0.50898 0.03594 0.10391
0 0.71979 0.51758 0.04167 0.10234
0 0.75781 0.52500 0.04271 0.09844
0 0.79323 0.53906 0.04583 0.09375
0 0.83255 0.54297 0.03802 0.09063
0 0.86901 0.54648 0.04115 0.09609
0 0.90547 0.55391 0.04115 0.09844
0 0.96250 0.46172 0.03333 0.04844
0 0.96927 0.49609 0.01979 0.04219
0 0.95026 0.49648 0.02344 0.05078
0 0.92760 0.49258 0.03229 0.05547
0 0.93932 0.55742 0.03490 0.10078
0 0.97318 0.55898 0.03698 0.10391
0 0.98906 0.47852 0.02187 0.08672
0 0.99453 0.57539 0.01094 0.07734
0 0.36432 0.45234 0.04531 0.10000
0 0.31484 0.57383 0.04219 0.11953
0 0.28177 0.57031 0.03958 0.11250
0 0.21771 0.55117 0.03542 0.09609
0 0.25000 0.55859 0.03854 0.10312
0 0.30703 0.46406 0.03906 0.10469
0 0.27318 0.46172 0.03906 0.10313
0 0.22109 0.45859 0.03698 0.09219
0 0.24193 0.46367 0.03490 0.09141
