0 0.73594 0.65400 0.03542 0.09483
0 0.76146 0.66810 0.03646 0.09640
0 0.66953 0.77782 0.04531 0.06505
0 0.99401 0.82328 0.01198 0.02429
0 0.97214 0.82288 0.04115 0.03135
0 0.94141 0.82563 0.04219 0.02743
0 0.90313 0.82288 0.04792 0.03918
0 0.86797 0.82288 0.04427 0.03762
0 0.83307 0.81505 0.04427 0.05016
0 0.80625 0.80995 0.05208 0.05721
0 0.77943 0.80525 0.05156 0.06348
0 0.75104 0.79781 0.03750 0.06583
0 0.69792 0.78683 0.04375 0.07210
0 0.72292 0.78997 0.03854 0.06583
0 0.98854 0.74922 0.02292 0.06897
0 0.96979 0.75039 0.04688 0.06975
0 0.93620 0.73864 0.03385 0.06191
0 0.91146 0.73668 0.04583 0.08307
0 0.87917 0.72688 0.04896 0.08856
0 0.85052 0.72061 0.04479 0.08856
0 0.82031 0.71042 0.04167 0.08699
0 0.98880 0.79937 0.02240 0.03292
0 0.97057 0.79232 0.02240 0.04232
0 0.94922 0.79114 0.03490 0.04467
0 0.92135 0.79114 0.04167 0.05408
0 0.88958 0.78879 0.04792 0.05878
0 0.85469 0.77743 0.05000 0.06270
0 0.82109 0.76842 0.04531 0.06348
0 0.79141 0.75157 0.03802 0.06897
0 0.76276 0.73785 0.03906 0.07759
0 0.73802 0.72962 0.03229 0.07837
0 0.70781 0.64616 0.03333 0.08699
0 0.71042 0.72375 0.03646 0.08229
0 0.96641 0.40674 0.04219 0.01567
0 0.97995 0.41614 0.04010 0.02351
0 0.98672 0.42398 0.02656 0.03292
0 0.99427 0.44083 0.01146 0.02743
0 0.85963 0.38950 0.03490 0.02194
0 0.88307 0.39185 0.04844 0.03918
0 0.89505 0.40752 0.05365 0.05172
0 0.90729 0.41928 0.05417 0.05643
0 0.92448 0.43339 0.05729 0.06583
0 0.94297 0.44671 0.05052 0.06583
0 0.95938 0.46512 0.04479 0.07445
0 0.97656 0.47375 0.04688 0.06818
0 0.98672 0.49334 0.02656 0.05721
0 0.85938 0.41223 0.01979 0.02351
0 0.83438 0.40713 0.03125 0.03527
0 0.83984 0.42241 0.03906 0.03918
0 0.85260 0.44161 0.03646 0.04467
0 0.87630 0.45415 0.03802 0.04467
0 0.89974 0.47296 0.03490 0.05251
0 0.91771 0.49491 0.03958 0.05721
0 0.92708 0.51607 0.04792 0.07132
0 0.95312 0.53527 0.04375 0.05799
0 0.99323 0.55995 0.01354 0.06191
0 0.97891 0.54467 0.03594 0.07053
0 0.88359 0.49060 0.02969 0.05329
0 0.85833 0.47453 0.02917 0.04467
0 0.81406 0.44514 0.03333 0.04232
0 0.83333 0.46473 0.03125 0.04545
0 0.81927 0.52194 0.05417 0.08307
0 0.84531 0.53135 0.05417 0.07837
0 0.88073 0.55368 0.06146 0.07915
0 0.91719 0.57759 0.04792 0.06270
0 0.94271 0.59640 0.04583 0.06897
0 0.96979 0.61246 0.04479 0.07602
0 0.99063 0.61716 0.01875 0.05408
0 0.79167 0.69906 0.03229 0.07680
0 0.76458 0.57837 0.03646 0.08621
0 0.79010 0.59365 0.03958 0.08229
0 0.81563 0.61599 0.03854 0.09091
0 0.84401 0.63205 0.04219 0.09483
0 0.87031 0.63715 0.03438 0.09091
0 0.89401 0.65165 0.02969 0.08856
0 0.92162 0.66810 0.03802 0.08229
0 0.98672 0.67633 0.02656 0.07053
0 0.95807 0.67633 0.03594 0.06897
0 0.79427 0.50470 0.05417 0.09248
0 0.80625 0.42516 0.02812 0.05408
0 0.77448 0.48707 0.05104 0.09639
0 0.74401 0.56622 0.04531 0.09953
0 0.71458 0.55995 0.04479 0.09483
0 0.76406 0.46787 0.05417 0.08934
0 0.79948 0.41105 0.05625 0.05564
0 0.76953 0.40870 0.05156 0.04781
0 0.73568 0.46434 0.05260 0.08856
0 0.60755 0.68613 0.02240 0.06661
0 0.68333 0.70964 0.03438 0.08386
0 0.65625 0.69553 0.03125 0.08542
0 0.63047 0.69397 0.03385 0.08229
0 0.68411 0.63244 0.02760 0.08934
0 0.66224 0.61677 0.03698 0.09561
0 0.63385 0.60541 0.03333 0.10110
0 0.60781 0.60972 0.03333 0.09718
0 0.58203 0.60933 0.01615 0.05564
0 0.70625 0.46395 0.03438 0.06897
0 0.67682 0.47531 0.03281 0.06191
0 0.69349 0.54193 0.04323 0.09639
0 0.66250 0.53879 0.04167 0.09483
0 0.63802 0.52782 0.03854 0.07915
