0 0.53724 0.21953 0.01823 0.03281
0 0.52344 0.24727 0.01354 0.03516
0 0.59401 0.32539 0.01927 0.03359
0 0.60339 0.29531 0.01927 0.02813
0 0.61068 0.26484 0.02031 0.03438
0 0.59323 0.28320 0.02083 0.03047
0 0.60078 0.25195 0.02344 0.03516
0 0.58464 0.23086 0.02031 0.03359
0 0.56641 0.24141 0.02135 0.03594
0 0.50443 0.28242 0.01823 0.02734
0 0.52266 0.28711 0.02135 0.03984
0 0.53854 0.25273 0.02187 0.03828
0 0.57708 0.27187 0.02292 0.04219
0 0.55469 0.26719 0.02187 0.03750
0 0.56797 0.29375 0.02552 0.03125
0 0.58542 0.31211 0.02083 0.02578
0 0.56589 0.32227 0.02760 0.03203
0 0.54375 0.28984 0.02500 0.03750
0 0.53880 0.31523 0.02865 0.03828
0 0.51198 0.31055 0.02396 0.03984
0 0.48568 0.32266 0.01094 0.02500
0 0.50182 0.33164 0.02344 0.03203
0 0.49271 0.35352 0.02187 0.03047
0 0.48203 0.36875 0.01406 0.02656
0 0.47943 0.39141 0.01406 0.02500
0 0.47422 0.40977 0.01094 0.01797
0 0.47057 0.42773 0.01094 0.01953
0 0.57734 0.34023 0.02135 0.03047
0 0.58854 0.35469 0.01562 0.02656
0 0.58255 0.37852 0.01406 0.02422
0 0.57005 0.36523 0.02344 0.03047
0 0.55417 0.34023 0.02604 0.03516
0 0.54583 0.35820 0.02708 0.03047
0 0.52865 0.33203 0.02500 0.03281
0 0.52057 0.35352 0.02344 0.03047
0 0.51484 0.37539 0.02448 0.03047
0 0.50547 0.39141 0.02344 0.02969
0 0.50052 0.41406 0.02500 0.02812
0 0.46745 0.46562 0.00990 0.01875
0 0.46849 0.44844 0.01198 0.02031
0 0.49479 0.43516 0.02396 0.02500
0 0.49089 0.45117 0.02448 0.02734
0 0.48620 0.46758 0.02344 0.02422
0 0.48359 0.48594 0.02448 0.02500
0 0.54115 0.38242 0.02500 0.02891
0 0.53307 0.40391 0.02552 0.02813
0 0.52630 0.42031 0.02240 0.02344
0 0.52135 0.43828 0.02604 0.02656
0 0.51719 0.45508 0.02500 0.02578
0 0.51302 0.47266 0.02292 0.02031
0 0.55130 0.47617 0.00990 0.01797
0 0.55703 0.45977 0.00990 0.01953
0 0.56302 0.44258 0.01250 0.02266
0 0.56849 0.42266 0.01198 0.02188
0 0.57318 0.40039 0.01719 0.02578
0 0.56484 0.38945 0.02135 0.02422
0 0.55755 0.41055 0.02031 0.02109
0 0.55104 0.42695 0.02292 0.01953
0 0.54740 0.44609 0.02188 0.01875
0 0.54271 0.46406 0.02187 0.01875
0 0.53880 0.47930 0.02135 0.01797
0 0.53203 0.49531 0.02135 0.01719
0 0.50807 0.48672 0.02656 0.02656
0 0.52656 0.51172 0.01458 0.01719
0 0.52031 0.52344 0.01458 0.01719
0 0.50859 0.54727 0.01094 0.01641
0 0.51537 0.53438 0.01198 0.01719
0 0.47786 0.49961 0.02448 0.02734
0 0.47422 0.51523 0.02656 0.02734
0 0.46953 0.53125 0.02344 0.02344
0 0.50495 0.50508 0.02552 0.02266
0 0.50052 0.52109 0.02292 0.01875
0 0.49635 0.53516 0.02500 0.01875
0 0.49089 0.54961 0.02344 0.01953
0 0.46693 0.54727 0.02240 0.02266
0 0.48750 0.56367 0.02396 0.01641
0 0.48255 0.57578 0.02135 0.01875
0 0.46328 0.56211 0.01823 0.01797
0 0.45964 0.57734 0.01719 0.01562
0 0.47318 0.58867 0.01198 0.01328
0 0.45677 0.59102 0.01667 0.01484
0 0.45260 0.60625 0.01562 0.01562
0 0.44896 0.61992 0.01042 0.01328
0 0.44531 0.63320 0.00938 0.01328
