0 0.49812 0.16875 0.01959 0.01042
0 0.51771 0.16172 0.01507 0.00990
0 0.53730 0.16354 0.01356 0.00938
0 0.55237 0.16250 0.01055 0.00729
0 0.52223 0.13125 0.01356 0.01042
0 0.53806 0.14062 0.01658 0.01042
0 0.55011 0.15052 0.01507 0.00937
0 0.53542 0.15286 0.01583 0.00677
0 0.51658 0.15000 0.01432 0.00937
0 0.49849 0.15078 0.01432 0.00677
0 0.48003 0.15859 0.01206 0.00885
0 0.48455 0.13203 0.01507 0.00677
0 0.50264 0.12500 0.01658 0.00625
0 0.50339 0.13333 0.01507 0.00625
0 0.49962 0.14193 0.01809 0.00677
0 0.47815 0.14167 0.01583 0.00729
0 0.51884 0.14088 0.01432 0.00677
0 0.48116 0.14922 0.01281 0.00677
0 0.49887 0.15833 0.01356 0.00625
0 0.46307 0.15130 0.01432 0.00677
0 0.46383 0.16068 0.01281 0.00677
0 0.47589 0.16953 0.01583 0.00781
0 0.45742 0.16979 0.01055 0.00833
0 0.44725 0.16068 0.01130 0.01094
0 0.45290 0.14713 0.01055 0.00677
0 0.46533 0.13854 0.01130 0.00729
0 0.47626 0.12682 0.01055 0.00573
0 0.56481 0.16953 0.00528 0.00469
0 0.56933 0.18099 0.00829 0.00990
0 0.57197 0.19557 0.00603 0.00781
0 0.57460 0.21120 0.00377 0.00260
0 0.57649 0.22552 0.00452 0.00521
0 0.57536 0.23828 0.00377 0.00469
0 0.44235 0.17344 0.01206 0.00833
0 0.43519 0.18490 0.00980 0.00833
0 0.43218 0.19583 0.01281 0.00833
0 0.42540 0.20833 0.00829 0.00729
0 0.42238 0.22057 0.00980 0.00885
0 0.42087 0.23177 0.00829 0.00729
0 0.43632 0.23880 0.01356 0.01094
0 0.43557 0.22630 0.01507 0.00990
0 0.43934 0.21432 0.01507 0.01094
0 0.44273 0.20182 0.01733 0.00990
0 0.45102 0.19193 0.01281 0.00781
0 0.45516 0.18021 0.01206 0.00938
0 0.47325 0.17891 0.01507 0.00677
0 0.47212 0.18906 0.02035 0.00938
0 0.46684 0.19922 0.02035 0.00885
0 0.46232 0.21224 0.02185 0.01302
0 0.45968 0.22474 0.02110 0.00885
0 0.45780 0.23568 0.02185 0.00990
0 0.54408 0.22448 0.01809 0.01146
0 0.54295 0.21146 0.01733 0.01042
0 0.54182 0.19818 0.01658 0.01094
0 0.53843 0.18594 0.01130 0.00938
0 0.55690 0.18646 0.01507 0.01146
0 0.56142 0.19948 0.01206 0.01042
0 0.56255 0.21250 0.01281 0.01042
0 0.56405 0.22708 0.01281 0.01354
0 0.56405 0.24141 0.01583 0.01302
0 0.54295 0.23672 0.02035 0.01510
0 0.51620 0.23776 0.02562 0.01198
0 0.51846 0.22422 0.02261 0.01198
0 0.51997 0.21146 0.02110 0.01250
0 0.52072 0.19766 0.01809 0.01094
0 0.52185 0.18411 0.01733 0.01094
0 0.55388 0.17422 0.01055 0.00885
0 0.53919 0.17500 0.01432 0.00938
0 0.52072 0.17292 0.01356 0.00833
0 0.49736 0.18073 0.02110 0.01042
0 0.49623 0.19245 0.02035 0.00990
0 0.49171 0.20260 0.02487 0.01146
0 0.48907 0.21458 0.02562 0.01146
0 0.48531 0.22604 0.02713 0.01146
0 0.48455 0.23724 0.02562 0.01094
0 0.54258 0.25104 0.01959 0.01146
0 0.56217 0.25573 0.01809 0.01146
0 0.56405 0.26953 0.01733 0.01094
0 0.54295 0.26354 0.02185 0.01146
0 0.51545 0.24922 0.03014 0.01198
0 0.51319 0.26198 0.02713 0.01042
0 0.48342 0.24870 0.02336 0.00990
0 0.45516 0.24609 0.02261 0.00781
0 0.41937 0.24349 0.00829 0.00677
0 0.41711 0.25469 0.01281 0.01042
0 0.43595 0.25208 0.01583 0.01042
0 0.48041 0.26068 0.02788 0.01094
0 0.47965 0.27318 0.02638 0.01094
0 0.40919 0.29193 0.01356 0.01302
0 0.41145 0.28099 0.01206 0.01094
0 0.41334 0.26823 0.01281 0.01042
0 0.43406 0.26406 0.01658 0.00833
0 0.43105 0.27552 0.01809 0.01146
0 0.42728 0.28854 0.01658 0.00937
0 0.45629 0.25703 0.01884 0.01094
0 0.45441 0.27031 0.01959 0.01042
0 0.45064 0.28177 0.01809 0.00833
0 0.44876 0.29297 0.02035 0.01198
0 0.42653 0.30260 0.02110 0.01354
0 0.40731 0.30677 0.01130 0.00938
0 0.40241 0.32083 0.01356 0.01250
0 0.41974 0.31875 0.01809 0.01562
0 0.44461 0.31979 0.02713 0.01354
0 0.57611 0.25260 0.00377 0.00313
0 0.57724 0.28151 0.00603 0.00781
0 0.57649 0.26797 0.00452 0.00573
0 0.57837 0.31719 0.00377 0.00313
0 0.58026 0.30573 0.00754 0.00833
0 0.57837 0.29349 0.00678 0.00781
0 0.47739 0.28464 0.02788 0.00990
0 0.44725 0.30651 0.02185 0.01198
0 0.47513 0.29713 0.02638 0.01094
0 0.47475 0.30963 0.02864 0.01198
0 0.47438 0.32214 0.02939 0.01198
0 0.50716 0.32760 0.02864 0.01146
0 0.50640 0.31380 0.02713 0.01198
0 0.50640 0.30156 0.03014 0.00938
0 0.50904 0.28828 0.02638 0.01198
0 0.51093 0.27448 0.02713 0.01146
0 0.54032 0.27578 0.02261 0.01198
0 0.56292 0.28177 0.01809 0.01146
0 0.56330 0.30573 0.01884 0.01042
0 0.56330 0.29427 0.02035 0.01146
0 0.53881 0.28828 0.02411 0.01198
0 0.53768 0.30104 0.02788 0.01146
0 0.53655 0.31250 0.02562 0.01250
0 0.53768 0.32500 0.02638 0.01146
0 0.56255 0.31875 0.02336 0.01250
0 0.56405 0.33203 0.02185 0.01198
0 0.39789 0.36042 0.00603 0.00833
0 0.39789 0.34635 0.00904 0.00938
0 0.39977 0.33438 0.00980 0.01042
0 0.53768 0.33724 0.02788 0.01198
0 0.50754 0.33906 0.02638 0.01042
0 0.44537 0.33281 0.02562 0.01146
0 0.41786 0.33281 0.02185 0.01146
0 0.41635 0.34609 0.02336 0.01198
0 0.44310 0.35729 0.02713 0.01354
0 0.44235 0.34401 0.02864 0.01094
0 0.47513 0.33516 0.02939 0.01094
0 0.47475 0.34740 0.03014 0.01354
0 0.47249 0.35963 0.03165 0.01198
0 0.44197 0.37135 0.02939 0.01562
0 0.41560 0.35651 0.02185 0.01094
0 0.41296 0.37005 0.02261 0.01406
0 0.41259 0.38281 0.01884 0.01458
0 0.43896 0.38151 0.02939 0.01198
0 0.47136 0.37161 0.02939 0.01302
0 0.46986 0.38411 0.02788 0.01198
0 0.50640 0.34974 0.02713 0.00990
0 0.53655 0.34948 0.02713 0.00938
0 0.50754 0.36172 0.02638 0.01198
0 0.50716 0.37500 0.02411 0.01146
0 0.55916 0.36068 0.00904 0.01198
0 0.48945 0.38151 0.00528 0.00469
0 0.56217 0.34662 0.02110 0.01302
0 0.53768 0.36172 0.02939 0.01406
0 0.53655 0.37552 0.02713 0.01354
0 0.53504 0.38958 0.02713 0.01354
0 0.41221 0.39557 0.01507 0.01302
0 0.43557 0.39349 0.02562 0.01094
0 0.44612 0.39818 0.00603 0.00469
0 0.41485 0.40885 0.00980 0.00833
0 0.48530 0.40521 0.00754 0.00521
0 0.48304 0.41693 0.00301 0.00260
0 0.44612 0.43906 0.00301 0.00208
0 0.41711 0.42162 0.00528 0.00365
0 0.43218 0.42969 0.02638 0.01354
0 0.43369 0.41745 0.02638 0.01615
0 0.43293 0.40365 0.02638 0.01250
0 0.50603 0.38776 0.02939 0.01094
0 0.50528 0.39922 0.02788 0.01094
0 0.50188 0.41120 0.02713 0.01302
0 0.46760 0.39635 0.02939 0.01250
0 0.46496 0.40833 0.02864 0.01250
0 0.46420 0.42135 0.02713 0.01042
0 0.46383 0.43255 0.03090 0.00990
0 0.43142 0.43880 0.01884 0.00885
0 0.43142 0.44948 0.02185 0.01146
0 0.46194 0.44531 0.02713 0.01146
0 0.50038 0.42318 0.03014 0.01198
0 0.49623 0.43672 0.03693 0.01406
0 0.53240 0.40286 0.02336 0.01302
0 0.52788 0.41667 0.01884 0.01146
0 0.52487 0.42995 0.01432 0.01302
0 0.52035 0.44323 0.00980 0.00833
0 0.51771 0.45391 0.01206 0.01094
0 0.49962 0.44818 0.02562 0.01406
0 0.45931 0.46927 0.02939 0.01042
0 0.45780 0.48177 0.02939 0.01354
0 0.45742 0.49609 0.03014 0.01406
0 0.48681 0.49948 0.02261 0.01146
0 0.49020 0.48620 0.02939 0.01198
0 0.49397 0.47344 0.02788 0.01250
0 0.49661 0.46146 0.03014 0.01146
0 0.46157 0.45755 0.02939 0.01198
0 0.48003 0.45287 0.00603 0.00573
0 0.50226 0.49687 0.00678 0.00521
0 0.43821 0.50208 0.00678 0.00729
0 0.43218 0.46198 0.01884 0.01042
0 0.43331 0.47474 0.01356 0.01094
0 0.43632 0.48828 0.01055 0.01094
0 0.45855 0.51016 0.02788 0.01302
0 0.48380 0.51354 0.01809 0.01250
0 0.46006 0.52500 0.02336 0.01354
0 0.46006 0.53932 0.02185 0.01302
0 0.46081 0.55313 0.01583 0.01146
0 0.48116 0.52682 0.01130 0.00990
0 0.47664 0.53776 0.00678 0.00781
0 0.47287 0.54740 0.00678 0.00417
0 0.45968 0.57787 0.00904 0.00990
0 0.46044 0.56536 0.01658 0.01094
0 0.45931 0.58854 0.00528 0.00521
