0 0.23213 0.29099 0.01472 0.02309
0 0.24578 0.29042 0.02036 0.02309
0 0.26137 0.29070 0.02122 0.02136
0 0.27956 0.29215 0.01949 0.02540
0 0.29472 0.29128 0.02382 0.02252
0 0.31139 0.29446 0.01906 0.02425
0 0.22737 0.32159 0.02079 0.04273
0 0.24599 0.31871 0.02165 0.04157
0 0.25877 0.31928 0.02209 0.03926
0 0.32590 0.29301 0.02122 0.02021
0 0.34409 0.29475 0.02122 0.02367
0 0.36076 0.29099 0.01386 0.02194
0 0.37397 0.28580 0.01343 0.01155
0 0.39086 0.28580 0.01862 0.01501
0 0.40450 0.28984 0.01992 0.01963
0 0.37722 0.29792 0.01906 0.02771
0 0.27371 0.31813 0.01732 0.03926
0 0.28974 0.31264 0.01732 0.03406
0 0.30403 0.31380 0.01472 0.03637
0 0.31745 0.31842 0.01646 0.04099
0 0.32893 0.31697 0.01862 0.03349
0 0.34560 0.31409 0.01646 0.03349
0 0.42226 0.29099 0.01819 0.02309
0 0.43374 0.29157 0.02122 0.02425
0 0.44911 0.29244 0.01646 0.02252
0 0.46449 0.29359 0.01776 0.02021
0 0.48224 0.29446 0.01949 0.02656
0 0.49870 0.29561 0.01776 0.02079
0 0.51624 0.29879 0.01992 0.02021
0 0.39173 0.31264 0.02295 0.04099
0 0.40775 0.31784 0.02036 0.04446
0 0.42226 0.31553 0.01732 0.03406
0 0.43742 0.31697 0.01906 0.03464
0 0.45409 0.31784 0.01949 0.03868
0 0.47077 0.31842 0.01646 0.03984
0 0.48701 0.32044 0.01689 0.03811
0 0.50325 0.32015 0.01732 0.03984
0 0.51949 0.32015 0.01776 0.03753
0 0.53508 0.29561 0.02036 0.01732
0 0.53465 0.31524 0.01689 0.03580
0 0.55110 0.29937 0.01776 0.01674
0 0.56713 0.29821 0.01949 0.01443
0 0.58640 0.29821 0.01992 0.02021
0 0.60351 0.29734 0.02036 0.01963
0 0.61758 0.29705 0.01646 0.02021
0 0.63144 0.29908 0.01559 0.02079
0 0.64747 0.29648 0.01819 0.01790
0 0.54547 0.32708 0.02122 0.04446
0 0.56236 0.32073 0.01949 0.04330
0 0.57904 0.32159 0.01906 0.04273
0 0.59160 0.32679 0.01646 0.04388
0 0.59766 0.32535 0.01386 0.03637
0 0.60979 0.32448 0.01646 0.03811
0 0.62430 0.31640 0.01516 0.03464
0 0.64032 0.32015 0.01689 0.03637
0 0.66349 0.29619 0.01646 0.01963
0 0.67887 0.29619 0.01689 0.02079
0 0.36141 0.31784 0.02295 0.03984
0 0.37440 0.33054 0.02728 0.04215
0 0.69359 0.29706 0.01776 0.01790
0 0.70788 0.29706 0.01689 0.01559
0 0.72347 0.29850 0.01689 0.01963
0 0.73971 0.29734 0.01992 0.01963
0 0.75466 0.29590 0.01602 0.01328
0 0.76981 0.29879 0.01776 0.02252
0 0.78649 0.29532 0.01732 0.01905
0 0.80424 0.29532 0.02165 0.01674
0 0.76700 0.31871 0.01732 0.04042
0 0.75184 0.31755 0.01992 0.04157
0 0.73538 0.31871 0.01992 0.03926
0 0.71914 0.32015 0.02036 0.04099
0 0.70290 0.31986 0.01732 0.03926
0 0.68774 0.31957 0.01559 0.03753
0 0.67280 0.32073 0.01776 0.03868
0 0.65656 0.32015 0.01992 0.03984
0 0.82114 0.29532 0.01559 0.01212
0 0.83889 0.29677 0.02339 0.01386
0 0.85795 0.29965 0.02079 0.01732
0 0.87895 0.30283 0.02469 0.01905
0 0.78540 0.31842 0.02036 0.03984
0 0.79991 0.31553 0.01646 0.03753
0 0.89346 0.32073 0.01992 0.03060
0 0.87441 0.31899 0.02252 0.03176
0 0.85535 0.31842 0.02165 0.03753
0 0.83694 0.31582 0.02209 0.03464
0 0.81832 0.31611 0.02209 0.03753
0 0.91468 0.32968 0.02339 0.04619
0 0.90840 0.38915 0.02036 0.04042
0 0.88891 0.39001 0.02209 0.04561
0 0.87007 0.39434 0.01992 0.05196
0 0.86401 0.43533 0.02079 0.04273
0 0.94153 0.43072 0.02945 0.04734
0 0.92529 0.45006 0.02469 0.03176
0 0.88826 0.45583 0.02599 0.04330
0 0.86964 0.47835 0.02252 0.02136
0 0.87029 0.46045 0.02209 0.03984
0 0.85123 0.47921 0.02036 0.01732
0 0.83326 0.48297 0.01906 0.01905
0 0.81594 0.48586 0.01992 0.01674
0 0.79840 0.48557 0.02122 0.02079
0 0.76592 0.49163 0.01776 0.01674
0 0.78064 0.48672 0.01516 0.01963
0 0.75032 0.49394 0.01949 0.01443
0 0.73062 0.49596 0.02252 0.01501
0 0.70009 0.49827 0.02469 0.01155
0 0.66912 0.49567 0.01386 0.01212
0 0.49740 0.50318 0.01949 0.01328
0 0.54959 0.50173 0.01386 0.00808
0 0.60957 0.49798 0.01516 0.01443
0 0.58034 0.49971 0.01819 0.01212
0 0.56453 0.50000 0.01602 0.01386
0 0.54915 0.48759 0.01472 0.02945
0 0.59528 0.48643 0.01689 0.03176
0 0.57991 0.48441 0.01819 0.03464
0 0.56345 0.48470 0.02165 0.03176
0 0.89692 0.34931 0.02339 0.04157
0 0.87657 0.35190 0.02252 0.04561
0 0.85903 0.35162 0.01949 0.04503
0 0.84062 0.35075 0.02252 0.04561
0 0.82503 0.35421 0.02425 0.04792
0 0.80489 0.35393 0.02036 0.04965
0 0.78865 0.35335 0.01992 0.04273
0 0.77155 0.35219 0.01689 0.04273
0 0.75595 0.35248 0.01776 0.03753
0 0.74015 0.35652 0.01819 0.04330
0 0.72412 0.35855 0.01819 0.04850
0 0.70745 0.35624 0.01776 0.04965
0 0.69099 0.35768 0.01776 0.05139
0 0.67410 0.36114 0.01602 0.05370
0 0.65808 0.35999 0.01862 0.04792
0 0.64357 0.35566 0.01819 0.04734
0 0.62581 0.35162 0.02079 0.04388
0 0.85188 0.39781 0.01992 0.04850
0 0.83305 0.40069 0.01862 0.04503
0 0.81637 0.39752 0.01732 0.04792
0 0.79948 0.39607 0.01646 0.04273
0 0.78172 0.39781 0.01992 0.04734
0 0.76592 0.40040 0.01602 0.04446
0 0.74989 0.40127 0.01689 0.04965
0 0.73235 0.40358 0.01646 0.05081
0 0.84929 0.46622 0.02339 0.02945
0 0.83110 0.46824 0.01646 0.02309
0 0.81420 0.46940 0.02165 0.02771
0 0.61217 0.47835 0.02122 0.03406
0 0.62689 0.49105 0.01602 0.02252
0 0.64227 0.48787 0.01646 0.02887
0 0.65699 0.48297 0.01992 0.03060
0 0.67367 0.48181 0.01602 0.02483
0 0.68861 0.48095 0.01906 0.03118
0 0.70507 0.47893 0.01992 0.03522
0 0.72217 0.48066 0.01689 0.03060
0 0.73842 0.47719 0.01819 0.03406
0 0.75682 0.47575 0.02036 0.03464
0 0.77393 0.47286 0.01906 0.03118
0 0.79320 0.47315 0.02209 0.02945
0 0.84799 0.43938 0.01732 0.03811
0 0.83066 0.44313 0.01819 0.03868
0 0.81334 0.44140 0.01819 0.04215
0 0.79645 0.44573 0.01906 0.04157
0 0.77956 0.44399 0.01646 0.04042
0 0.76332 0.44717 0.01602 0.03637
0 0.74729 0.45006 0.02036 0.03984
0 0.72910 0.45006 0.01949 0.03984
0 0.71525 0.44775 0.02036 0.04215
0 0.69835 0.44977 0.01602 0.03811
0 0.68211 0.45208 0.01906 0.04388
0 0.66587 0.45525 0.02036 0.04330
0 0.63339 0.46593 0.02728 0.03349
0 0.65071 0.44948 0.02295 0.04446
0 0.53984 0.45554 0.01776 0.04388
0 0.55284 0.45237 0.02036 0.04792
0 0.57081 0.45035 0.01992 0.04965
0 0.58727 0.45612 0.01559 0.04273
0 0.60113 0.45439 0.01819 0.04157
0 0.61953 0.45006 0.02382 0.04561
0 0.71719 0.40098 0.01819 0.04561
0 0.70009 0.40156 0.01862 0.04677
0 0.68276 0.40329 0.01776 0.04561
0 0.66479 0.40704 0.01992 0.05427
0 0.64985 0.40445 0.01862 0.05370
0 0.63252 0.38684 0.02642 0.04503
0 0.61152 0.36374 0.01732 0.04965
0 0.59766 0.36403 0.02079 0.04792
0 0.57904 0.36201 0.01646 0.04850
0 0.56345 0.36172 0.01732 0.05139
0 0.54612 0.36345 0.01819 0.05023
0 0.53356 0.36028 0.01819 0.05658
0 0.51581 0.35941 0.01906 0.05485
0 0.50260 0.36287 0.01862 0.05370
0 0.53378 0.48903 0.01949 0.03349
0 0.51689 0.49105 0.01776 0.03984
0 0.50195 0.48614 0.01559 0.03118
0 0.48722 0.48903 0.01559 0.03349
0 0.47120 0.49163 0.02079 0.03176
0 0.52425 0.45525 0.01602 0.04099
0 0.50758 0.45554 0.01992 0.04850
0 0.49155 0.45901 0.01732 0.03811
0 0.47488 0.45728 0.01776 0.04503
0 0.50801 0.40878 0.01992 0.04965
0 0.52469 0.40502 0.02036 0.05023
0 0.53811 0.41022 0.01689 0.04792
0 0.55500 0.40733 0.02209 0.05023
0 0.57298 0.40445 0.02165 0.05139
0 0.58770 0.40964 0.01819 0.05139
0 0.60459 0.41080 0.01992 0.05254
0 0.62126 0.40704 0.02209 0.04850
0 0.63577 0.42783 0.02685 0.04388
0 0.45431 0.50058 0.01906 0.01848
0 0.43395 0.49567 0.02252 0.03060
0 0.45171 0.49019 0.02079 0.02540
0 0.46081 0.46161 0.01732 0.03984
0 0.44543 0.45872 0.01862 0.04677
0 0.40082 0.50693 0.02122 0.02194
0 0.42638 0.48470 0.02209 0.04330
0 0.41165 0.48441 0.02209 0.03580
0 0.37051 0.49971 0.01862 0.03060
0 0.38025 0.49509 0.02339 0.03176
0 0.39021 0.48672 0.02339 0.03233
0 0.35643 0.49884 0.01646 0.02540
0 0.42832 0.45092 0.02079 0.04734
0 0.41035 0.45814 0.01949 0.03984
0 0.39281 0.45352 0.01992 0.04446
0 0.46925 0.36028 0.01689 0.05312
0 0.48549 0.36287 0.01992 0.05485
0 0.45366 0.36057 0.01689 0.05716
0 0.43872 0.35768 0.01992 0.05831
0 0.42183 0.35335 0.02165 0.05312
0 0.40515 0.35739 0.01602 0.04619
0 0.38935 0.35421 0.01992 0.04792
0 0.37440 0.36952 0.02382 0.04388
0 0.49307 0.41368 0.01949 0.05139
0 0.47575 0.40878 0.01862 0.05081
0 0.45821 0.41224 0.01906 0.05312
0 0.44456 0.40589 0.01862 0.05427
0 0.42724 0.40242 0.01689 0.05427
0 0.41165 0.40329 0.01949 0.06062
0 0.39519 0.40416 0.02036 0.05774
0 0.38177 0.41484 0.02295 0.05716
0 0.37484 0.46016 0.02382 0.04042
0 0.36358 0.41599 0.01949 0.06062
0 0.34799 0.41109 0.02036 0.06351
0 0.33283 0.40416 0.02728 0.06582
0 0.31962 0.42061 0.02772 0.05485
0 0.30533 0.51213 0.00866 0.01039
0 0.31009 0.49971 0.01732 0.03406
0 0.32308 0.49798 0.01646 0.03522
0 0.33997 0.49827 0.01992 0.03349
0 0.35622 0.46363 0.02728 0.04965
0 0.33369 0.46247 0.02382 0.05081
0 0.31334 0.46507 0.02122 0.04330
0 0.29580 0.50202 0.01559 0.02829
0 0.26700 0.51299 0.01776 0.02021
0 0.23495 0.51674 0.01776 0.01155
0 0.22023 0.51328 0.01516 0.01617
0 0.24838 0.50346 0.01949 0.03233
0 0.26115 0.50144 0.01819 0.03291
0 0.27913 0.50087 0.01949 0.03637
0 0.29342 0.47431 0.01862 0.03406
0 0.27783 0.46536 0.01862 0.04503
0 0.23257 0.50202 0.01559 0.03522
0 0.20052 0.50289 0.02425 0.03464
0 0.21481 0.50058 0.02079 0.03349
0 0.24231 0.46334 0.02295 0.05023
0 0.25639 0.45987 0.02512 0.05600
0 0.18168 0.49971 0.02555 0.03868
0 0.15050 0.50231 0.02382 0.03695
0 0.16262 0.50260 0.02555 0.03060
0 0.22131 0.46189 0.02079 0.04273
0 0.20160 0.45843 0.02036 0.04273
0 0.18514 0.46420 0.02122 0.04850
0 0.15743 0.46911 0.02469 0.04677
0 0.13512 0.48239 0.02252 0.03176
0 0.12776 0.50404 0.02339 0.02540
0 0.11672 0.48326 0.02036 0.01848
0 0.08835 0.48672 0.02165 0.02079
0 0.07081 0.48066 0.02295 0.01790
0 0.10134 0.49567 0.02685 0.02829
0 0.16587 0.45670 0.02685 0.05196
0 0.13426 0.44919 0.03118 0.04273
0 0.29493 0.43764 0.02858 0.04042
0 0.30446 0.40127 0.02945 0.05196
0 0.28584 0.39290 0.02425 0.05023
0 0.27090 0.42032 0.02642 0.05312
0 0.24903 0.41397 0.02079 0.05312
0 0.23213 0.41801 0.02079 0.05543
0 0.21373 0.41484 0.02036 0.05831
0 0.19792 0.40820 0.02425 0.06120
0 0.17843 0.41109 0.02079 0.05889
0 0.21611 0.28782 0.01992 0.02367
0 0.21589 0.31264 0.01949 0.03637
0 0.35643 0.36230 0.02252 0.05023
0 0.34430 0.35104 0.01819 0.04503
0 0.32785 0.35190 0.01819 0.04446
0 0.30879 0.35566 0.02512 0.04965
0 0.29753 0.34642 0.01819 0.04273
0 0.28259 0.34873 0.01949 0.04503
0 0.26808 0.36028 0.01819 0.05081
0 0.25097 0.36114 0.01949 0.05139
0 0.23517 0.35883 0.01992 0.05370
0 0.21784 0.36028 0.01906 0.05081
0 0.20745 0.35335 0.01906 0.05427
0 0.18969 0.35739 0.02079 0.05543
0 0.17150 0.35941 0.02512 0.04908
0 0.19489 0.28493 0.02339 0.03291
0 0.19835 0.31380 0.02165 0.03868
0 0.16782 0.30485 0.01862 0.02771
0 0.17952 0.31697 0.02295 0.04388
0 0.17367 0.28407 0.02252 0.02309
0 0.15634 0.28580 0.01819 0.02194
0 0.13664 0.28609 0.02295 0.02252
0 0.15007 0.29099 0.02469 0.02079
0 0.10914 0.29301 0.02772 0.01443
0 0.11823 0.30369 0.01732 0.02194
0 0.12841 0.31640 0.02642 0.04042
0 0.14790 0.31582 0.02209 0.03926
0 0.16176 0.33776 0.02382 0.04273
0 0.16262 0.40445 0.02642 0.05600
0 0.13945 0.41686 0.03032 0.04734
0 0.12430 0.40012 0.02599 0.04273
0 0.14638 0.35941 0.02079 0.04677
0 0.12884 0.35393 0.01949 0.05081
0 0.11109 0.35883 0.01949 0.05023
0 0.10373 0.31611 0.02382 0.03984
0 0.08099 0.32621 0.02945 0.04273
0 0.04959 0.38020 0.02036 0.05139
0 0.06042 0.36605 0.02555 0.05658
0 0.07644 0.37067 0.02209 0.04965
0 0.09246 0.35421 0.02469 0.04908
0 0.06150 0.44861 0.02599 0.05081
0 0.08164 0.46478 0.02728 0.04042
0 0.11282 0.46074 0.02815 0.04273
0 0.07016 0.41311 0.02685 0.04446
0 0.09463 0.44082 0.03854 0.04561
0 0.09441 0.39752 0.03465 0.03984
