0 0.43194 0.76667 0.04583 0.03229
0 0.40938 0.78776 0.03264 0.02969
0 0.42674 0.81432 0.04514 0.02656
0 0.45035 0.79635 0.04792 0.02292
0 0.48125 0.77682 0.05417 0.03802
0 0.49549 0.80521 0.03681 0.03021
0 0.52188 0.78021 0.01875 0.02396
0 0.47569 0.72057 0.05556 0.03177
0 0.47535 0.74818 0.05625 0.02969
0 0.51701 0.75234 0.02292 0.03594
0 0.51285 0.69635 0.01319 0.02292
0 0.51285 0.72109 0.01458 0.02760
0 0.47188 0.69401 0.06597 0.02865
0 0.47118 0.67031 0.05903 0.03125
0 0.46632 0.64453 0.05903 0.02552
0 0.46389 0.62109 0.05972 0.02760
0 0.46389 0.59818 0.06111 0.02448
0 0.46319 0.57370 0.06250 0.02552
0 0.42257 0.73854 0.05347 0.03333
0 0.42083 0.71302 0.05972 0.03021
0 0.41458 0.68385 0.06806 0.03021
0 0.41319 0.65938 0.06250 0.02708
0 0.41354 0.63620 0.06042 0.02552
0 0.41285 0.61224 0.06319 0.02344
0 0.41042 0.56302 0.05972 0.02188
0 0.40833 0.58724 0.06944 0.02969
0 0.36354 0.61771 0.05347 0.03021
0 0.34132 0.71589 0.01458 0.02448
0 0.38333 0.70625 0.02361 0.03125
0 0.37292 0.67370 0.03194 0.03594
0 0.35521 0.64505 0.02292 0.02552
0 0.37361 0.64479 0.03889 0.02604
0 0.33785 0.59792 0.01319 0.01875
0 0.35694 0.59010 0.04583 0.02500
0 0.35938 0.56901 0.05208 0.02656
0 0.33125 0.57604 0.01250 0.02083
0 0.46076 0.54870 0.05903 0.02448
0 0.45729 0.52396 0.05486 0.02708
0 0.45729 0.49818 0.04792 0.02448
0 0.45833 0.47526 0.04167 0.02552
0 0.45764 0.45182 0.03333 0.02552
0 0.45556 0.42526 0.03611 0.03073
0 0.44965 0.39818 0.02847 0.02865
0 0.41597 0.46615 0.06944 0.02604
0 0.40972 0.49010 0.06944 0.02604
0 0.40868 0.51615 0.06875 0.02708
0 0.40799 0.54010 0.06597 0.02604
0 0.41701 0.44037 0.07153 0.02865
0 0.41215 0.41641 0.07014 0.02760
0 0.41111 0.39037 0.07083 0.03073
0 0.35694 0.44792 0.05833 0.02500
0 0.35694 0.47188 0.06111 0.02604
0 0.35174 0.49792 0.05764 0.02813
0 0.35417 0.52240 0.05556 0.02500
0 0.35521 0.54557 0.05625 0.02344
0 0.33090 0.55495 0.02153 0.02344
0 0.32604 0.53333 0.01597 0.02083
0 0.32569 0.51120 0.01528 0.02656
0 0.32535 0.48672 0.01597 0.02240
0 0.32917 0.46302 0.01667 0.02500
0 0.32917 0.44167 0.01250 0.01979
0 0.35660 0.42682 0.05903 0.02552
0 0.32812 0.42031 0.00903 0.01458
0 0.35486 0.40182 0.05694 0.02865
0 0.35486 0.37787 0.05278 0.02760
0 0.35625 0.35287 0.05000 0.02552
0 0.41042 0.34036 0.07222 0.02656
0 0.41007 0.36510 0.07292 0.02917
0 0.44792 0.37187 0.02500 0.02813
0 0.44653 0.34766 0.02083 0.02552
0 0.44410 0.32109 0.01597 0.02865
0 0.35764 0.32865 0.05139 0.02604
0 0.35625 0.30391 0.04167 0.02969
0 0.40972 0.31563 0.07361 0.03229
0 0.40243 0.29245 0.07014 0.03177
0 0.41111 0.26667 0.06944 0.02917
0 0.44236 0.29089 0.01667 0.03177
0 0.43958 0.25391 0.01528 0.02656
0 0.43819 0.22526 0.01389 0.02344
0 0.41042 0.24062 0.06528 0.03125
0 0.35903 0.27526 0.04306 0.02969
0 0.36146 0.24766 0.04097 0.03073
0 0.36111 0.21823 0.03056 0.03125
0 0.40590 0.21146 0.06181 0.03854
0 0.42743 0.19010 0.02153 0.03125
0 0.40347 0.17057 0.05694 0.03698
0 0.38194 0.18802 0.05833 0.03958
0 0.37188 0.15313 0.02569 0.03125
0 0.40104 0.14088 0.05625 0.02865
0 0.37083 0.12812 0.01389 0.01771
