0 0.23182 0.89126 0.17759 0.03544
0 0.66925 0.10094 0.11561 0.01788
0 0.79440 0.15507 0.02503 0.02861
0 0.76579 0.13540 0.04648 0.02893
0 0.30453 0.13865 0.11085 0.03414
0 0.26401 0.16629 0.06079 0.02308
0 0.26043 0.18986 0.08701 0.03446
0 0.35101 0.14581 0.14660 0.03544
0 0.35101 0.16954 0.12515 0.02763
0 0.79678 0.18108 0.05125 0.02731
0 0.81764 0.20839 0.05721 0.02926
0 0.72229 0.15832 0.12634 0.03511
0 0.58999 0.14662 0.15971 0.03901
0 0.75089 0.19392 0.11442 0.03999
0 0.63468 0.17474 0.14184 0.03023
0 0.48331 0.16385 0.16806 0.03511
0 0.23540 0.22318 0.08462 0.03283
0 0.19845 0.25991 0.01311 0.00683
0 0.24553 0.24642 0.10489 0.02796
0 0.27354 0.21798 0.08701 0.02893
0 0.35221 0.19262 0.13945 0.03153
0 0.34744 0.22416 0.13945 0.03479
0 0.33194 0.24772 0.11561 0.01495
0 0.19189 0.27698 0.02861 0.01951
0 0.23361 0.26951 0.09297 0.03056
0 0.33373 0.26561 0.15971 0.03251
0 0.83850 0.23618 0.05125 0.03479
0 0.77652 0.23082 0.13230 0.04031
0 0.84744 0.26463 0.03814 0.02861
0 0.85042 0.28690 0.04648 0.02113
0 0.78606 0.26138 0.15137 0.03186
0 0.78606 0.28787 0.13945 0.02763
0 0.65316 0.20319 0.15256 0.03511
0 0.64958 0.23196 0.16925 0.03544
0 0.64541 0.26024 0.17998 0.03088
0 0.64303 0.28348 0.18713 0.03056
0 0.50715 0.18612 0.18713 0.03609
0 0.50179 0.21473 0.20024 0.03414
0 0.48450 0.24626 0.19666 0.03348
0 0.49046 0.26837 0.17044 0.02438
0 0.85995 0.31404 0.05602 0.03446
0 0.18296 0.29795 0.04410 0.02568
0 0.23361 0.29307 0.08343 0.02698
0 0.16686 0.32461 0.05483 0.03218
0 0.21931 0.32185 0.07867 0.03446
0 0.32062 0.29681 0.16925 0.03381
0 0.16984 0.35192 0.06317 0.02828
0 0.15733 0.37955 0.06198 0.02958
0 0.23540 0.34282 0.08224 0.02308
0 0.23063 0.36460 0.09416 0.02698
0 0.14660 0.40605 0.06913 0.02666
0 0.21990 0.39402 0.13230 0.03511
0 0.25268 0.40816 0.11919 0.02633
0 0.32479 0.32201 0.15375 0.02893
0 0.33731 0.34298 0.14541 0.02471
0 0.34744 0.36687 0.18474 0.03218
0 0.36770 0.39581 0.20143 0.03804
0 0.47855 0.29438 0.18713 0.03349
0 0.86174 0.34152 0.05483 0.02958
0 0.79082 0.31486 0.13945 0.03023
0 0.64362 0.31014 0.20024 0.03381
0 0.80036 0.34249 0.12753 0.02893
0 0.66448 0.34542 0.19428 0.04064
0 0.47914 0.32152 0.19785 0.03446
0 0.49047 0.34980 0.20143 0.03836
0 0.52503 0.37663 0.19905 0.03869
0 0.88379 0.40751 0.05602 0.02438
0 0.87247 0.38703 0.04052 0.02308
0 0.81526 0.36834 0.13588 0.02796
0 0.69070 0.37858 0.17521 0.03739
0 0.81645 0.39629 0.12157 0.02991
0 0.83254 0.41743 0.10608 0.02081
0 0.70918 0.40800 0.16210 0.02861
0 0.54648 0.39987 0.17998 0.02471
0 0.57032 0.42133 0.18236 0.03511
0 0.11561 0.43157 0.05006 0.02698
0 0.10310 0.45660 0.04887 0.02633
0 0.16389 0.42750 0.09654 0.03251
0 0.26460 0.43352 0.15733 0.03804
0 0.40227 0.41710 0.18236 0.03251
0 0.10071 0.48261 0.06317 0.02893
0 0.16269 0.45871 0.11800 0.03771
0 0.10131 0.50862 0.06436 0.02763
0 0.16091 0.49122 0.11919 0.03251
0 0.08999 0.53446 0.03457 0.00780
0 0.09476 0.52747 0.04648 0.01268
0 0.06794 0.57185 0.01430 0.00845
0 0.09297 0.55332 0.07151 0.03641
0 0.16865 0.51300 0.08462 0.02276
0 0.16269 0.53397 0.11085 0.02568
0 0.16627 0.55868 0.12753 0.02828
0 0.28010 0.46278 0.14779 0.03023
0 0.27652 0.48765 0.15256 0.02536
0 0.27294 0.51122 0.14303 0.02828
0 0.27533 0.53999 0.16210 0.03446
0 0.07390 0.60354 0.01669 0.00553
0 0.08462 0.58648 0.05483 0.03381
0 0.07569 0.62159 0.06079 0.03706
0 0.15495 0.61395 0.15495 0.03088
0 0.15852 0.58631 0.14780 0.03088
0 0.28546 0.57071 0.18713 0.03348
0 0.29261 0.59672 0.15852 0.02568
0 0.28844 0.61964 0.16925 0.02666
0 0.07092 0.65670 0.07032 0.03316
0 0.15852 0.64028 0.15018 0.02633
0 0.28844 0.64954 0.18117 0.03576
0 0.15793 0.66791 0.16567 0.03023
0 0.04708 0.68921 0.02741 0.01495
0 0.07390 0.67962 0.05959 0.01463
0 0.71871 0.43173 0.16210 0.02796
0 0.89809 0.43205 0.06317 0.02601
0 0.89154 0.45351 0.08105 0.02536
0 0.83373 0.43612 0.09654 0.02958
0 0.90346 0.47724 0.06675 0.02276
0 0.91001 0.49854 0.05364 0.02113
0 0.83731 0.46375 0.09416 0.02763
0 0.84863 0.48927 0.09058 0.02926
0 0.87366 0.51414 0.10012 0.03153
0 0.88439 0.54031 0.09535 0.02796
0 0.89154 0.56339 0.10250 0.03186
0 0.88558 0.58989 0.09058 0.02958
0 0.89869 0.61265 0.07390 0.02958
0 0.89630 0.64304 0.06913 0.03511
0 0.89273 0.66889 0.06675 0.03153
0 0.88081 0.69668 0.06913 0.02536
0 0.72050 0.45839 0.17044 0.03381
0 0.73838 0.48618 0.16091 0.02503
0 0.74851 0.51170 0.16925 0.02991
0 0.76162 0.53852 0.15971 0.02633
0 0.77473 0.56535 0.16448 0.03316
0 0.78069 0.59395 0.16210 0.03056
0 0.78725 0.62110 0.17521 0.03414
0 0.79976 0.64548 0.16210 0.03023
0 0.79499 0.67441 0.15256 0.03609
0 0.41299 0.44506 0.18713 0.02861
0 0.43325 0.47090 0.20858 0.03283
0 0.42372 0.50130 0.20858 0.03511
0 0.41061 0.52926 0.18474 0.03186
0 0.44636 0.55543 0.20143 0.03218
0 0.57926 0.45026 0.17163 0.03446
0 0.60250 0.47350 0.14422 0.02438
0 0.60608 0.49903 0.18713 0.03121
0 0.60191 0.53105 0.20501 0.03609
0 0.62932 0.55445 0.17640 0.02633
0 0.62217 0.58371 0.19547 0.03479
0 0.62694 0.61248 0.19786 0.02991
0 0.64422 0.64191 0.21096 0.03869
0 0.65197 0.67051 0.17402 0.02633
0 0.44398 0.58518 0.19428 0.03511
0 0.44636 0.61216 0.19190 0.02926
0 0.46484 0.63378 0.19070 0.02828
0 0.46603 0.66304 0.22646 0.03674
0 0.03516 0.72204 0.02980 0.02016
0 0.09297 0.70595 0.12396 0.03934
0 0.16508 0.69717 0.16329 0.03153
0 0.29976 0.68124 0.17521 0.03023
0 0.66269 0.70075 0.19309 0.04324
0 0.46543 0.69376 0.22527 0.03446
0 0.03754 0.75049 0.03933 0.03088
0 0.03754 0.77877 0.04410 0.02568
0 0.03874 0.80543 0.04172 0.02958
0 0.08701 0.79112 0.10250 0.02698
0 0.08820 0.76723 0.10727 0.02731
0 0.07747 0.73992 0.09774 0.03056
0 0.17759 0.72594 0.18117 0.03186
0 0.17223 0.75731 0.15852 0.03414
0 0.17581 0.78527 0.14660 0.02373
0 0.31168 0.70449 0.14899 0.02081
0 0.79380 0.70579 0.13111 0.03576
0 0.87902 0.71928 0.06079 0.02438
0 0.87485 0.74382 0.06913 0.03511
0 0.78844 0.72822 0.15137 0.03381
0 0.48153 0.71993 0.20977 0.02438
0 0.31824 0.73082 0.17640 0.03511
0 0.31883 0.76560 0.18713 0.03771
0 0.65316 0.73439 0.15733 0.03056
0 0.48629 0.74854 0.22646 0.03999
0 0.46901 0.78348 0.19190 0.03511
0 0.87843 0.77373 0.06198 0.02666
0 0.78129 0.75618 0.15614 0.03316
0 0.65018 0.77194 0.18474 0.04649
0 0.03576 0.84070 0.04291 0.04291
0 0.06198 0.83826 0.08105 0.04129
0 0.09237 0.82201 0.09416 0.03739
0 0.31764 0.79405 0.17044 0.02503
0 0.18892 0.80949 0.15375 0.02731
0 0.32718 0.81908 0.18474 0.02958
0 0.19428 0.83501 0.14064 0.02828
0 0.07867 0.87256 0.08105 0.03056
0 0.12217 0.85891 0.08462 0.03641
0 0.79380 0.78267 0.13826 0.02958
0 0.66865 0.80055 0.16686 0.03153
0 0.49642 0.80283 0.19666 0.02828
0 0.86651 0.80185 0.04768 0.03023
0 0.79023 0.81226 0.12872 0.03739
0 0.65554 0.83111 0.17163 0.03544
0 0.48510 0.83095 0.19309 0.03316
0 0.21275 0.86606 0.12515 0.03576
0 0.34148 0.84574 0.18713 0.03544
0 0.35399 0.87744 0.17878 0.03706
0 0.11740 0.89337 0.09654 0.03706
0 0.85757 0.82705 0.05840 0.02861
0 0.85161 0.84834 0.05125 0.02503
0 0.82956 0.87614 0.05483 0.03446
0 0.80453 0.86265 0.05244 0.02893
0 0.78427 0.84233 0.10250 0.03511
0 0.75209 0.90296 0.12396 0.05169
0 0.71991 0.88150 0.13826 0.04324
0 0.68176 0.86021 0.17163 0.04291
0 0.51013 0.86135 0.18832 0.04194
0 0.57151 0.88930 0.18713 0.04389
0 0.40882 0.89938 0.18832 0.04194
0 0.33433 0.92458 0.16806 0.04161
0 0.46186 0.92718 0.15375 0.04291
0 0.61502 0.91856 0.16210 0.03609
0 0.62217 0.94295 0.19785 0.03869
0 0.69547 0.12386 0.11800 0.03966
0 0.46305 0.13166 0.15852 0.03706
0 0.36234 0.11330 0.13588 0.03283
0 0.39988 0.08843 0.12277 0.03056
0 0.50894 0.07380 0.13349 0.03186
0 0.49404 0.09737 0.15375 0.03414
0 0.57390 0.11362 0.16329 0.03804
0 0.63707 0.08111 0.14184 0.03869
