0 0.22760 0.11094 0.03333 0.02675
0 0.57135 0.13061 0.00938 0.01416
0 0.56120 0.12746 0.01406 0.01259
0 0.54740 0.12274 0.01354 0.02046
0 0.53646 0.11762 0.01250 0.01652
0 0.52656 0.11684 0.01250 0.01810
0 0.51693 0.11212 0.01094 0.01810
0 0.50885 0.10976 0.01146 0.02124
0 0.49948 0.10464 0.01146 0.01888
0 0.49036 0.10307 0.01198 0.02360
0 0.47969 0.10032 0.01667 0.02596
0 0.59505 0.14988 0.01615 0.00865
0 0.63594 0.18686 0.00833 0.01495
0 0.62812 0.18253 0.01042 0.01731
0 0.62005 0.17821 0.00885 0.02439
0 0.61302 0.17230 0.01042 0.03147
0 0.60338 0.16759 0.01302 0.02990
0 0.58125 0.14398 0.01458 0.01574
0 0.56719 0.13729 0.01562 0.01180
0 0.55313 0.13454 0.01354 0.01101
0 0.59401 0.16798 0.01302 0.03383
0 0.58516 0.16483 0.01198 0.03226
0 0.57318 0.15736 0.01823 0.03934
0 0.56146 0.15578 0.02188 0.03934
0 0.53984 0.13061 0.01406 0.01574
0 0.53203 0.13021 0.01302 0.01495
0 0.51823 0.12785 0.01771 0.01652
0 0.49974 0.12116 0.02240 0.02203
0 0.54974 0.15342 0.02031 0.03462
0 0.53724 0.15303 0.01927 0.03383
0 0.52474 0.15027 0.01719 0.03304
0 0.51484 0.14792 0.02031 0.03304
0 0.66276 0.23328 0.00781 0.02124
0 0.65391 0.22502 0.01094 0.03462
0 0.64453 0.21794 0.01302 0.04878
0 0.63620 0.21518 0.01302 0.04957
0 0.66588 0.25846 0.01302 0.03541
0 0.65677 0.25688 0.01667 0.03541
0 0.64792 0.25688 0.01667 0.03541
0 0.64088 0.25728 0.01302 0.03777
0 0.48255 0.11998 0.01406 0.01495
0 0.62708 0.21361 0.01875 0.04799
0 0.63307 0.25688 0.01615 0.04170
0 0.62448 0.25767 0.01146 0.04642
0 0.61849 0.21361 0.01510 0.04957
0 0.49922 0.14595 0.02448 0.04013
0 0.61563 0.25688 0.01458 0.05271
0 0.60859 0.21164 0.01719 0.05665
0 0.59766 0.20810 0.01510 0.04957
0 0.58698 0.20968 0.01875 0.05429
0 0.57526 0.20732 0.02031 0.05429
0 0.56328 0.20378 0.01823 0.05980
0 0.54870 0.20063 0.02031 0.06137
0 0.53672 0.19827 0.02031 0.06137
0 0.52214 0.19276 0.02969 0.05665
0 0.60312 0.25728 0.02604 0.05350
0 0.59505 0.26161 0.02031 0.05429
0 0.58412 0.26043 0.02031 0.05507
0 0.56901 0.25964 0.02448 0.05507
0 0.55156 0.28914 0.01250 0.01652
0 0.54010 0.29229 0.01354 0.01180
0 0.53151 0.29386 0.01094 0.01652
0 0.56068 0.25374 0.02135 0.05429
0 0.55000 0.25806 0.01562 0.05822
0 0.53802 0.25334 0.02292 0.06609
0 0.46719 0.10425 0.01875 0.02754
0 0.45417 0.09992 0.01979 0.02832
0 0.44245 0.09992 0.01615 0.02360
0 0.43229 0.09756 0.02083 0.02832
0 0.41797 0.09599 0.02656 0.02675
0 0.40339 0.09717 0.02344 0.02754
0 0.39037 0.09795 0.02135 0.02754
0 0.37552 0.09441 0.02500 0.03304
0 0.36302 0.09795 0.02708 0.02754
0 0.34557 0.09953 0.03073 0.03226
0 0.48125 0.14044 0.03646 0.05429
0 0.47422 0.13965 0.02865 0.05114
0 0.46094 0.13533 0.03125 0.04878
0 0.44922 0.13454 0.03073 0.04878
0 0.42708 0.13100 0.04167 0.04957
0 0.41354 0.13415 0.03438 0.04957
0 0.40312 0.13454 0.03229 0.04721
0 0.38490 0.13257 0.03646 0.04957
0 0.36510 0.13375 0.03542 0.04563
0 0.34844 0.13729 0.03542 0.04799
0 0.32161 0.09953 0.04219 0.03698
0 0.30547 0.10346 0.03698 0.03383
0 0.28698 0.10700 0.03750 0.03304
0 0.32787 0.13887 0.03802 0.05114
0 0.50573 0.19276 0.02812 0.05822
0 0.49323 0.19512 0.02500 0.05980
0 0.47865 0.19040 0.02917 0.06452
0 0.46276 0.18961 0.02969 0.06924
0 0.52578 0.25256 0.02135 0.07396
0 0.51120 0.25256 0.02448 0.07710
0 0.51641 0.29308 0.02240 0.02124
0 0.49818 0.25610 0.02135 0.07317
0 0.49896 0.29976 0.02396 0.01888
0 0.48281 0.25728 0.02396 0.07396
0 0.47031 0.26003 0.02187 0.07474
0 0.48307 0.30134 0.02031 0.01731
0 0.46615 0.30134 0.02292 0.02675
0 0.44870 0.29937 0.02135 0.03226
0 0.45495 0.25452 0.02760 0.07160
0 0.44375 0.18647 0.03438 0.07081
0 0.42943 0.19001 0.02865 0.06688
0 0.41563 0.18804 0.03125 0.06609
0 0.43958 0.25610 0.02604 0.07160
0 0.42422 0.25413 0.02552 0.06924
0 0.43516 0.30409 0.01510 0.03226
0 0.41693 0.30055 0.02656 0.04091
0 0.40938 0.25492 0.02604 0.07396
0 0.39844 0.18686 0.03229 0.06688
0 0.37891 0.18411 0.03385 0.06294
0 0.36172 0.18411 0.03281 0.06452
0 0.38906 0.25059 0.02813 0.07474
0 0.39688 0.29976 0.02083 0.02675
0 0.38125 0.29426 0.02292 0.03619
0 0.36823 0.24626 0.02917 0.06609
0 0.36120 0.28875 0.02344 0.04563
0 0.29766 0.25492 0.02344 0.05665
0 0.33880 0.29111 0.02865 0.04249
0 0.34609 0.24312 0.03281 0.07081
0 0.34141 0.18843 0.03281 0.05901
0 0.30729 0.14556 0.04167 0.05822
0 0.26615 0.11408 0.04375 0.03777
0 0.24479 0.14005 0.03958 0.04878
0 0.28021 0.15893 0.04479 0.06294
0 0.32344 0.25098 0.03750 0.06294
0 0.29089 0.20102 0.04115 0.05271
0 0.31823 0.19552 0.03437 0.05586
