0 0.76415 0.46492 0.03984 0.03335
0 0.73181 0.50260 0.04215 0.04288
0 0.14694 0.52945 0.01097 0.01949
0 0.15502 0.52339 0.00982 0.01516
0 0.16109 0.51343 0.01270 0.01949
0 0.16744 0.50758 0.01270 0.01992
0 0.17639 0.50022 0.01790 0.02339
0 0.18591 0.49437 0.01155 0.01776
0 0.19804 0.48766 0.01617 0.02252
0 0.21103 0.48051 0.01790 0.02469
0 0.22517 0.47163 0.01732 0.02165
0 0.23528 0.46492 0.00751 0.01602
0 0.24913 0.45734 0.02367 0.02425
0 0.25664 0.45496 0.01790 0.02036
0 0.27742 0.44478 0.02714 0.02252
0 0.28782 0.43980 0.00982 0.01343
0 0.29850 0.43352 0.01501 0.01646
0 0.30543 0.43049 0.01155 0.01472
0 0.31842 0.42075 0.01559 0.01689
0 0.33256 0.41641 0.01848 0.01949
0 0.35162 0.40775 0.02194 0.01776
0 0.36547 0.40169 0.01270 0.01429
0 0.37962 0.39433 0.01790 0.01602
0 0.38972 0.39086 0.01732 0.01343
0 0.40531 0.38372 0.01617 0.01819
0 0.41744 0.37722 0.01386 0.01559
0 0.42841 0.37246 0.01848 0.01646
0 0.44284 0.36726 0.02079 0.01299
0 0.46305 0.36011 0.02887 0.01689
0 0.48152 0.35730 0.02540 0.01386
0 0.50606 0.34842 0.02598 0.01776
0 0.51934 0.34582 0.02136 0.01169
0 0.54734 0.33499 0.02656 0.00996
0 0.53551 0.34301 0.02483 0.01039
0 0.56813 0.33499 0.02656 0.01083
0 0.13741 0.57168 0.02425 0.02858
0 0.14723 0.56172 0.02425 0.02772
0 0.15242 0.55132 0.02425 0.03118
0 0.16137 0.54396 0.02598 0.03205
0 0.16888 0.53595 0.02252 0.03421
0 0.17725 0.52988 0.02309 0.03681
0 0.18793 0.52057 0.02714 0.03898
0 0.20035 0.51429 0.02656 0.03941
0 0.21305 0.50758 0.02079 0.03638
0 0.22171 0.49957 0.01963 0.03681
0 0.23095 0.49199 0.02194 0.03898
0 0.24163 0.48657 0.02252 0.03768
0 0.25520 0.47899 0.02887 0.03725
0 0.26732 0.47077 0.01963 0.03465
0 0.28031 0.46644 0.02367 0.03205
0 0.29099 0.45864 0.02194 0.03551
0 0.30427 0.45214 0.02309 0.03378
0 0.31784 0.44435 0.02714 0.03551
0 0.33314 0.43482 0.02425 0.03638
0 0.35017 0.42638 0.03060 0.03595
0 0.37009 0.41793 0.02540 0.03465
0 0.38424 0.41122 0.02367 0.03421
0 0.39405 0.40754 0.01443 0.03118
0 0.40676 0.40104 0.02021 0.03465
0 0.42321 0.39303 0.02656 0.03941
0 0.44226 0.38502 0.03233 0.03465
0 0.46161 0.37917 0.02252 0.03075
0 0.48008 0.37224 0.02945 0.03075
0 0.49913 0.36704 0.02829 0.03162
0 0.15820 0.59528 0.03695 0.04114
0 0.16801 0.58553 0.03233 0.03725
0 0.17869 0.57752 0.03868 0.04201
0 0.18764 0.56951 0.03580 0.03984
0 0.19775 0.55868 0.03753 0.03984
0 0.20843 0.55457 0.03464 0.04201
0 0.21853 0.54742 0.03522 0.04331
0 0.22575 0.54352 0.03349 0.03898
0 0.23355 0.53508 0.03291 0.03941
0 0.24307 0.52880 0.03233 0.04331
0 0.24942 0.52534 0.03118 0.03291
0 0.25577 0.51754 0.03349 0.04071
0 0.26992 0.51343 0.04215 0.03768
0 0.27252 0.50693 0.02887 0.03681
0 0.28204 0.50195 0.03060 0.04244
0 0.29244 0.49848 0.02945 0.03898
0 0.29821 0.49242 0.02483 0.03638
0 0.31149 0.48722 0.03291 0.04158
0 0.31726 0.48224 0.02945 0.04114
0 0.32910 0.47683 0.02540 0.04591
0 0.34267 0.46817 0.02945 0.04158
0 0.35248 0.46081 0.03291 0.04331
0 0.36692 0.45517 0.02945 0.04158
0 0.38655 0.44738 0.02945 0.03984
0 0.40416 0.43764 0.03349 0.03941
0 0.42408 0.42313 0.02945 0.04331
0 0.44804 0.41576 0.03349 0.04591
0 0.46796 0.40797 0.03406 0.04417
0 0.48383 0.40212 0.03233 0.04114
0 0.51501 0.36596 0.03118 0.03551
0 0.51010 0.39649 0.03868 0.04807
0 0.54013 0.35427 0.03176 0.03032
0 0.54013 0.38047 0.03406 0.03248
0 0.56120 0.35297 0.03233 0.03205
0 0.57188 0.37549 0.04330 0.03725
0 0.59729 0.32482 0.02136 0.01039
0 0.58689 0.34430 0.03060 0.03205
0 0.26645 0.64508 0.03176 0.01949
0 0.22055 0.64054 0.03926 0.02339
0 0.19140 0.62191 0.04215 0.02945
0 0.19255 0.61455 0.03637 0.03378
0 0.20006 0.61239 0.03753 0.03291
0 0.20872 0.60719 0.03291 0.03378
0 0.22084 0.59809 0.04561 0.04331
0 0.23095 0.59052 0.03695 0.03681
0 0.24221 0.58445 0.04330 0.03681
0 0.24971 0.57947 0.03984 0.03551
0 0.25895 0.57146 0.04215 0.04028
0 0.26588 0.56431 0.03406 0.03984
0 0.28031 0.55933 0.05023 0.04374
0 0.28695 0.55262 0.04388 0.04418
0 0.29821 0.54569 0.04677 0.04418
0 0.30745 0.54136 0.04215 0.03725
0 0.31495 0.53486 0.04215 0.04158
0 0.32766 0.52902 0.04792 0.04721
0 0.33199 0.52577 0.03695 0.04244
0 0.34209 0.52230 0.03522 0.04504
0 0.34902 0.51407 0.03637 0.04331
0 0.36114 0.50780 0.04215 0.05067
0 0.37356 0.50303 0.03811 0.04807
0 0.38424 0.49567 0.03637 0.04807
0 0.39434 0.48917 0.03811 0.04894
0 0.40589 0.48246 0.03811 0.04764
0 0.41830 0.47553 0.03868 0.05024
0 0.43158 0.46838 0.04099 0.05067
0 0.44515 0.46124 0.03926 0.04677
0 0.46507 0.45279 0.03637 0.04547
0 0.48383 0.44370 0.03926 0.04374
0 0.50635 0.42724 0.03464 0.04547
0 0.53060 0.41620 0.03926 0.04504
0 0.55774 0.40559 0.04157 0.02815
0 0.69602 0.32048 0.01559 0.00866
0 0.62327 0.32157 0.04215 0.01602
0 0.66282 0.32048 0.06236 0.01732
0 0.61663 0.34236 0.04388 0.03595
0 0.64896 0.33997 0.06236 0.03638
0 0.71825 0.33174 0.04619 0.02512
0 0.68880 0.34755 0.06697 0.04634
0 0.72084 0.35990 0.04677 0.03291
0 0.60393 0.37722 0.03118 0.03898
0 0.63366 0.37527 0.05139 0.04894
0 0.35017 0.63274 0.02598 0.00953
0 0.35826 0.62906 0.02598 0.00996
0 0.36721 0.62603 0.02771 0.00996
0 0.36778 0.62343 0.01963 0.00823
0 0.37875 0.62213 0.02771 0.00996
0 0.38857 0.61910 0.02887 0.00909
0 0.39261 0.61628 0.02540 0.00866
0 0.40185 0.61325 0.02771 0.00866
0 0.40560 0.60914 0.01328 0.00563
0 0.41888 0.60805 0.02829 0.01039
0 0.42639 0.60437 0.02483 0.00909
0 0.44226 0.60091 0.03118 0.01083
0 0.44688 0.59376 0.01732 0.00866
0 0.46998 0.59333 0.04157 0.01559
0 0.47229 0.58770 0.02540 0.01126
0 0.48124 0.58532 0.02945 0.01169
0 0.49047 0.58164 0.02598 0.01213
0 0.49913 0.57752 0.02598 0.01516
0 0.51386 0.57514 0.03118 0.01646
0 0.51790 0.57146 0.02887 0.01689
0 0.58199 0.56518 0.02194 0.00866
0 0.60277 0.55847 0.02656 0.01256
0 0.53349 0.56670 0.03695 0.02122
0 0.54792 0.56236 0.05196 0.02122
0 0.55139 0.55630 0.03695 0.01776
0 0.56842 0.55327 0.05485 0.02209
0 0.62154 0.55327 0.03060 0.01083
0 0.63164 0.54721 0.03580 0.00996
0 0.65300 0.53855 0.04042 0.01429
0 0.66397 0.53010 0.03695 0.01299
0 0.58228 0.54331 0.05254 0.02642
0 0.59700 0.53335 0.04503 0.03162
0 0.61403 0.52642 0.06178 0.03421
0 0.63077 0.51407 0.05831 0.03551
0 0.68707 0.52599 0.05427 0.01689
0 0.70035 0.50303 0.05889 0.04201
0 0.65214 0.49762 0.05716 0.04417
0 0.28118 0.63729 0.03118 0.02209
0 0.29821 0.63447 0.03176 0.01906
0 0.23297 0.63361 0.03406 0.02858
0 0.24336 0.63123 0.03984 0.02728
0 0.24913 0.62386 0.04099 0.02988
0 0.30774 0.62884 0.04850 0.02512
0 0.32130 0.62300 0.04446 0.01862
0 0.26443 0.61542 0.04157 0.03118
0 0.28002 0.60546 0.03580 0.03032
0 0.29301 0.60004 0.03984 0.03248
0 0.29792 0.59095 0.03349 0.03248
0 0.33054 0.61672 0.03753 0.02512
0 0.30889 0.58900 0.04042 0.03205
0 0.33978 0.61260 0.03522 0.02728
0 0.34411 0.61044 0.03233 0.02295
0 0.35017 0.60871 0.03753 0.02209
0 0.36028 0.60567 0.04157 0.02382
0 0.36519 0.60242 0.03522 0.02339
0 0.37789 0.59853 0.04330 0.02772
0 0.32448 0.58489 0.04388 0.02815
0 0.32159 0.57752 0.03002 0.03162
0 0.33545 0.57687 0.04273 0.03378
0 0.34209 0.57254 0.04446 0.03725
0 0.38539 0.59615 0.04330 0.02469
0 0.39290 0.59181 0.04792 0.02728
0 0.39867 0.58662 0.03984 0.03075
0 0.41311 0.58489 0.05370 0.03075
0 0.41859 0.58272 0.04503 0.02728
0 0.42350 0.57839 0.05023 0.02902
0 0.43476 0.57341 0.05312 0.03205
0 0.44342 0.56843 0.04734 0.03248
0 0.45583 0.56345 0.05023 0.03551
0 0.46536 0.56020 0.05196 0.03421
0 0.47662 0.55479 0.05485 0.03465
0 0.49192 0.54959 0.05774 0.03205
0 0.49885 0.53876 0.05196 0.03811
0 0.51155 0.53400 0.05081 0.03984
0 0.52165 0.52815 0.04561 0.04028
0 0.53609 0.52144 0.05370 0.04851
0 0.55023 0.51602 0.05196 0.04201
0 0.55976 0.50736 0.04792 0.03595
0 0.35306 0.56735 0.04677 0.03551
0 0.36692 0.56172 0.04677 0.03465
0 0.37875 0.55219 0.05081 0.03811
0 0.39232 0.54677 0.04908 0.03595
0 0.40387 0.53941 0.04677 0.03768
0 0.41397 0.53486 0.04965 0.03898
0 0.41686 0.52837 0.03580 0.03725
0 0.43043 0.52469 0.04792 0.04201
0 0.44255 0.51927 0.04792 0.04244
0 0.45612 0.51343 0.05427 0.04288
0 0.46507 0.50368 0.04215 0.04158
0 0.48095 0.49589 0.04850 0.04417
0 0.49423 0.48852 0.04850 0.04071
0 0.50693 0.47921 0.05081 0.04547
0 0.52252 0.47012 0.05427 0.04634
0 0.54388 0.46037 0.05543 0.05110
0 0.56553 0.44608 0.05485 0.05630
0 0.59325 0.44348 0.05370 0.04764
0 0.57535 0.49740 0.05370 0.03941
0 0.59498 0.48614 0.05023 0.03508
0 0.62067 0.47791 0.05774 0.03681
