0 0.98148 0.35338 0.03704 0.02506
0 0.98148 0.37845 0.03704 0.02506
0 0.97685 0.40602 0.04630 0.03008
0 0.97685 0.43233 0.04630 0.02256
0 0.98148 0.46115 0.03704 0.03509
0 0.98611 0.50000 0.02778 0.02757
0 0.98611 0.52757 0.02778 0.02256
0 0.98611 0.55263 0.02778 0.02757
0 0.98611 0.57895 0.02778 0.02506
0 0.98148 0.60526 0.03704 0.02256
0 0.97685 0.63158 0.04630 0.03008
0 0.98611 0.66040 0.02778 0.02757
0 0.98611 0.68672 0.02778 0.02506
0 0.97685 0.71303 0.04630 0.02757
0 0.97685 0.74436 0.04630 0.03008
0 0.98148 0.77318 0.03704 0.02757
0 0.97685 0.80326 0.04630 0.03258
0 0.01389 0.33459 0.02778 0.02256
0 0.01852 0.35714 0.03704 0.02256
0 0.01852 0.38095 0.03704 0.02506
0 0.01852 0.44612 0.03704 0.02506
0 0.01389 0.42481 0.02778 0.01754
0 0.01389 0.47243 0.02778 0.01754
0 0.01852 0.49373 0.03704 0.02506
0 0.01389 0.52130 0.02778 0.02005
0 0.01389 0.54135 0.02778 0.02005
0 0.01852 0.56642 0.03704 0.03008
0 0.01852 0.59023 0.03704 0.01754
0 0.02315 0.61278 0.04630 0.02757
0 0.02778 0.64035 0.05556 0.02256
0 0.02315 0.66416 0.04630 0.03008
0 0.01852 0.68672 0.03704 0.02506
0 0.02315 0.70927 0.04630 0.02506
0 0.02778 0.73559 0.05556 0.02757
0 0.02778 0.76065 0.05556 0.02757
0 0.02778 0.78321 0.05556 0.02757
0 0.02778 0.80827 0.05556 0.02256
0 0.98148 0.83333 0.03704 0.03258
0 0.97685 0.86717 0.04630 0.03008
0 0.97222 0.89348 0.05556 0.02757
0 0.97222 0.92356 0.05556 0.03759
0 0.98148 0.98872 0.03704 0.02256
0 0.98148 0.95739 0.03704 0.03509
0 0.03241 0.83208 0.06481 0.02506
0 0.03241 0.85464 0.06481 0.02506
0 0.02778 0.88471 0.05556 0.03008
0 0.02778 0.91228 0.05556 0.02506
0 0.02778 0.93985 0.05556 0.03509
0 0.68056 0.99749 0.06481 0.00501
0 0.58333 0.99624 0.12963 0.00752
0 0.11574 0.88972 0.08333 0.02506
0 0.10185 0.91479 0.05556 0.02506
0 0.11574 0.93860 0.06481 0.02757
0 0.13889 0.96491 0.05556 0.02506
0 0.15741 0.98997 0.03704 0.02005
0 0.21759 0.99123 0.10185 0.01754
0 0.20833 0.97118 0.13889 0.02757
0 0.18056 0.94486 0.10185 0.02506
0 0.17130 0.91980 0.12037 0.02506
0 0.17130 0.89474 0.13889 0.03008
0 0.31944 0.98622 0.13889 0.02757
0 0.29167 0.95990 0.13889 0.02506
0 0.29167 0.93734 0.15741 0.02506
0 0.28704 0.90977 0.16667 0.03008
0 0.87963 0.95990 0.05556 0.02506
0 0.88889 0.93609 0.05556 0.02256
0 0.89815 0.91103 0.05556 0.02757
0 0.77778 0.98747 0.14815 0.02506
0 0.81018 0.96366 0.12037 0.02256
0 0.81482 0.94110 0.12963 0.02757
0 0.83333 0.91228 0.12963 0.03008
0 0.69444 0.98246 0.14815 0.02506
0 0.69907 0.95739 0.15741 0.02506
0 0.70833 0.93233 0.17593 0.03008
0 0.71759 0.90476 0.17593 0.02506
0 0.56482 0.98371 0.14815 0.02757
0 0.56481 0.95489 0.16667 0.03008
0 0.58333 0.92857 0.18518 0.03258
0 0.56944 0.89975 0.17593 0.02506
0 0.43519 0.98872 0.12963 0.02256
0 0.43056 0.96366 0.15741 0.03759
0 0.42593 0.93233 0.14815 0.03509
0 0.41667 0.90226 0.14815 0.03008
0 0.10648 0.86842 0.08333 0.02256
0 0.08333 0.84587 0.05556 0.02256
0 0.08333 0.82331 0.05556 0.02757
0 0.08796 0.80201 0.06481 0.02506
0 0.16204 0.86967 0.12037 0.02005
0 0.15278 0.85088 0.12037 0.02256
0 0.14352 0.82832 0.10185 0.02757
0 0.14352 0.80451 0.08333 0.02506
0 0.12037 0.78070 0.12963 0.02256
0 0.11111 0.76316 0.11111 0.02256
0 0.10185 0.74186 0.11111 0.02506
0 0.10185 0.72055 0.11111 0.02256
0 0.09259 0.70050 0.11111 0.02256
0 0.08796 0.67920 0.10185 0.02506
0 0.09722 0.65789 0.12037 0.02757
0 0.27778 0.88471 0.14815 0.02506
0 0.27778 0.85965 0.16667 0.02506
0 0.26852 0.83960 0.14815 0.02005
0 0.25000 0.81955 0.16667 0.02506
0 0.24074 0.79825 0.14815 0.02757
0 0.22685 0.77444 0.15741 0.02506
0 0.22685 0.75313 0.15741 0.02256
0 0.23148 0.73183 0.18519 0.02506
0 0.22685 0.70927 0.17593 0.02506
0 0.22222 0.68672 0.18519 0.02506
0 0.21296 0.66541 0.16667 0.02757
0 0.42593 0.87343 0.16667 0.02757
0 0.41667 0.85088 0.18519 0.02757
0 0.40741 0.82581 0.16667 0.02757
0 0.39352 0.80201 0.19444 0.02506
0 0.38426 0.77945 0.17593 0.02506
0 0.37963 0.75689 0.18519 0.02506
0 0.37963 0.73308 0.16667 0.02757
0 0.37963 0.70927 0.18519 0.03008
0 0.38426 0.68421 0.19444 0.02506
0 0.36111 0.66040 0.20370 0.02757
0 0.92130 0.88596 0.06481 0.02256
0 0.91667 0.86592 0.05556 0.02256
0 0.92593 0.84461 0.05556 0.02506
0 0.93056 0.81955 0.06481 0.02506
0 0.93056 0.79950 0.06481 0.02506
0 0.93518 0.77694 0.07407 0.02506
0 0.93056 0.75689 0.08333 0.02506
0 0.93981 0.73684 0.06481 0.02506
0 0.93981 0.71554 0.06481 0.02256
0 0.94907 0.69298 0.08333 0.02757
0 0.94907 0.67168 0.08333 0.02506
0 0.93982 0.65163 0.08333 0.02506
0 0.84722 0.88972 0.10185 0.02506
0 0.85185 0.86466 0.12963 0.02506
0 0.85185 0.84461 0.12963 0.02506
0 0.85185 0.82205 0.12963 0.02506
0 0.86111 0.79825 0.12963 0.02757
0 0.84722 0.77569 0.12037 0.02757
0 0.85185 0.75439 0.12963 0.02005
0 0.86111 0.73434 0.12963 0.02506
0 0.85648 0.71178 0.12037 0.02506
0 0.85185 0.69173 0.14815 0.02506
0 0.85648 0.66917 0.12037 0.02506
0 0.83796 0.64787 0.13889 0.02757
0 0.73148 0.88221 0.14815 0.02506
0 0.72222 0.85965 0.16667 0.02506
0 0.73148 0.83584 0.14815 0.02757
0 0.72222 0.81203 0.16667 0.02506
0 0.73148 0.78822 0.16667 0.02757
0 0.71296 0.76692 0.16667 0.02506
0 0.72222 0.74687 0.18519 0.02506
0 0.71759 0.72306 0.19444 0.02757
0 0.72222 0.70175 0.16667 0.02506
0 0.71296 0.68045 0.18519 0.02256
0 0.71296 0.65915 0.18519 0.03008
0 0.57407 0.88346 0.18519 0.02757
0 0.58796 0.85965 0.17593 0.02506
0 0.56944 0.83709 0.21296 0.03008
0 0.56481 0.81454 0.16667 0.02506
0 0.56018 0.79073 0.19444 0.02757
0 0.55093 0.76817 0.19444 0.02757
0 0.54630 0.74561 0.18518 0.02256
0 0.54630 0.72556 0.18518 0.02757
0 0.55556 0.69925 0.18518 0.03008
0 0.53704 0.67669 0.16667 0.02506
0 0.54630 0.65288 0.20370 0.02757
0 0.09722 0.63408 0.10185 0.02506
0 0.08333 0.61404 0.11111 0.02506
0 0.07870 0.59273 0.10185 0.02256
0 0.07870 0.57268 0.10185 0.02757
0 0.06944 0.55013 0.10185 0.02256
0 0.06944 0.53008 0.10185 0.02256
0 0.06481 0.51253 0.09259 0.02757
0 0.06481 0.48872 0.09259 0.02506
0 0.06944 0.46617 0.10185 0.02506
0 0.05556 0.44110 0.09259 0.02506
0 0.06019 0.41729 0.08333 0.02757
0 0.06481 0.39348 0.07407 0.02506
0 0.21296 0.64411 0.14815 0.02005
0 0.20833 0.62531 0.15741 0.02256
0 0.19907 0.60025 0.17593 0.02757
0 0.19444 0.57895 0.14815 0.02506
0 0.18518 0.55890 0.14815 0.02506
0 0.17593 0.53634 0.14815 0.02506
0 0.18518 0.51504 0.14815 0.02256
0 0.17130 0.49248 0.13889 0.02757
0 0.17130 0.47494 0.13889 0.02256
0 0.16667 0.45113 0.14815 0.02506
0 0.15741 0.42857 0.14815 0.02506
0 0.16204 0.40602 0.15741 0.03008
0 0.36111 0.63534 0.18518 0.02757
0 0.34722 0.60902 0.19444 0.03008
0 0.35185 0.58521 0.18519 0.02256
0 0.33796 0.56391 0.19444 0.02506
0 0.32870 0.54010 0.19444 0.02757
0 0.32870 0.51754 0.17593 0.02256
0 0.32407 0.49624 0.18519 0.02506
0 0.32870 0.47243 0.21296 0.02757
0 0.31482 0.44987 0.20370 0.02757
0 0.31944 0.42857 0.19444 0.02506
0 0.32870 0.40476 0.21296 0.02757
0 0.93519 0.62782 0.09259 0.02256
0 0.93519 0.60902 0.09259 0.02506
0 0.93519 0.58647 0.09259 0.02506
0 0.93056 0.56391 0.10185 0.02506
0 0.93982 0.54135 0.10185 0.02506
0 0.94444 0.52005 0.09259 0.02757
0 0.93056 0.49875 0.10185 0.02506
0 0.93519 0.47744 0.09259 0.02757
0 0.93056 0.45363 0.10185 0.02506
0 0.92130 0.43108 0.10185 0.02506
0 0.92593 0.41353 0.07407 0.02506
0 0.93056 0.39098 0.10185 0.02506
0 0.83333 0.62406 0.12963 0.02506
0 0.83796 0.60401 0.12037 0.02506
0 0.84259 0.58145 0.12963 0.02506
0 0.83333 0.56140 0.12963 0.02506
0 0.83333 0.54135 0.12963 0.02506
0 0.83796 0.51754 0.15741 0.02757
0 0.82870 0.49248 0.13889 0.02757
0 0.83333 0.46867 0.14815 0.03008
0 0.83333 0.44361 0.12963 0.03509
0 0.83796 0.41479 0.12037 0.02757
0 0.82407 0.38972 0.14815 0.02757
0 0.68982 0.63534 0.17593 0.02256
0 0.68982 0.61529 0.19444 0.02256
0 0.70370 0.59649 0.18519 0.02506
0 0.70370 0.57268 0.18519 0.02757
0 0.68518 0.54762 0.18519 0.02757
0 0.68982 0.52506 0.19444 0.02757
0 0.68518 0.50125 0.18519 0.03008
0 0.68518 0.47870 0.18519 0.03008
0 0.68982 0.45990 0.15741 0.02256
0 0.68518 0.43985 0.18519 0.02757
0 0.69444 0.41604 0.20370 0.03008
0 0.67593 0.39223 0.16667 0.02757
0 0.52315 0.63910 0.17593 0.02506
0 0.51852 0.61654 0.18519 0.02506
0 0.52778 0.59273 0.20370 0.02757
0 0.52315 0.57017 0.21296 0.02757
0 0.50926 0.54762 0.20370 0.02757
0 0.50926 0.52381 0.20370 0.02506
0 0.50000 0.50501 0.20370 0.02757
0 0.50926 0.48120 0.20370 0.03008
0 0.50463 0.45865 0.21296 0.03008
0 0.49537 0.43734 0.17593 0.02757
0 0.49074 0.41479 0.18518 0.03258
0 0.92593 0.36717 0.11111 0.02757
0 0.92593 0.34085 0.09259 0.02506
0 0.91667 0.31830 0.11111 0.03008
0 0.90741 0.29574 0.11111 0.03008
0 0.89815 0.26942 0.11111 0.02757
0 0.89815 0.24561 0.11111 0.03008
0 0.87963 0.22306 0.11111 0.02506
0 0.87037 0.19925 0.12963 0.02757
0 0.86111 0.17293 0.14815 0.03008
0 0.87037 0.14536 0.12963 0.03008
0 0.82407 0.09398 0.14815 0.02757
0 0.83796 0.12030 0.15741 0.03509
0 0.05093 0.36717 0.06481 0.02757
0 0.05093 0.34211 0.06481 0.02757
0 0.05093 0.31955 0.08333 0.02757
0 0.04630 0.29574 0.07407 0.02506
0 0.04167 0.27318 0.06481 0.02506
0 0.04630 0.25063 0.07407 0.02506
0 0.05556 0.22682 0.07407 0.02757
0 0.04630 0.20301 0.07407 0.02506
0 0.06019 0.17920 0.08333 0.02757
0 0.06019 0.15413 0.06481 0.03258
0 0.15278 0.38346 0.15741 0.02506
0 0.15278 0.36090 0.15741 0.03008
0 0.15278 0.33960 0.15741 0.02757
0 0.14815 0.31579 0.16667 0.02506
0 0.14352 0.29323 0.15741 0.02506
0 0.14352 0.26942 0.15741 0.02757
0 0.13889 0.24311 0.14815 0.03008
0 0.14352 0.22055 0.13889 0.02506
0 0.13426 0.19549 0.13889 0.03008
0 0.16204 0.17043 0.15741 0.02506
0 0.16667 0.14787 0.16667 0.03008
0 0.10648 0.12281 0.10185 0.03509
0 0.17593 0.09148 0.14815 0.02757
0 0.16667 0.11654 0.12963 0.03759
0 0.31944 0.38221 0.19444 0.02757
0 0.31481 0.35965 0.18518 0.02757
0 0.31481 0.33584 0.18518 0.02506
0 0.31482 0.31203 0.20370 0.02757
0 0.30093 0.28947 0.19444 0.02757
0 0.30093 0.26566 0.19444 0.02506
0 0.29167 0.24060 0.19444 0.03008
0 0.27778 0.21303 0.18519 0.03008
0 0.27315 0.18797 0.17593 0.03509
0 0.28241 0.15539 0.15741 0.03509
0 0.28241 0.12030 0.13889 0.04010
0 0.29630 0.08020 0.16667 0.04511
0 0.50926 0.38596 0.20370 0.03008
0 0.48611 0.36466 0.21296 0.02757
0 0.49074 0.34336 0.20370 0.02506
0 0.48611 0.32080 0.19444 0.03008
0 0.49074 0.29449 0.20370 0.02757
0 0.47685 0.26942 0.21296 0.03258
0 0.46296 0.24311 0.18519 0.03008
0 0.45370 0.21554 0.18518 0.03008
0 0.44444 0.18672 0.20370 0.03258
0 0.43056 0.15664 0.17593 0.03258
0 0.43056 0.12030 0.19444 0.04511
0 0.82407 0.36341 0.14815 0.03008
0 0.81944 0.33709 0.15741 0.02757
0 0.81018 0.31328 0.13889 0.03008
0 0.80093 0.28571 0.15741 0.03008
0 0.78704 0.26191 0.14815 0.02757
0 0.77778 0.23559 0.16667 0.03008
0 0.76389 0.21053 0.13889 0.03509
0 0.73611 0.17920 0.15741 0.03759
0 0.73611 0.14411 0.15741 0.04261
0 0.67130 0.36967 0.17593 0.02757
0 0.67593 0.34712 0.18519 0.02757
0 0.67130 0.32331 0.17593 0.03008
0 0.66667 0.29825 0.16667 0.03008
0 0.66667 0.27068 0.16667 0.03008
0 0.63889 0.24687 0.16667 0.02757
0 0.62500 0.22055 0.17593 0.03008
0 0.60648 0.19424 0.17593 0.03258
0 0.59722 0.16291 0.15741 0.03008
0 0.57870 0.13283 0.17593 0.04010
0 0.68982 0.11278 0.15741 0.03509
0 0.66204 0.08271 0.15741 0.03509
0 0.55556 0.09273 0.14815 0.04010
0 0.40741 0.09148 0.14815 0.03258
0 0.43981 0.06391 0.15741 0.02757
