0 0.18177 0.56563 0.01875 0.02986
0 0.19141 0.55868 0.00781 0.02153
0 0.20026 0.55000 0.01302 0.02083
0 0.21068 0.53958 0.01094 0.02361
0 0.22057 0.53090 0.01615 0.02986
0 0.23385 0.51632 0.01354 0.02847
0 0.24453 0.50799 0.02344 0.03819
0 0.25885 0.49375 0.01458 0.02917
0 0.27057 0.48438 0.01719 0.03958
0 0.28255 0.47465 0.01615 0.03958
0 0.29479 0.46319 0.01771 0.03611
0 0.31276 0.44653 0.02448 0.03889
0 0.33463 0.42465 0.02135 0.03958
0 0.35469 0.40486 0.02292 0.03889
0 0.37344 0.38993 0.01875 0.03403
0 0.38932 0.37778 0.01719 0.03472
0 0.40703 0.36181 0.02240 0.03889
0 0.42500 0.35174 0.02500 0.04236
0 0.44401 0.33681 0.02135 0.03472
0 0.18229 0.59583 0.02917 0.05278
0 0.19453 0.58785 0.02031 0.06458
0 0.21172 0.57639 0.02135 0.06111
0 0.22813 0.56215 0.02813 0.07014
0 0.24948 0.53785 0.03333 0.06736
0 0.26849 0.52674 0.02135 0.06042
0 0.28151 0.51562 0.02344 0.06042
0 0.29375 0.50000 0.01667 0.05833
0 0.30937 0.48021 0.02500 0.06181
0 0.32630 0.46667 0.02031 0.05556
0 0.34062 0.45347 0.02187 0.05972
0 0.35339 0.44167 0.02448 0.06667
0 0.37109 0.43160 0.02344 0.07153
0 0.38776 0.42014 0.02656 0.07917
0 0.40781 0.40278 0.02604 0.06806
0 0.42604 0.39167 0.02917 0.07639
0 0.46198 0.32535 0.02708 0.04097
0 0.48438 0.31146 0.02917 0.04236
0 0.51276 0.29792 0.04219 0.04722
0 0.44792 0.38194 0.03229 0.07778
0 0.46745 0.36389 0.02969 0.06528
0 0.49401 0.35312 0.04323 0.07569
0 0.26120 0.84097 0.02552 0.05000
0 0.27734 0.83576 0.02656 0.04653
0 0.29688 0.83403 0.03333 0.04028
0 0.43229 0.74931 0.03542 0.03333
0 0.46146 0.73438 0.03958 0.02986
0 0.47474 0.72083 0.03802 0.01944
0 0.49505 0.70764 0.03802 0.02083
0 0.51588 0.69097 0.03385 0.02500
0 0.53151 0.67569 0.03594 0.02361
0 0.55703 0.65903 0.03385 0.02778
0 0.58333 0.64375 0.03333 0.01944
0 0.42318 0.71944 0.04219 0.03889
0 0.43802 0.70833 0.04375 0.03472
0 0.45156 0.69062 0.05833 0.04931
0 0.47682 0.67951 0.05052 0.04792
0 0.49323 0.66910 0.04271 0.03958
0 0.51328 0.65590 0.05365 0.04097
0 0.52969 0.64306 0.04479 0.04028
0 0.55287 0.62812 0.04635 0.04375
0 0.57266 0.61701 0.03802 0.04236
0 0.38255 0.75590 0.05781 0.06458
0 0.40026 0.73403 0.04010 0.05556
0 0.31250 0.80382 0.03438 0.05347
0 0.34792 0.78125 0.03646 0.05972
0 0.32969 0.78785 0.04063 0.05486
0 0.27422 0.76076 0.07031 0.06458
0 0.28776 0.74861 0.05052 0.05278
0 0.29818 0.73403 0.04427 0.06111
0 0.31406 0.72674 0.04271 0.07014
0 0.32995 0.72222 0.05052 0.06389
0 0.34401 0.70590 0.05052 0.05903
0 0.35573 0.69167 0.04375 0.05972
0 0.37526 0.68299 0.04010 0.05764
0 0.39557 0.67326 0.05573 0.07014
0 0.40755 0.65625 0.05156 0.06389
0 0.42396 0.64271 0.04688 0.07292
0 0.44375 0.63646 0.05417 0.05903
0 0.46224 0.62465 0.05469 0.06181
0 0.48333 0.60764 0.05729 0.06667
0 0.50365 0.60069 0.05833 0.05556
0 0.59583 0.60868 0.05417 0.05625
0 0.52448 0.57951 0.06250 0.07292
0 0.69479 0.57431 0.02396 0.03889
0 0.67578 0.58264 0.02969 0.02917
0 0.63333 0.59063 0.05729 0.04931
0 0.65052 0.56562 0.04583 0.04375
0 0.54583 0.56493 0.05104 0.06458
0 0.57474 0.54410 0.04531 0.07847
0 0.60547 0.53715 0.05052 0.07014
0 0.62682 0.53403 0.04115 0.05000
0 0.68542 0.54722 0.03646 0.04722
0 0.65208 0.51944 0.02604 0.05833
0 0.67292 0.53264 0.03750 0.05000
0 0.68047 0.49861 0.03802 0.05833
0 0.23932 0.72153 0.04219 0.06806
0 0.24687 0.69410 0.04792 0.07014
0 0.26380 0.68368 0.04531 0.07847
0 0.28177 0.67222 0.03958 0.06389
0 0.29818 0.66042 0.04844 0.07083
0 0.31406 0.64201 0.04792 0.07708
0 0.21797 0.63924 0.03594 0.07431
0 0.23021 0.62882 0.03333 0.06597
0 0.24062 0.61910 0.03437 0.07153
0 0.25469 0.60521 0.04063 0.08264
0 0.32708 0.63021 0.04167 0.07431
0 0.34479 0.62153 0.04896 0.08472
0 0.36432 0.60139 0.04635 0.08056
0 0.38490 0.58646 0.05000 0.07986
0 0.41354 0.56806 0.05625 0.08333
0 0.43411 0.55208 0.05573 0.08750
0 0.45443 0.54167 0.04219 0.08333
0 0.47578 0.53542 0.05156 0.08611
0 0.50260 0.50937 0.05417 0.07431
0 0.53724 0.49861 0.05573 0.07778
0 0.27838 0.59028 0.04219 0.07639
0 0.28802 0.58472 0.03854 0.06806
0 0.29713 0.56667 0.04219 0.06944
0 0.31432 0.55035 0.04323 0.08542
0 0.33073 0.53646 0.04792 0.08681
0 0.34714 0.52257 0.04010 0.08542
0 0.36172 0.50833 0.03385 0.08333
0 0.38151 0.50382 0.04323 0.08819
0 0.40052 0.48854 0.03854 0.07986
0 0.41198 0.46840 0.03542 0.08264
0 0.43125 0.46424 0.03958 0.08681
0 0.44401 0.46042 0.03281 0.07639
0 0.46016 0.45417 0.04427 0.08472
0 0.47526 0.42882 0.03594 0.08403
0 0.50287 0.43056 0.04115 0.09028
0 0.53594 0.42500 0.05521 0.09028
0 0.56224 0.27986 0.01927 0.03194
0 0.54141 0.28819 0.04635 0.03750
0 0.52292 0.34375 0.03958 0.08611
0 0.54948 0.33264 0.03646 0.08056
0 0.60729 0.29201 0.03437 0.04236
0 0.59036 0.26354 0.05677 0.06458
0 0.65495 0.45868 0.04115 0.08125
0 0.62526 0.47813 0.05365 0.07569
0 0.61589 0.34375 0.03177 0.06667
0 0.58594 0.33681 0.05625 0.09167
0 0.56406 0.40590 0.05729 0.07569
0 0.57448 0.47743 0.05625 0.07986
0 0.60781 0.41285 0.05729 0.08681
