0 0.59505 0.77855 0.00469 0.01013
0 0.60234 0.79512 0.00469 0.01197
0 0.60781 0.79328 0.01042 0.02670
0 0.60234 0.77716 0.01094 0.02394
0 0.59088 0.76519 0.00677 0.01657
0 0.59792 0.76151 0.01146 0.02762
0 0.58490 0.75184 0.00833 0.01381
0 0.59349 0.74448 0.01198 0.02855
0 0.57969 0.73757 0.00833 0.01842
0 0.58750 0.70718 0.00833 0.01657
0 0.58724 0.72974 0.01406 0.03223
0 0.58281 0.69061 0.00625 0.01657
0 0.58203 0.71455 0.01198 0.02762
0 0.57760 0.70212 0.01146 0.03223
0 0.57422 0.68370 0.01094 0.03223
0 0.57396 0.72652 0.00938 0.01842
0 0.56823 0.70948 0.01146 0.02486
0 0.56328 0.69751 0.01406 0.02670
0 0.56797 0.67173 0.01302 0.02855
0 0.55859 0.63536 0.01198 0.03683
0 0.55313 0.61832 0.01354 0.03591
0 0.56458 0.65608 0.01354 0.03039
0 0.55625 0.68324 0.01458 0.02947
0 0.55130 0.66344 0.01510 0.03039
0 0.54635 0.64917 0.01562 0.03131
0 0.54062 0.63260 0.01667 0.03683
0 0.55130 0.58840 0.00781 0.02210
0 0.54713 0.60221 0.01302 0.02947
0 0.54557 0.57412 0.00781 0.02486
0 0.54088 0.58886 0.01302 0.03223
0 0.53412 0.61740 0.01510 0.03039
0 0.52812 0.59899 0.01562 0.02855
0 0.54036 0.55617 0.00677 0.02026
0 0.53542 0.57274 0.01250 0.02762
0 0.53464 0.54190 0.00990 0.03591
0 0.52812 0.55479 0.01354 0.03223
0 0.52162 0.58425 0.01719 0.03407
0 0.52682 0.52486 0.01094 0.02762
0 0.51901 0.53683 0.01615 0.02947
0 0.51380 0.56354 0.01823 0.03499
0 0.50599 0.54558 0.01198 0.02486
0 0.51901 0.50737 0.01094 0.02947
0 0.51302 0.52072 0.01458 0.02855
0 0.51120 0.49033 0.01094 0.02855
0 0.50104 0.53131 0.01458 0.02947
0 0.50703 0.50506 0.01302 0.02670
0 0.50260 0.47238 0.01250 0.02762
0 0.49349 0.51427 0.01615 0.03223
0 0.49922 0.48803 0.01406 0.02762
0 0.52240 0.61234 0.00729 0.01657
0 0.51510 0.59668 0.00833 0.01657
0 0.50781 0.57827 0.00938 0.01842
0 0.50026 0.55801 0.00990 0.01842
0 0.49271 0.54190 0.01146 0.01934
0 0.49766 0.45074 0.00885 0.01934
0 0.48281 0.52118 0.00833 0.02026
0 0.47578 0.50414 0.00990 0.02118
0 0.46745 0.48573 0.01094 0.02302
0 0.48672 0.49586 0.01510 0.03223
0 0.49115 0.46777 0.01354 0.02762
0 0.47943 0.47606 0.01510 0.02947
0 0.45833 0.46317 0.01354 0.02210
0 0.48307 0.44889 0.01406 0.02855
0 0.47135 0.43738 0.01562 0.02762
0 0.46250 0.42127 0.01875 0.03039
