0 0.44740 0.67305 0.02083 0.01328
0 0.44115 0.65781 0.01042 0.02031
0 0.44115 0.63984 0.01250 0.02031
0 0.45833 0.66680 0.02708 0.02266
0 0.45547 0.64844 0.02240 0.02031
0 0.47656 0.64922 0.02708 0.01875
0 0.47891 0.66953 0.02552 0.02812
0 0.54974 0.64375 0.02448 0.01875
0 0.50026 0.65742 0.02656 0.01797
0 0.50182 0.64180 0.02865 0.01641
0 0.44193 0.62383 0.01198 0.01484
0 0.45469 0.63437 0.01979 0.01719
0 0.44167 0.60977 0.01042 0.01641
0 0.44193 0.59375 0.01094 0.01875
0 0.44141 0.57656 0.00990 0.01875
0 0.44297 0.56172 0.00990 0.01719
0 0.44323 0.54688 0.00833 0.01719
0 0.44323 0.53008 0.00833 0.01797
0 0.44740 0.48125 0.00729 0.02031
0 0.44427 0.51328 0.00625 0.01406
0 0.44583 0.49883 0.00937 0.01641
0 0.45495 0.62109 0.02031 0.02031
0 0.45521 0.60352 0.01979 0.02109
0 0.45365 0.58477 0.01979 0.02109
0 0.45521 0.56875 0.02083 0.01875
0 0.45625 0.55313 0.02083 0.01875
0 0.45443 0.53672 0.01823 0.01719
0 0.45417 0.52070 0.01875 0.01797
0 0.45365 0.50469 0.01562 0.01719
0 0.47708 0.63516 0.02812 0.01719
0 0.47682 0.62031 0.02656 0.01875
0 0.47500 0.60508 0.02604 0.01641
0 0.47578 0.59023 0.02865 0.01953
0 0.47552 0.57422 0.02604 0.01875
0 0.47396 0.55664 0.02396 0.01797
0 0.47266 0.54062 0.02448 0.01562
0 0.47135 0.52461 0.02396 0.01797
0 0.47005 0.50781 0.02240 0.01875
0 0.50208 0.62500 0.02813 0.02344
0 0.50104 0.60391 0.02708 0.02500
0 0.49974 0.58594 0.02448 0.02187
0 0.49766 0.56641 0.02656 0.02500
0 0.49635 0.54805 0.02604 0.02578
0 0.49375 0.52930 0.02500 0.02266
0 0.49036 0.51367 0.02448 0.02109
0 0.55625 0.62773 0.00938 0.01641
0 0.55599 0.61328 0.00990 0.01875
0 0.55625 0.59805 0.00833 0.01641
0 0.55417 0.58398 0.01042 0.02109
0 0.55260 0.56875 0.01042 0.01875
0 0.55130 0.55391 0.00990 0.01875
0 0.54948 0.53789 0.01146 0.01953
0 0.54766 0.52344 0.01094 0.01719
0 0.54662 0.49492 0.01094 0.01797
0 0.54479 0.50820 0.01250 0.01797
0 0.54479 0.63086 0.01979 0.01953
0 0.54505 0.61602 0.01719 0.01484
0 0.54323 0.60273 0.02083 0.02266
0 0.54245 0.58633 0.01719 0.01953
0 0.54010 0.57031 0.01771 0.02344
0 0.53880 0.55391 0.01823 0.02187
0 0.53568 0.53906 0.01927 0.02187
0 0.53385 0.52070 0.01979 0.01953
0 0.52526 0.63437 0.02448 0.02031
0 0.52526 0.61680 0.02552 0.02109
0 0.52344 0.59844 0.02500 0.02031
0 0.52318 0.58242 0.02552 0.01953
0 0.52109 0.56797 0.02448 0.02344
0 0.51979 0.55000 0.02396 0.02188
0 0.51693 0.53164 0.02344 0.02266
0 0.51354 0.51445 0.02396 0.02578
0 0.53099 0.50391 0.01927 0.02500
0 0.54740 0.47852 0.00521 0.01797
0 0.54115 0.48867 0.01146 0.01797
0 0.54453 0.46094 0.00885 0.01719
0 0.53724 0.47344 0.01719 0.02031
0 0.52656 0.48516 0.01875 0.02188
0 0.51042 0.49805 0.02187 0.02109
0 0.48958 0.49609 0.02500 0.02344
0 0.45495 0.48711 0.01510 0.02109
0 0.46953 0.49141 0.02135 0.02031
0 0.45052 0.44648 0.00729 0.01953
0 0.44844 0.46523 0.00625 0.01953
0 0.45703 0.46953 0.01615 0.02031
0 0.45677 0.45156 0.01354 0.02187
0 0.45547 0.41914 0.01094 0.04453
0 0.45781 0.43203 0.01146 0.02344
0 0.46250 0.41172 0.01250 0.02344
0 0.47005 0.47305 0.02031 0.01797
0 0.47031 0.45352 0.01875 0.02266
0 0.46979 0.43008 0.01667 0.02734
0 0.48880 0.47852 0.02448 0.02109
0 0.48802 0.46094 0.02292 0.02031
0 0.48620 0.44141 0.02031 0.02344
0 0.48359 0.41914 0.01927 0.02578
0 0.54193 0.44453 0.00781 0.01875
0 0.53932 0.42500 0.00885 0.02344
0 0.53229 0.40391 0.01146 0.02344
0 0.53359 0.45742 0.01823 0.01953
0 0.52266 0.46289 0.01823 0.02578
0 0.50859 0.48164 0.02031 0.02109
0 0.50651 0.46445 0.02031 0.02109
0 0.53333 0.43828 0.01667 0.02188
0 0.52760 0.41719 0.01875 0.02656
0 0.51745 0.43711 0.01823 0.02891
0 0.50625 0.44570 0.02292 0.02109
0 0.51250 0.40938 0.01875 0.02656
0 0.50208 0.42344 0.02083 0.02344
0 0.46562 0.38867 0.01250 0.03047
0 0.49297 0.33828 0.01510 0.02187
0 0.47552 0.36406 0.01875 0.02500
0 0.47995 0.37695 0.01927 0.03047
0 0.47734 0.40195 0.02240 0.02891
0 0.52057 0.39023 0.01719 0.02891
0 0.49297 0.37969 0.01198 0.02500
0 0.50495 0.38711 0.01615 0.02422
0 0.49557 0.40352 0.02135 0.02578
0 0.52214 0.36211 0.01198 0.03047
0 0.50703 0.34570 0.02031 0.02578
0 0.50599 0.36484 0.02552 0.02812
