0 0.65973 0.78203 0.01160 0.01198
0 0.65461 0.79089 0.00956 0.01198
0 0.64608 0.79922 0.01160 0.01094
0 0.59829 0.80964 0.01297 0.00990
0 0.65631 0.60938 0.01024 0.00833
0 0.65700 0.61667 0.01024 0.00938
0 0.66143 0.62370 0.01229 0.00990
0 0.65973 0.63177 0.01160 0.00833
0 0.66143 0.63880 0.01092 0.00885
0 0.66246 0.64714 0.01160 0.00885
0 0.66246 0.65469 0.01024 0.00729
0 0.66416 0.66094 0.01092 0.00833
0 0.66314 0.66771 0.01024 0.00938
0 0.66348 0.67656 0.01092 0.00938
0 0.66314 0.68490 0.01024 0.00937
0 0.66348 0.69323 0.01092 0.00833
0 0.66280 0.70052 0.01092 0.00833
0 0.66485 0.70781 0.01092 0.00833
0 0.66382 0.71562 0.01160 0.00937
0 0.66689 0.72448 0.01229 0.00833
0 0.66621 0.73151 0.01229 0.00990
0 0.66655 0.74115 0.01160 0.00938
0 0.66689 0.75000 0.01229 0.00937
0 0.66485 0.75885 0.01229 0.00938
0 0.65358 0.58542 0.00887 0.00938
0 0.66519 0.76823 0.01297 0.00937
0 0.65665 0.77786 0.01229 0.00990
0 0.65222 0.57708 0.00887 0.00937
0 0.65324 0.56901 0.01092 0.00885
0 0.65188 0.56146 0.01092 0.00937
0 0.64949 0.55495 0.01024 0.00885
0 0.64881 0.54662 0.01160 0.00990
0 0.64846 0.53724 0.01229 0.00885
0 0.64812 0.52943 0.01160 0.00990
0 0.64539 0.52057 0.01024 0.00885
0 0.64198 0.51406 0.01160 0.00937
0 0.64130 0.50365 0.01160 0.00938
0 0.63857 0.49609 0.01160 0.00885
0 0.63652 0.48776 0.01297 0.00990
0 0.63481 0.47526 0.01638 0.01406
0 0.62662 0.46484 0.01229 0.01302
0 0.60717 0.45417 0.01706 0.01146
0 0.62150 0.47448 0.01297 0.00938
0 0.62730 0.49479 0.01229 0.00938
0 0.63003 0.50365 0.01229 0.00938
0 0.63106 0.51276 0.01297 0.00990
0 0.63447 0.52135 0.01297 0.00938
0 0.63652 0.52943 0.01297 0.00990
0 0.63754 0.53906 0.01229 0.00938
0 0.63857 0.54713 0.01297 0.00781
0 0.63925 0.55313 0.01297 0.00938
0 0.64198 0.56094 0.01297 0.00937
0 0.64334 0.56849 0.01297 0.00885
0 0.64437 0.57656 0.01229 0.00937
0 0.64573 0.58464 0.01229 0.00885
0 0.64573 0.59297 0.01229 0.00885
0 0.64778 0.59974 0.01229 0.00990
0 0.64778 0.60912 0.01229 0.00885
0 0.64881 0.61719 0.01160 0.00938
0 0.65051 0.62422 0.01229 0.00885
0 0.64949 0.63151 0.01160 0.00885
0 0.65154 0.63880 0.01297 0.00885
0 0.65119 0.64635 0.01229 0.00938
0 0.65222 0.65443 0.01297 0.00885
0 0.65495 0.66172 0.01297 0.00885
0 0.65358 0.66901 0.01297 0.00781
0 0.65393 0.67630 0.01092 0.00885
0 0.65427 0.68463 0.01297 0.00885
0 0.65324 0.69193 0.01229 0.00885
0 0.65495 0.69922 0.01297 0.00990
0 0.65529 0.70833 0.01229 0.00937
0 0.65597 0.71667 0.01229 0.00729
0 0.65597 0.72344 0.01229 0.00938
0 0.65597 0.73229 0.01229 0.00937
0 0.65597 0.74167 0.01229 0.00938
0 0.65563 0.75234 0.01297 0.00990
0 0.65563 0.76302 0.01297 0.00937
0 0.63822 0.79870 0.01229 0.00990
0 0.60546 0.80313 0.01229 0.00938
0 0.58840 0.79948 0.01911 0.01562
0 0.57713 0.79974 0.01297 0.00885
0 0.57543 0.79036 0.01775 0.01094
0 0.59386 0.79505 0.01502 0.01094
0 0.60853 0.79505 0.01297 0.00990
0 0.62355 0.80156 0.01297 0.00938
0 0.64437 0.78750 0.01229 0.00938
0 0.62696 0.78932 0.01706 0.01198
0 0.61024 0.78516 0.02048 0.01094
0 0.52116 0.54557 0.01160 0.00990
0 0.52014 0.55417 0.01229 0.00938
0 0.51195 0.49115 0.01229 0.00937
0 0.51331 0.50365 0.01229 0.00938
0 0.51331 0.51250 0.01229 0.00937
0 0.51570 0.52031 0.01297 0.00833
0 0.51570 0.52760 0.01160 0.00937
0 0.51638 0.53698 0.01297 0.00938
0 0.52184 0.56172 0.01297 0.00885
0 0.52218 0.57005 0.01229 0.00885
0 0.52491 0.57604 0.01229 0.00833
0 0.52491 0.58333 0.01229 0.00937
0 0.52730 0.59193 0.01160 0.00885
0 0.52833 0.59844 0.01092 0.00833
0 0.52867 0.60651 0.01160 0.00885
0 0.52935 0.61484 0.01297 0.00990
0 0.53140 0.62448 0.01160 0.00937
0 0.53311 0.63047 0.00819 0.00885
0 0.53413 0.63880 0.01160 0.00990
0 0.53686 0.64505 0.00887 0.00677
0 0.53822 0.65130 0.01160 0.00990
0 0.53857 0.66042 0.00683 0.00833
0 0.53379 0.66719 0.01229 0.00938
0 0.54403 0.66849 0.01229 0.00885
0 0.54061 0.67552 0.01229 0.00833
0 0.54198 0.68255 0.01229 0.00990
0 0.54539 0.69115 0.00819 0.00937
0 0.54710 0.70000 0.01024 0.00833
0 0.54880 0.70677 0.01092 0.00937
0 0.55051 0.71432 0.01024 0.00885
0 0.55290 0.72266 0.01229 0.00990
0 0.55427 0.73281 0.01092 0.00937
0 0.55700 0.74427 0.01092 0.00938
0 0.55870 0.75260 0.01160 0.00937
0 0.55973 0.76458 0.00956 0.00937
0 0.56450 0.77760 0.01092 0.00937
0 0.64403 0.77786 0.01570 0.01198
0 0.62662 0.77682 0.01775 0.01406
0 0.58840 0.78516 0.01775 0.01094
0 0.57031 0.77995 0.01297 0.00990
0 0.56758 0.76979 0.01297 0.00938
0 0.58021 0.77604 0.01911 0.00937
0 0.59761 0.77500 0.01570 0.01354
0 0.64369 0.76771 0.02594 0.01146
0 0.61536 0.77266 0.01843 0.01406
0 0.60580 0.76458 0.02116 0.01042
0 0.58191 0.76667 0.01843 0.01042
0 0.58635 0.75859 0.05461 0.01406
0 0.58259 0.75651 0.01706 0.00990
0 0.56587 0.75182 0.01092 0.00781
0 0.56655 0.74427 0.01229 0.00938
0 0.56212 0.73568 0.01160 0.00885
0 0.56348 0.72786 0.01160 0.00990
0 0.55939 0.71979 0.01297 0.00833
0 0.55939 0.71172 0.01433 0.00885
0 0.55870 0.70391 0.01433 0.00885
0 0.55563 0.69687 0.01638 0.00938
0 0.60512 0.74713 0.02116 0.01510
0 0.57952 0.74818 0.02184 0.01198
0 0.57884 0.73750 0.02594 0.01042
0 0.60136 0.73672 0.02457 0.00990
0 0.60273 0.72917 0.02184 0.00833
0 0.57782 0.72943 0.02116 0.00885
0 0.57850 0.72240 0.02253 0.00833
0 0.57884 0.71406 0.02594 0.01042
0 0.57474 0.70755 0.02184 0.00990
0 0.57406 0.69818 0.02048 0.00990
0 0.59966 0.72161 0.02116 0.01094
0 0.60000 0.71302 0.01911 0.00938
0 0.59898 0.70495 0.01980 0.00990
0 0.62594 0.76198 0.01638 0.01042
0 0.64403 0.75755 0.01570 0.00990
0 0.62423 0.75156 0.01980 0.01042
0 0.62321 0.74010 0.02048 0.00938
0 0.62457 0.73125 0.02048 0.01042
0 0.62082 0.72344 0.02389 0.00938
0 0.62082 0.71536 0.02389 0.00990
0 0.62116 0.70599 0.02184 0.00990
0 0.64300 0.74687 0.01775 0.00937
0 0.64198 0.73854 0.01980 0.00938
0 0.64437 0.72969 0.01911 0.01042
0 0.64130 0.72135 0.01980 0.00937
0 0.64334 0.71250 0.02116 0.01042
0 0.63993 0.70391 0.01843 0.00885
0 0.64096 0.69583 0.01775 0.01042
0 0.63788 0.68880 0.01980 0.00990
0 0.64164 0.68073 0.02184 0.01042
0 0.64027 0.67344 0.01775 0.00833
0 0.61945 0.69766 0.02253 0.00885
0 0.59727 0.69583 0.02321 0.00938
0 0.59693 0.68776 0.02253 0.00990
0 0.61911 0.69088 0.02048 0.01094
0 0.61843 0.68177 0.01911 0.00938
0 0.61843 0.67266 0.02048 0.00990
0 0.59488 0.67943 0.02116 0.00885
0 0.57167 0.69062 0.01980 0.01042
0 0.55461 0.68802 0.01706 0.01042
0 0.56246 0.68099 0.03686 0.01198
0 0.56860 0.67500 0.01911 0.00937
0 0.59317 0.67188 0.02457 0.00937
0 0.55358 0.67213 0.01638 0.00990
0 0.54915 0.66276 0.01706 0.00885
0 0.54915 0.65651 0.01570 0.00885
0 0.54915 0.64818 0.01706 0.00885
0 0.56928 0.66667 0.01911 0.00833
0 0.56826 0.65911 0.02116 0.00990
0 0.56826 0.65052 0.01980 0.00833
0 0.63891 0.66641 0.01775 0.01198
0 0.63413 0.65729 0.02184 0.01146
0 0.63515 0.65104 0.01706 0.00937
0 0.63481 0.64297 0.01911 0.01094
0 0.63618 0.63359 0.01775 0.00885
0 0.61536 0.66693 0.01980 0.00990
0 0.61399 0.65912 0.02253 0.00885
0 0.61399 0.65078 0.02253 0.00990
0 0.59317 0.66406 0.02048 0.01042
0 0.59215 0.65625 0.02253 0.00833
0 0.59249 0.64896 0.02184 0.00938
0 0.61399 0.64297 0.02116 0.00990
0 0.59079 0.64193 0.01980 0.00990
0 0.56689 0.64479 0.01980 0.01042
0 0.54710 0.64141 0.01843 0.00990
0 0.54539 0.63359 0.01911 0.00990
0 0.54403 0.62708 0.01911 0.00937
0 0.54471 0.61953 0.01638 0.00990
0 0.56519 0.63672 0.01911 0.00885
0 0.56485 0.62917 0.01843 0.00833
0 0.56314 0.62214 0.01911 0.00990
0 0.56041 0.61510 0.01911 0.00938
0 0.63413 0.62604 0.01775 0.00833
0 0.63447 0.61901 0.01843 0.00990
0 0.63174 0.61120 0.01843 0.00990
0 0.62969 0.60365 0.01843 0.00833
0 0.63003 0.59661 0.01911 0.00990
0 0.63003 0.58828 0.01775 0.00885
0 0.54266 0.61094 0.01911 0.00937
0 0.54164 0.60391 0.01843 0.00990
0 0.53925 0.59635 0.01911 0.00937
0 0.56041 0.60651 0.02184 0.00885
0 0.56041 0.59870 0.02184 0.00885
0 0.61229 0.63437 0.02321 0.00938
0 0.61331 0.62734 0.02116 0.00885
0 0.61126 0.62135 0.02253 0.00833
0 0.61195 0.61354 0.02526 0.01042
0 0.60956 0.60599 0.02184 0.01094
0 0.60887 0.59766 0.02048 0.00990
0 0.58840 0.63437 0.02321 0.00938
0 0.58908 0.62682 0.02184 0.00990
0 0.58669 0.61849 0.02253 0.00990
0 0.58498 0.61094 0.02457 0.01042
0 0.58293 0.60365 0.02321 0.00938
0 0.58396 0.59583 0.02253 0.01042
0 0.63072 0.57943 0.02184 0.00990
0 0.62662 0.57109 0.02048 0.01094
0 0.62628 0.56146 0.01843 0.00937
0 0.62457 0.55182 0.01775 0.00990
0 0.54096 0.58854 0.01843 0.01042
0 0.55973 0.59089 0.02184 0.01094
0 0.58157 0.58750 0.02594 0.01042
0 0.55836 0.58255 0.02321 0.01094
0 0.60785 0.58932 0.02253 0.00990
0 0.60546 0.58177 0.02321 0.00937
0 0.60580 0.57474 0.02116 0.00885
0 0.60512 0.56641 0.02389 0.00990
0 0.58020 0.57943 0.02321 0.00990
0 0.58089 0.57161 0.02048 0.00990
0 0.55734 0.57500 0.02116 0.00937
0 0.53720 0.58125 0.01775 0.01042
0 0.53686 0.57318 0.01843 0.00885
0 0.53584 0.56615 0.01911 0.00937
0 0.55700 0.56719 0.02048 0.00938
0 0.57952 0.56302 0.02048 0.00937
0 0.53549 0.55755 0.01843 0.00990
0 0.55495 0.55859 0.02321 0.00990
0 0.60683 0.55729 0.02457 0.01042
0 0.60444 0.54896 0.02253 0.01146
0 0.58020 0.55417 0.02457 0.01146
0 0.53345 0.55000 0.01843 0.01146
0 0.55393 0.55026 0.02116 0.01094
0 0.62218 0.54141 0.01843 0.00990
0 0.62082 0.53333 0.01843 0.01042
0 0.60171 0.53958 0.02253 0.01042
0 0.53242 0.54167 0.02048 0.01146
0 0.53242 0.53255 0.02048 0.00990
0 0.55461 0.54115 0.02253 0.01042
0 0.55393 0.53229 0.02253 0.01146
0 0.57577 0.54609 0.02253 0.01198
0 0.57645 0.53698 0.02253 0.01042
0 0.57611 0.53021 0.01911 0.01042
0 0.60000 0.53073 0.02184 0.01146
0 0.61843 0.52474 0.02048 0.01198
0 0.61638 0.51615 0.01775 0.01146
0 0.59693 0.52292 0.02116 0.01146
0 0.59420 0.51484 0.02116 0.00990
0 0.57338 0.52240 0.02048 0.01146
0 0.55120 0.52474 0.01843 0.00990
0 0.53003 0.52552 0.01980 0.01250
0 0.52628 0.51537 0.02184 0.01198
0 0.54812 0.51771 0.02048 0.01042
0 0.56860 0.51224 0.02048 0.01198
0 0.52491 0.50625 0.01911 0.01042
0 0.52287 0.49687 0.01911 0.00937
0 0.54642 0.50833 0.01980 0.01146
0 0.61468 0.50651 0.01980 0.01094
0 0.59215 0.50521 0.02253 0.01042
0 0.56689 0.50182 0.02389 0.01198
0 0.59079 0.49609 0.02253 0.01094
0 0.61229 0.49766 0.01911 0.00990
0 0.61092 0.48750 0.02048 0.01250
0 0.58908 0.48568 0.02184 0.01198
0 0.56553 0.49167 0.02116 0.01042
0 0.54539 0.49792 0.01911 0.01146
0 0.54198 0.48854 0.01911 0.01146
0 0.52321 0.48724 0.01706 0.00990
0 0.51263 0.48281 0.01229 0.00938
0 0.51229 0.47214 0.01024 0.01198
0 0.52696 0.45312 0.01638 0.01146
0 0.52014 0.46458 0.01229 0.01250
0 0.52457 0.47604 0.01980 0.01458
0 0.54334 0.47786 0.02184 0.01094
0 0.56280 0.48073 0.01980 0.01250
0 0.58532 0.47630 0.02116 0.01094
0 0.60649 0.47734 0.01843 0.01094
0 0.60614 0.46667 0.01502 0.01146
0 0.58942 0.46562 0.01843 0.01354
0 0.56997 0.46771 0.01638 0.01354
0 0.55051 0.46771 0.02389 0.01250
0 0.53311 0.46510 0.01911 0.01354
0 0.53550 0.45312 0.02116 0.01146
0 0.55734 0.45469 0.02389 0.01354
0 0.57543 0.45391 0.01638 0.01406
0 0.59932 0.45755 0.01638 0.00990
0 0.58976 0.45130 0.01638 0.01302
0 0.44369 0.80365 0.01502 0.00938
0 0.44539 0.79479 0.00887 0.01042
0 0.45393 0.79141 0.01229 0.01198
0 0.45120 0.78333 0.01229 0.01042
0 0.46178 0.78047 0.01024 0.00781
0 0.46587 0.76719 0.00887 0.00729
0 0.45870 0.77031 0.01229 0.01042
0 0.46451 0.75937 0.01160 0.01146
0 0.47167 0.75443 0.00956 0.00781
0 0.46451 0.75026 0.01160 0.00885
0 0.47167 0.74349 0.01092 0.00885
0 0.46587 0.73698 0.00887 0.00729
0 0.47611 0.73307 0.00887 0.00677
0 0.46792 0.72865 0.00887 0.00729
0 0.47577 0.72474 0.00956 0.00677
0 0.47952 0.71380 0.01024 0.00885
0 0.48225 0.70391 0.01297 0.01094
0 0.48259 0.69167 0.00956 0.00938
0 0.48259 0.68229 0.01092 0.00937
0 0.48430 0.67318 0.01024 0.00990
0 0.48567 0.66328 0.01297 0.01198
0 0.47918 0.65599 0.00683 0.00677
0 0.48908 0.65156 0.01160 0.01042
0 0.48942 0.64297 0.00956 0.00677
0 0.48942 0.63516 0.00956 0.00885
0 0.49079 0.62422 0.01092 0.01302
0 0.49249 0.61094 0.01024 0.01458
0 0.49522 0.59531 0.01160 0.01458
0 0.49556 0.58255 0.01092 0.00990
0 0.49590 0.57240 0.01024 0.01042
0 0.49625 0.56094 0.01092 0.01042
0 0.49659 0.55234 0.01160 0.00990
0 0.49761 0.54219 0.00956 0.01042
0 0.49727 0.53359 0.01024 0.00990
0 0.49898 0.52526 0.00956 0.00885
0 0.50000 0.51510 0.01297 0.01146
0 0.49932 0.50443 0.01433 0.01198
0 0.50000 0.49427 0.01433 0.01042
0 0.50102 0.48698 0.01365 0.00833
0 0.50273 0.47708 0.01160 0.00937
0 0.50341 0.46667 0.00887 0.01146
0 0.50205 0.45104 0.01160 0.01354
0 0.50375 0.44141 0.00819 0.00677
0 0.49795 0.43672 0.01160 0.01302
0 0.49317 0.42318 0.01843 0.01406
0 0.47747 0.41589 0.01433 0.00781
0 0.46451 0.41536 0.01297 0.00885
0 0.37372 0.52630 0.00614 0.01302
0 0.37133 0.53646 0.00819 0.00729
0 0.37270 0.55130 0.00956 0.00677
0 0.36792 0.56094 0.00956 0.00729
0 0.36963 0.56901 0.00887 0.00677
0 0.36894 0.58984 0.00751 0.00781
0 0.36928 0.59896 0.01092 0.00833
0 0.36724 0.60807 0.00956 0.00990
0 0.36792 0.61589 0.00819 0.00677
0 0.36724 0.62526 0.00956 0.00677
0 0.36655 0.63516 0.00956 0.00990
0 0.36792 0.65286 0.00683 0.00677
0 0.36655 0.66120 0.00956 0.00677
0 0.36450 0.67135 0.00956 0.00729
0 0.36621 0.68125 0.00887 0.00729
0 0.36724 0.69193 0.00956 0.00677
0 0.36724 0.70156 0.00956 0.00729
0 0.36792 0.71172 0.00956 0.00677
0 0.38840 0.81094 0.00956 0.00729
0 0.39420 0.80729 0.00887 0.00729
0 0.36997 0.72109 0.00956 0.00677
0 0.37065 0.73151 0.00956 0.00677
0 0.37099 0.74167 0.00887 0.00729
0 0.37099 0.77057 0.00887 0.00677
0 0.37099 0.77812 0.00887 0.00729
0 0.37270 0.78802 0.00956 0.00729
0 0.37679 0.78073 0.00819 0.00625
0 0.41570 0.76953 0.01638 0.00885
0 0.38225 0.44297 0.01229 0.00885
0 0.37918 0.45182 0.01160 0.00990
0 0.37713 0.46120 0.01024 0.00990
0 0.37543 0.47109 0.01092 0.00990
0 0.37645 0.48177 0.00887 0.00938
0 0.37474 0.49219 0.01092 0.00938
0 0.37645 0.50182 0.01160 0.00990
0 0.37713 0.51094 0.01160 0.00937
0 0.37713 0.52057 0.00887 0.00885
0 0.37884 0.52786 0.00956 0.00885
0 0.37884 0.53594 0.00819 0.00937
0 0.37850 0.54505 0.01160 0.00990
0 0.37611 0.55469 0.00819 0.00833
0 0.37679 0.56276 0.01092 0.00990
0 0.37474 0.57266 0.01229 0.00990
0 0.37372 0.58333 0.01160 0.00937
0 0.37543 0.59219 0.00956 0.00937
0 0.37372 0.60208 0.01024 0.00938
0 0.37440 0.61120 0.01024 0.00885
0 0.37338 0.62005 0.01092 0.00990
0 0.37304 0.62917 0.01024 0.00938
0 0.37304 0.63854 0.01160 0.00937
0 0.37372 0.64688 0.01160 0.00938
0 0.37338 0.65625 0.01092 0.00937
0 0.37099 0.66667 0.01024 0.00937
0 0.37099 0.67578 0.00887 0.00990
0 0.37167 0.68620 0.01024 0.00990
0 0.37372 0.69557 0.00887 0.00990
0 0.37372 0.70547 0.01024 0.00990
0 0.37372 0.71562 0.01160 0.00937
0 0.37406 0.72604 0.01092 0.00938
0 0.37611 0.73620 0.01092 0.00990
0 0.37304 0.75000 0.01297 0.00937
0 0.37372 0.75885 0.01297 0.00938
0 0.37679 0.76745 0.01229 0.00990
0 0.37952 0.79453 0.01092 0.00990
0 0.46928 0.71901 0.01297 0.00990
0 0.47201 0.70912 0.00887 0.00990
0 0.47406 0.69844 0.01297 0.00938
0 0.47440 0.68828 0.01229 0.00990
0 0.47577 0.67734 0.01229 0.00990
0 0.47850 0.66693 0.01229 0.00990
0 0.48021 0.64818 0.01160 0.00990
0 0.48157 0.63802 0.01160 0.00937
0 0.48225 0.62839 0.01160 0.00885
0 0.48225 0.61953 0.01297 0.00990
0 0.48362 0.61042 0.01297 0.00937
0 0.48362 0.60182 0.01297 0.00885
0 0.48464 0.59401 0.01229 0.00885
0 0.48294 0.58359 0.01843 0.01302
0 0.48567 0.57578 0.01706 0.01094
0 0.48601 0.56536 0.01638 0.00990
0 0.48430 0.55547 0.01706 0.00990
0 0.48601 0.54635 0.01502 0.00937
0 0.48703 0.53698 0.01706 0.01042
0 0.48840 0.52734 0.01433 0.00990
0 0.48840 0.51771 0.01570 0.01146
0 0.49010 0.50807 0.01229 0.00990
0 0.49010 0.49687 0.01229 0.00937
0 0.49113 0.48412 0.01160 0.00990
0 0.49420 0.47240 0.01229 0.00938
0 0.49283 0.46172 0.01502 0.01094
0 0.49283 0.45052 0.01638 0.01146
0 0.49113 0.43932 0.01297 0.00990
0 0.48464 0.42656 0.01638 0.01458
0 0.38703 0.44063 0.01229 0.00938
0 0.38737 0.45026 0.01297 0.00990
0 0.38601 0.46172 0.01160 0.00990
0 0.38396 0.47214 0.01160 0.00990
0 0.38464 0.48177 0.01297 0.00938
0 0.38498 0.49167 0.01229 0.00937
0 0.38601 0.50052 0.01297 0.00938
0 0.38430 0.50937 0.01229 0.00938
0 0.38567 0.52031 0.01229 0.00937
0 0.38703 0.52891 0.01229 0.00885
0 0.38567 0.53724 0.01229 0.00990
0 0.38567 0.54713 0.01229 0.00990
0 0.38328 0.55547 0.01297 0.00990
0 0.38396 0.56510 0.01297 0.00937
0 0.38532 0.57552 0.01297 0.00937
0 0.38396 0.58464 0.01297 0.00885
0 0.38293 0.59323 0.01229 0.00937
0 0.38293 0.60234 0.01229 0.00885
0 0.38293 0.61068 0.01229 0.00885
0 0.38157 0.61953 0.01229 0.00990
0 0.38191 0.62891 0.01297 0.00885
0 0.38293 0.63750 0.01229 0.00937
0 0.38293 0.64740 0.00956 0.00938
0 0.38055 0.65729 0.01024 0.00937
0 0.37918 0.66588 0.01297 0.00885
0 0.38055 0.67526 0.01570 0.00990
0 0.38191 0.68516 0.01570 0.00990
0 0.38328 0.69505 0.01706 0.01094
0 0.38430 0.70469 0.01502 0.01146
0 0.38532 0.71589 0.01433 0.01094
0 0.38328 0.72630 0.01297 0.00990
0 0.38771 0.73568 0.01775 0.01198
0 0.38362 0.74453 0.01911 0.00990
0 0.38737 0.75312 0.01980 0.01042
0 0.38225 0.76250 0.01092 0.00937
0 0.38430 0.77266 0.01229 0.00990
0 0.38123 0.78411 0.01297 0.00990
0 0.38840 0.79375 0.01229 0.00937
0 0.38362 0.80339 0.01229 0.00990
0 0.43311 0.81797 0.01297 0.00990
0 0.42526 0.81016 0.01229 0.00990
0 0.43106 0.80313 0.01297 0.00625
0 0.43208 0.79635 0.01775 0.00937
0 0.43925 0.78958 0.01706 0.01146
0 0.43686 0.78073 0.01775 0.01250
0 0.39147 0.78906 0.01024 0.00938
0 0.40136 0.80026 0.01229 0.00990
0 0.39556 0.78021 0.01843 0.01042
0 0.40341 0.78802 0.01775 0.01250
0 0.41229 0.79609 0.02048 0.01094
0 0.42014 0.78724 0.01843 0.01198
0 0.41536 0.77839 0.01980 0.00990
0 0.39829 0.77057 0.01843 0.00990
0 0.45290 0.76354 0.01297 0.00729
0 0.44949 0.77318 0.01297 0.00990
0 0.43857 0.76510 0.01297 0.00937
0 0.42935 0.77162 0.01229 0.00990
0 0.42492 0.76224 0.01297 0.00990
0 0.41194 0.76484 0.01433 0.00990
0 0.39522 0.76042 0.01775 0.01250
0 0.45734 0.74583 0.01229 0.00938
0 0.45631 0.73594 0.01433 0.01042
0 0.45870 0.72526 0.01638 0.01094
0 0.46007 0.71536 0.01638 0.00990
0 0.46109 0.70521 0.01706 0.01250
0 0.46178 0.69479 0.01570 0.00938
0 0.46143 0.68568 0.01775 0.00990
0 0.46041 0.67604 0.01706 0.01042
0 0.46451 0.66641 0.01570 0.00990
0 0.46792 0.65651 0.01980 0.00990
0 0.46655 0.64714 0.01980 0.00990
0 0.46826 0.63880 0.01911 0.01094
0 0.46962 0.62786 0.01775 0.00990
0 0.45120 0.63229 0.02048 0.00938
0 0.44846 0.64010 0.02048 0.00833
0 0.44846 0.64844 0.02184 0.01042
0 0.44949 0.66016 0.01843 0.00990
0 0.44846 0.67135 0.02048 0.01042
0 0.44471 0.68021 0.01843 0.00938
0 0.44642 0.68906 0.01911 0.01042
0 0.44846 0.69974 0.01638 0.00990
0 0.45085 0.75391 0.01843 0.01406
0 0.44232 0.74375 0.01638 0.01042
0 0.43379 0.75417 0.02253 0.01354
0 0.41229 0.75469 0.01775 0.01042
0 0.40034 0.74688 0.01570 0.01250
0 0.42048 0.74609 0.01911 0.00990
0 0.43037 0.73802 0.01980 0.01042
0 0.44539 0.73177 0.01297 0.00937
0 0.44335 0.72187 0.01433 0.01042
0 0.44642 0.71094 0.01638 0.01042
0 0.40341 0.73438 0.02867 0.01771
0 0.42457 0.72838 0.01911 0.01302
0 0.42594 0.71771 0.01911 0.00937
0 0.41331 0.72266 0.01570 0.01198
0 0.39590 0.72187 0.01911 0.01250
0 0.40922 0.71432 0.01297 0.00990
0 0.42526 0.70833 0.02048 0.01146
0 0.39590 0.71068 0.01775 0.00990
0 0.39727 0.69948 0.01911 0.01042
0 0.41297 0.70338 0.01638 0.01198
0 0.43208 0.69844 0.01775 0.01146
0 0.43140 0.68646 0.01638 0.00937
0 0.41638 0.69245 0.01911 0.00990
0 0.39829 0.68984 0.02253 0.01094
0 0.39522 0.67995 0.01775 0.00990
0 0.41160 0.68177 0.02048 0.01042
0 0.42867 0.67708 0.01775 0.00937
0 0.43037 0.66641 0.02116 0.00990
0 0.41263 0.67083 0.01570 0.00937
0 0.39283 0.67057 0.01980 0.01094
0 0.41194 0.66146 0.01980 0.00937
0 0.39283 0.66068 0.01980 0.00885
0 0.39283 0.65234 0.01980 0.00990
0 0.39317 0.64323 0.01911 0.01042
0 0.43003 0.65807 0.01911 0.00885
0 0.43003 0.64688 0.01911 0.00938
0 0.41229 0.65182 0.02048 0.00990
0 0.41160 0.64193 0.01911 0.00885
0 0.42935 0.63828 0.01911 0.00781
0 0.43072 0.62995 0.01775 0.00781
0 0.41194 0.63359 0.01706 0.00781
0 0.39488 0.63307 0.01980 0.00885
0 0.46928 0.61693 0.01433 0.00781
0 0.45256 0.62161 0.01775 0.00781
0 0.43140 0.62083 0.01775 0.00833
0 0.41297 0.62604 0.01638 0.00833
0 0.39488 0.62396 0.01706 0.00833
0 0.39522 0.61589 0.01638 0.00781
0 0.39556 0.60625 0.01706 0.00833
0 0.41468 0.61510 0.01980 0.00833
0 0.41433 0.60573 0.01775 0.00833
0 0.43311 0.61198 0.01980 0.00833
0 0.43106 0.60938 0.01706 0.00937
0 0.45290 0.61146 0.01980 0.00833
0 0.46928 0.60859 0.01570 0.00781
0 0.46928 0.59844 0.01706 0.00833
0 0.45188 0.60000 0.01775 0.01146
0 0.43140 0.60104 0.01775 0.00833
0 0.41365 0.59714 0.01775 0.00885
0 0.39522 0.59714 0.01638 0.00781
0 0.47031 0.59062 0.01775 0.00833
0 0.45085 0.58724 0.05256 0.01927
0 0.41570 0.58828 0.01638 0.00781
0 0.39761 0.58854 0.01706 0.00833
0 0.39795 0.57969 0.01638 0.00833
0 0.45120 0.58828 0.01638 0.01094
0 0.43311 0.58281 0.01980 0.00938
0 0.42389 0.57578 0.03686 0.01510
0 0.45222 0.57708 0.01980 0.01146
0 0.47031 0.57344 0.01775 0.01042
0 0.46894 0.56250 0.01775 0.00937
0 0.45154 0.56693 0.01843 0.00990
0 0.45154 0.55677 0.01843 0.00938
0 0.43345 0.56302 0.01775 0.01042
0 0.41638 0.56927 0.01775 0.00938
0 0.39761 0.56979 0.01843 0.01042
0 0.39693 0.55990 0.01706 0.00937
0 0.41672 0.55964 0.01980 0.01094
0 0.43379 0.55287 0.01706 0.01094
0 0.46826 0.55287 0.01638 0.00781
0 0.45085 0.54844 0.01843 0.00833
0 0.41672 0.55026 0.01843 0.00781
0 0.39761 0.55182 0.01706 0.00781
0 0.46962 0.54453 0.01775 0.00885
0 0.45188 0.54062 0.01638 0.00938
0 0.43447 0.54089 0.01706 0.01198
0 0.41672 0.54245 0.01706 0.00781
0 0.39829 0.54271 0.01980 0.01146
0 0.46758 0.53568 0.01911 0.00885
0 0.47133 0.52526 0.01706 0.00885
0 0.47236 0.51484 0.01775 0.00885
0 0.45324 0.53021 0.01775 0.00833
0 0.43447 0.52917 0.01706 0.00937
0 0.41741 0.53281 0.01706 0.00833
0 0.39898 0.53333 0.01706 0.00937
0 0.39829 0.52292 0.01843 0.00833
0 0.41809 0.52448 0.01843 0.00833
0 0.41741 0.51354 0.01706 0.00833
0 0.40034 0.51302 0.01843 0.00937
0 0.45529 0.51875 0.01775 0.01042
0 0.43584 0.51927 0.01706 0.00833
0 0.43481 0.51120 0.02048 0.00990
0 0.45461 0.50990 0.01911 0.00938
0 0.47372 0.50625 0.01775 0.00938
0 0.47645 0.49687 0.01638 0.00729
0 0.45495 0.50026 0.02116 0.00885
0 0.43515 0.50078 0.01980 0.00781
0 0.41706 0.50443 0.01911 0.00885
0 0.39898 0.50313 0.01706 0.00833
0 0.39863 0.49479 0.01775 0.00938
0 0.41672 0.49609 0.01843 0.00885
0 0.43481 0.49271 0.02321 0.01042
0 0.45734 0.49036 0.02321 0.01094
0 0.47679 0.48802 0.02116 0.01146
0 0.47884 0.47786 0.02116 0.01198
0 0.45665 0.48099 0.02184 0.01094
0 0.43549 0.48203 0.02321 0.01198
0 0.41809 0.48646 0.01980 0.01146
0 0.39966 0.48516 0.01980 0.01094
0 0.39829 0.47396 0.02116 0.01250
0 0.41604 0.47604 0.02253 0.01146
0 0.41672 0.46536 0.02116 0.01198
0 0.43686 0.47162 0.02184 0.01198
0 0.45563 0.46953 0.02253 0.01406
0 0.47577 0.46771 0.02184 0.01146
0 0.47577 0.45703 0.02048 0.01198
0 0.47474 0.44531 0.02116 0.01146
0 0.47406 0.43463 0.01980 0.01198
0 0.45427 0.44063 0.02389 0.01146
0 0.45563 0.45052 0.02253 0.01146
0 0.45700 0.46042 0.02116 0.01250
0 0.43515 0.46120 0.02253 0.01198
0 0.43311 0.45000 0.02253 0.01146
0 0.41433 0.45495 0.01502 0.01198
0 0.39727 0.46380 0.01502 0.01094
0 0.39932 0.45391 0.01502 0.01094
0 0.39966 0.44245 0.01706 0.01198
0 0.41604 0.44349 0.01980 0.01094
0 0.43481 0.43854 0.02184 0.01146
0 0.45222 0.43047 0.02116 0.01198
0 0.47031 0.42266 0.02184 0.01302
0 0.44812 0.42031 0.02253 0.01250
0 0.43379 0.42812 0.01980 0.01250
0 0.41638 0.43437 0.01775 0.01354
0 0.39863 0.43073 0.01229 0.01042
0 0.38669 0.43177 0.01433 0.01146
0 0.43072 0.41797 0.01502 0.01198
0 0.41297 0.42135 0.01775 0.01042
0 0.41570 0.41302 0.01638 0.01042
0 0.40785 0.41094 0.01433 0.01146
0 0.39898 0.42057 0.01433 0.01302
0 0.39215 0.41875 0.01297 0.01250
