0 0.14000 0.82248 0.08000 0.02367
0 0.15500 0.86982 0.07000 0.02367
0 0.33500 0.97337 0.11000 0.02367
0 0.35000 0.95858 0.12000 0.02959
0 0.39000 0.94970 0.10000 0.02959
0 0.14000 0.84468 0.10000 0.02663
0 0.98000 0.46894 0.04000 0.01479
0 0.98500 0.48373 0.03000 0.01479
0 0.98000 0.50148 0.04000 0.02071
0 0.98000 0.51775 0.04000 0.01775
0 0.97500 0.54734 0.05000 0.04142
0 0.98000 0.57988 0.04000 0.02959
0 0.98000 0.60503 0.04000 0.02071
0 0.98500 0.62870 0.03000 0.03254
0 0.98000 0.65532 0.04000 0.02663
0 0.98000 0.67456 0.04000 0.01775
0 0.98500 0.69379 0.03000 0.01479
0 0.98000 0.71746 0.04000 0.02071
0 0.98500 0.73373 0.03000 0.01183
0 0.98500 0.75148 0.03000 0.01775
0 0.99000 0.77367 0.02000 0.02071
0 0.99000 0.79290 0.02000 0.01183
0 0.99500 0.80325 0.01000 0.00888
0 0.01000 0.56805 0.02000 0.01183
0 0.01000 0.58136 0.02000 0.01479
0 0.01500 0.59763 0.03000 0.01775
0 0.02000 0.61391 0.04000 0.01479
0 0.02000 0.63018 0.04000 0.01775
0 0.02000 0.65237 0.04000 0.02663
0 0.02500 0.71302 0.05000 0.02367
0 0.02500 0.67012 0.05000 0.01479
0 0.02500 0.68935 0.05000 0.02367
0 0.02500 0.73225 0.05000 0.02071
0 0.02500 0.75000 0.05000 0.02071
0 0.12500 0.80030 0.07000 0.02663
0 0.19500 0.85651 0.07000 0.02663
0 0.27000 0.93639 0.06000 0.02071
0 0.21500 0.91124 0.07000 0.02367
0 0.18000 0.88610 0.08000 0.02663
0 0.24000 0.87574 0.10000 0.03550
0 0.29000 0.90089 0.10000 0.03254
0 0.33000 0.92456 0.08000 0.02071
0 0.43500 0.92604 0.09000 0.02367
0 0.40000 0.89941 0.10000 0.02959
0 0.37000 0.87130 0.12000 0.02663
0 0.80500 0.93787 0.13000 0.02959
0 0.89000 0.92160 0.10000 0.02663
0 0.77000 0.88757 0.10000 0.02959
0 0.86000 0.88166 0.08000 0.02959
0 0.93000 0.86834 0.08000 0.02071
0 0.93000 0.89349 0.10000 0.02959
0 0.85500 0.91568 0.09000 0.03254
0 0.77000 0.91420 0.10000 0.02959
0 0.70500 0.94083 0.09000 0.01775
0 0.54500 0.93195 0.09000 0.02367
0 0.53000 0.90385 0.12000 0.03846
0 0.66000 0.92604 0.12000 0.02959
0 0.67500 0.89645 0.13000 0.02959
0 0.64000 0.86982 0.16000 0.02959
0 0.50000 0.88018 0.12000 0.02663
0 0.77000 0.85947 0.12000 0.03254
0 0.92500 0.84763 0.07000 0.02663
0 0.87500 0.85651 0.09000 0.02663
0 0.93500 0.82101 0.07000 0.02663
0 0.92000 0.79882 0.08000 0.02367
0 0.90500 0.77663 0.07000 0.01479
0 0.90500 0.76035 0.07000 0.01775
0 0.89500 0.74408 0.09000 0.02663
0 0.88500 0.72337 0.09000 0.02071
0 0.88000 0.70858 0.08000 0.02071
0 0.88500 0.68935 0.09000 0.01775
0 0.87500 0.67012 0.07000 0.02071
0 0.87500 0.65237 0.09000 0.02663
0 0.86000 0.83136 0.10000 0.02959
0 0.85500 0.80769 0.09000 0.02367
0 0.83500 0.78846 0.11000 0.02071
0 0.82500 0.76775 0.11000 0.02071
0 0.81500 0.74704 0.09000 0.02071
0 0.80500 0.72781 0.11000 0.01775
0 0.79500 0.71006 0.11000 0.02367
0 0.79500 0.68787 0.09000 0.02071
0 0.11500 0.77959 0.07000 0.02071
0 0.11000 0.76035 0.06000 0.01775
0 0.10000 0.74112 0.06000 0.02663
0 0.10500 0.72189 0.05000 0.01775
0 0.09000 0.70266 0.06000 0.02071
0 0.09000 0.68491 0.06000 0.02071
0 0.08000 0.66716 0.06000 0.02071
0 0.08500 0.64793 0.07000 0.01775
0 0.07000 0.63018 0.06000 0.02367
0 0.06500 0.60947 0.05000 0.01775
0 0.15500 0.67899 0.09000 0.03846
0 0.15500 0.70710 0.09000 0.02367
0 0.16000 0.72633 0.08000 0.02071
0 0.17000 0.75592 0.10000 0.04438
0 0.19000 0.78994 0.10000 0.01775
0 0.19500 0.81213 0.09000 0.02663
0 0.21000 0.82988 0.08000 0.02071
0 0.26500 0.84615 0.09000 0.02959
0 0.30500 0.82544 0.11000 0.02367
0 0.31000 0.80473 0.12000 0.02367
0 0.29500 0.78550 0.11000 0.02663
0 0.29500 0.76331 0.11000 0.02367
0 0.28500 0.74408 0.13000 0.02663
0 0.29000 0.72189 0.14000 0.02367
0 0.27000 0.70266 0.12000 0.02071
0 0.27500 0.67899 0.13000 0.02663
0 0.26500 0.66272 0.11000 0.02367
0 0.25500 0.64201 0.11000 0.01775
0 0.79500 0.66864 0.11000 0.02367
0 0.78500 0.64941 0.09000 0.01479
0 0.73000 0.78994 0.12000 0.02367
0 0.75000 0.83432 0.10000 0.02959
0 0.75000 0.80769 0.12000 0.02367
0 0.71000 0.76627 0.12000 0.02367
0 0.70000 0.74556 0.14000 0.02367
0 0.69000 0.72485 0.12000 0.02367
0 0.69000 0.70562 0.12000 0.02071
0 0.67500 0.68639 0.13000 0.02367
0 0.67500 0.66716 0.13000 0.02071
0 0.67000 0.64645 0.12000 0.02071
0 0.63000 0.84615 0.16000 0.02959
0 0.62500 0.82249 0.13000 0.02959
0 0.60000 0.80473 0.14000 0.02367
0 0.58500 0.78550 0.15000 0.02663
0 0.57500 0.76479 0.15000 0.02663
0 0.56000 0.74260 0.14000 0.02367
0 0.56500 0.72041 0.13000 0.02663
0 0.56500 0.70118 0.13000 0.02367
0 0.54500 0.68047 0.15000 0.02367
0 0.54500 0.66272 0.13000 0.02367
0 0.53500 0.64053 0.13000 0.02071
0 0.49000 0.85059 0.12000 0.02663
0 0.37000 0.84172 0.10000 0.03254
0 0.49000 0.82396 0.12000 0.02663
0 0.44500 0.81065 0.13000 0.02959
0 0.44000 0.78550 0.14000 0.02663
0 0.42500 0.76775 0.13000 0.02071
0 0.42000 0.74556 0.14000 0.02367
0 0.42000 0.72781 0.14000 0.02367
0 0.41000 0.70710 0.14000 0.02367
0 0.40500 0.68639 0.13000 0.02367
0 0.39500 0.66568 0.13000 0.02367
0 0.40000 0.64793 0.14000 0.02367
0 0.72000 0.35651 0.08000 0.02071
0 0.83500 0.49408 0.03000 0.01775
0 0.85000 0.62870 0.08000 0.02071
0 0.76500 0.63166 0.09000 0.02071
0 0.85000 0.61095 0.08000 0.01479
0 0.85500 0.59468 0.09000 0.01775
0 0.76500 0.61391 0.11000 0.02071
0 0.67000 0.62722 0.12000 0.02367
0 0.25000 0.62426 0.14000 0.02367
0 0.38000 0.62870 0.14000 0.02071
0 0.37000 0.61095 0.14000 0.02071
0 0.85000 0.57248 0.04000 0.02663
0 0.82500 0.47485 0.05000 0.02663
0 0.83000 0.51183 0.06000 0.01775
0 0.84500 0.52811 0.03000 0.02071
0 0.85500 0.54882 0.03000 0.02071
0 0.82000 0.57248 0.06000 0.02663
0 0.80500 0.55030 0.07000 0.02367
0 0.81000 0.53254 0.06000 0.02367
0 0.79500 0.51479 0.07000 0.01775
0 0.79500 0.49704 0.07000 0.01775
0 0.78500 0.47929 0.07000 0.01775
0 0.76000 0.59320 0.12000 0.02071
0 0.75000 0.57396 0.10000 0.01775
0 0.74500 0.55917 0.11000 0.02367
0 0.73000 0.53994 0.12000 0.02663
0 0.72500 0.51923 0.11000 0.01479
0 0.72000 0.50148 0.12000 0.02071
0 0.71500 0.48373 0.11000 0.02071
0 0.65000 0.60651 0.12000 0.01775
0 0.64000 0.59024 0.12000 0.02071
0 0.64000 0.57101 0.12000 0.02367
0 0.62500 0.54882 0.13000 0.02071
0 0.62000 0.52959 0.12000 0.02367
0 0.62000 0.50888 0.12000 0.02367
0 0.61000 0.48521 0.12000 0.02367
0 0.53000 0.62278 0.14000 0.02071
0 0.52000 0.60355 0.14000 0.01775
0 0.52000 0.58284 0.14000 0.02367
0 0.52000 0.56361 0.12000 0.02071
0 0.49000 0.54734 0.10000 0.01775
0 0.50000 0.53106 0.12000 0.02663
0 0.50000 0.50888 0.12000 0.02367
0 0.49500 0.49260 0.11000 0.02071
0 0.37000 0.59024 0.14000 0.02071
0 0.23000 0.60355 0.10000 0.02367
0 0.22500 0.58728 0.11000 0.02071
0 0.07000 0.59172 0.06000 0.01775
0 0.07000 0.57692 0.06000 0.02367
0 0.06000 0.55769 0.04000 0.02071
0 0.05500 0.53550 0.05000 0.02367
0 0.15000 0.64793 0.08000 0.02367
0 0.13500 0.63166 0.09000 0.02071
0 0.13000 0.61095 0.08000 0.02071
0 0.12000 0.59468 0.08000 0.01775
0 0.12500 0.57692 0.09000 0.01775
0 0.12000 0.55769 0.10000 0.02071
0 0.11000 0.53994 0.08000 0.02071
0 0.05000 0.51775 0.06000 0.01775
0 0.04500 0.50000 0.05000 0.01775
0 0.04500 0.48225 0.05000 0.01775
0 0.04000 0.46450 0.06000 0.01775
0 0.12000 0.52071 0.10000 0.02367
0 0.11500 0.50000 0.11000 0.01775
0 0.11000 0.48225 0.10000 0.01775
0 0.05500 0.43787 0.07000 0.02959
0 0.05000 0.41420 0.06000 0.01775
0 0.05000 0.39941 0.06000 0.01775
0 0.05000 0.38018 0.06000 0.01479
0 0.22500 0.56657 0.09000 0.02071
0 0.21500 0.55030 0.11000 0.01775
0 0.22000 0.53106 0.12000 0.02071
0 0.22000 0.51183 0.12000 0.02367
0 0.22000 0.49260 0.12000 0.02071
0 0.20500 0.47633 0.11000 0.02367
0 0.36000 0.57248 0.14000 0.02071
0 0.35500 0.55177 0.13000 0.02663
0 0.35500 0.53106 0.13000 0.02071
0 0.36000 0.51479 0.14000 0.01775
0 0.35500 0.49852 0.11000 0.01479
0 0.34500 0.48225 0.13000 0.01775
0 0.75000 0.37574 0.08000 0.02367
0 0.75000 0.39497 0.08000 0.02071
0 0.77500 0.45858 0.11000 0.02367
0 0.77000 0.44231 0.10000 0.02071
0 0.77000 0.42752 0.08000 0.02071
0 0.76000 0.41124 0.08000 0.01775
0 0.69000 0.46746 0.06000 0.01775
0 0.70000 0.45118 0.08000 0.02071
0 0.69500 0.43343 0.09000 0.02071
0 0.69500 0.41420 0.07000 0.02367
0 0.67000 0.39497 0.08000 0.01479
0 0.68000 0.38166 0.10000 0.02367
0 0.68000 0.36243 0.10000 0.02071
0 0.60500 0.46598 0.13000 0.02071
0 0.60000 0.44970 0.12000 0.01775
0 0.58500 0.43195 0.13000 0.01775
0 0.57500 0.41272 0.13000 0.02071
0 0.55500 0.39497 0.13000 0.02071
0 0.56500 0.37870 0.11000 0.01775
0 0.10500 0.46746 0.09000 0.01775
0 0.11000 0.44675 0.10000 0.01775
0 0.11000 0.42899 0.08000 0.01775
0 0.11000 0.41124 0.08000 0.01775
0 0.10000 0.39645 0.08000 0.01775
0 0.10000 0.37870 0.08000 0.01775
0 0.21000 0.46006 0.12000 0.02071
0 0.21000 0.44231 0.12000 0.01479
0 0.19500 0.42752 0.11000 0.02071
0 0.20000 0.40681 0.12000 0.02071
0 0.18500 0.38905 0.11000 0.02071
0 0.34500 0.46450 0.15000 0.02367
0 0.33000 0.44527 0.14000 0.02071
0 0.34000 0.42752 0.14000 0.02071
0 0.31500 0.40976 0.13000 0.02071
0 0.31000 0.39201 0.14000 0.02071
0 0.49000 0.47189 0.14000 0.02071
0 0.47500 0.45118 0.13000 0.02071
0 0.46500 0.43491 0.13000 0.02367
0 0.45000 0.41420 0.10000 0.02367
0 0.42500 0.39497 0.11000 0.02663
0 0.63000 0.27071 0.06000 0.02071
0 0.72500 0.34024 0.07000 0.01775
0 0.65500 0.34468 0.09000 0.01479
0 0.65000 0.32840 0.08000 0.01775
0 0.62500 0.30769 0.09000 0.01775
0 0.33000 0.37426 0.12000 0.02071
0 0.20000 0.36982 0.12000 0.02367
0 0.19500 0.35355 0.11000 0.02071
0 0.32500 0.35947 0.15000 0.02071
0 0.18000 0.31805 0.10000 0.02071
0 0.30500 0.33876 0.13000 0.02071
0 0.30000 0.31805 0.12000 0.02071
0 0.28500 0.30177 0.11000 0.01775
0 0.27000 0.28550 0.10000 0.02071
0 0.57000 0.36243 0.12000 0.02071
0 0.54500 0.34615 0.11000 0.01775
0 0.54000 0.32988 0.12000 0.02071
0 0.54000 0.31065 0.12000 0.02367
0 0.59000 0.28402 0.10000 0.02367
0 0.50500 0.29290 0.11000 0.02367
0 0.45500 0.37278 0.11000 0.01775
0 0.45500 0.35799 0.11000 0.01775
0 0.42500 0.34024 0.11000 0.01775
0 0.42000 0.32248 0.12000 0.02367
0 0.40500 0.30178 0.13000 0.02367
0 0.38500 0.28106 0.13000 0.02367
0 0.48500 0.27219 0.11000 0.01775
0 0.57000 0.26331 0.08000 0.02367
0 0.59500 0.24556 0.07000 0.02367
0 0.47000 0.25592 0.12000 0.01479
0 0.25500 0.26479 0.11000 0.02663
0 0.37000 0.26183 0.12000 0.02071
0 0.98000 0.44970 0.04000 0.01775
