0 0.16340 0.65353 0.01848 0.01819
0 0.18014 0.64487 0.02540 0.02079
0 0.16397 0.63426 0.01617 0.00909
0 0.17870 0.62235 0.02945 0.02079
0 0.21045 0.61260 0.04215 0.01949
0 0.21045 0.63274 0.03868 0.02685
0 0.17321 0.66999 0.02656 0.02945
0 0.19486 0.66262 0.03868 0.03551
0 0.22286 0.68796 0.03233 0.02122
0 0.22950 0.66999 0.04446 0.02858
0 0.25491 0.65526 0.03291 0.03551
0 0.22690 0.64357 0.04042 0.03032
0 0.23585 0.60329 0.02483 0.01646
0 0.24452 0.62581 0.03060 0.02772
0 0.26241 0.60264 0.01559 0.02036
0 0.26645 0.62559 0.02483 0.03075
0 0.27945 0.60134 0.02771 0.02122
0 0.30601 0.59939 0.02656 0.02425
0 0.29128 0.61996 0.02945 0.03248
0 0.27858 0.64985 0.03291 0.03681
0 0.30543 0.64703 0.02887 0.03551
0 0.23845 0.70593 0.01617 0.01819
0 0.24596 0.73798 0.01270 0.01386
0 0.24394 0.72239 0.01905 0.02339
0 0.28464 0.73517 0.02309 0.01689
0 0.26241 0.73582 0.03060 0.01819
0 0.26155 0.71958 0.03233 0.02555
0 0.25404 0.69034 0.03580 0.03811
0 0.30052 0.72889 0.03406 0.02165
0 0.28522 0.71438 0.03233 0.02642
0 0.32910 0.72326 0.02540 0.02858
0 0.31207 0.70767 0.03868 0.02945
0 0.28060 0.68558 0.03349 0.03725
0 0.30081 0.67865 0.02887 0.03638
0 0.32708 0.67822 0.02945 0.03898
0 0.35133 0.72131 0.02598 0.02555
0 0.33689 0.70160 0.01559 0.01732
0 0.37384 0.71784 0.02483 0.02555
0 0.36230 0.70030 0.04330 0.02772
0 0.34960 0.67302 0.02714 0.03551
0 0.33054 0.64552 0.02483 0.03162
0 0.33112 0.58857 0.02829 0.01559
0 0.33054 0.59593 0.02367 0.01819
0 0.31957 0.61910 0.03060 0.03248
0 0.34555 0.61715 0.03176 0.03551
0 0.35393 0.64487 0.03002 0.03465
0 0.37327 0.67237 0.02598 0.03421
0 0.35566 0.58467 0.02540 0.00606
0 0.35422 0.59571 0.02714 0.02382
0 0.38048 0.58250 0.02425 0.00520
0 0.40329 0.58077 0.02367 0.00780
0 0.38048 0.59290 0.02656 0.02339
0 0.42523 0.57925 0.02252 0.00736
0 0.40387 0.59052 0.02598 0.02122
0 0.42783 0.58813 0.02425 0.01906
0 0.37269 0.61498 0.02714 0.03118
0 0.39694 0.61260 0.02598 0.02728
0 0.42263 0.61022 0.02887 0.03032
0 0.37875 0.64097 0.02887 0.03811
0 0.40242 0.63945 0.02309 0.03508
0 0.42581 0.63750 0.02714 0.03205
0 0.44919 0.57774 0.02656 0.01039
0 0.45179 0.58402 0.02829 0.01776
0 0.44746 0.60589 0.02887 0.02945
0 0.47315 0.57449 0.02483 0.00996
0 0.47546 0.58250 0.02483 0.02079
0 0.45121 0.63447 0.03060 0.03465
0 0.47315 0.60481 0.03060 0.03162
0 0.47748 0.63339 0.03118 0.03335
0 0.49682 0.57146 0.02483 0.00823
0 0.50087 0.57969 0.03176 0.02036
0 0.49596 0.60329 0.02887 0.03291
0 0.51472 0.57103 0.01328 0.00909
0 0.52454 0.57752 0.02714 0.02295
0 0.51905 0.59874 0.02656 0.02988
0 0.52512 0.62690 0.03176 0.03508
0 0.50231 0.62993 0.02887 0.03248
0 0.39810 0.66912 0.02714 0.03205
0 0.39838 0.69446 0.03349 0.02469
0 0.39781 0.71589 0.02656 0.02165
0 0.42119 0.71221 0.02483 0.02122
0 0.44486 0.70983 0.02252 0.01906
0 0.46738 0.70593 0.02483 0.01732
0 0.42927 0.69207 0.03176 0.02945
0 0.45612 0.69034 0.02887 0.02772
0 0.42552 0.66739 0.03118 0.03638
0 0.45064 0.66284 0.02598 0.03421
0 0.49163 0.70312 0.02598 0.01602
0 0.48239 0.68774 0.02714 0.02599
0 0.47431 0.66263 0.02829 0.03465
0 0.51790 0.69857 0.02887 0.01906
0 0.50491 0.68449 0.02714 0.02815
0 0.50000 0.66068 0.02656 0.03248
0 0.54042 0.69511 0.02540 0.01732
0 0.53060 0.68038 0.02771 0.02772
0 0.56524 0.69294 0.02656 0.01472
0 0.58949 0.68969 0.02656 0.01516
0 0.55398 0.67735 0.02945 0.02858
0 0.57881 0.67432 0.02252 0.02685
0 0.61490 0.68601 0.02887 0.01646
0 0.64117 0.68168 0.03176 0.01559
0 0.67032 0.67627 0.03118 0.01516
0 0.60191 0.67129 0.02598 0.02512
0 0.62384 0.66869 0.02367 0.02165
0 0.64578 0.66327 0.02483 0.02642
0 0.66715 0.66154 0.02598 0.02295
0 0.52281 0.65829 0.02945 0.03118
0 0.54648 0.65353 0.02714 0.03291
0 0.54475 0.59679 0.03060 0.03291
0 0.54965 0.62300 0.03002 0.03248
0 0.55976 0.56713 0.00866 0.00476
0 0.54619 0.57601 0.02540 0.02079
0 0.59007 0.56323 0.02656 0.00650
0 0.56986 0.57297 0.02425 0.01732
0 0.59238 0.57016 0.02309 0.01516
0 0.63770 0.56518 0.02829 0.01386
0 0.61519 0.56735 0.02829 0.01473
0 0.63684 0.58467 0.02887 0.02858
0 0.61605 0.58922 0.03580 0.03162
0 0.59151 0.59160 0.03060 0.02945
0 0.56928 0.59376 0.03118 0.02858
0 0.57073 0.65136 0.02829 0.03291
0 0.57448 0.62083 0.02887 0.03335
0 0.59353 0.64703 0.02656 0.03378
0 0.61721 0.64487 0.03464 0.03291
0 0.64059 0.64032 0.02598 0.03248
0 0.59931 0.61845 0.03002 0.03205
0 0.62125 0.61477 0.03002 0.03248
0 0.64434 0.61044 0.02656 0.03162
0 0.66282 0.63556 0.03118 0.03335
0 0.65993 0.56388 0.01963 0.01473
0 0.66224 0.58402 0.02771 0.02988
0 0.66917 0.60784 0.02771 0.03248
0 0.68793 0.63144 0.02945 0.02945
0 0.71132 0.62971 0.03233 0.03205
0 0.69515 0.67302 0.02309 0.01559
0 0.68793 0.65743 0.02483 0.02512
0 0.71969 0.66955 0.02829 0.01906
0 0.71189 0.65483 0.02887 0.02599
0 0.78695 0.66436 0.02656 0.00953
0 0.75722 0.66890 0.01559 0.00650
0 0.74307 0.66306 0.02425 0.02079
0 0.76617 0.66003 0.02540 0.01732
0 0.73499 0.64920 0.03002 0.02772
0 0.75664 0.64162 0.02483 0.02642
0 0.74047 0.62538 0.03753 0.02858
0 0.69313 0.60373 0.03060 0.03118
0 0.71218 0.60286 0.02714 0.02858
0 0.73672 0.60048 0.02887 0.03248
0 0.68072 0.56150 0.02540 0.01602
0 0.70381 0.56042 0.02309 0.01473
0 0.72690 0.55803 0.02540 0.01429
0 0.74856 0.55630 0.02136 0.01083
0 0.77107 0.55847 0.02367 0.02036
0 0.75375 0.56670 0.02829 0.01862
0 0.73326 0.57298 0.03002 0.02512
0 0.71016 0.57622 0.03233 0.02728
0 0.68447 0.57882 0.03060 0.02815
0 0.79561 0.55197 0.02540 0.01169
0 0.78724 0.56648 0.03291 0.02858
0 0.77512 0.58553 0.03522 0.03465
0 0.75635 0.59138 0.03118 0.03508
0 0.76617 0.61888 0.03464 0.03291
0 0.78984 0.65569 0.02309 0.01906
0 0.78002 0.63945 0.02540 0.02815
0 0.81091 0.65201 0.02829 0.01949
0 0.80196 0.63621 0.02540 0.02512
0 0.83805 0.64660 0.02829 0.01906
0 0.82361 0.63144 0.02945 0.02685
0 0.79503 0.61217 0.03233 0.03335
0 0.82275 0.54959 0.03002 0.00953
0 0.81611 0.56128 0.02714 0.02252
0 0.80398 0.58553 0.02483 0.03032
0 0.82131 0.60459 0.02945 0.03291
0 0.82910 0.58099 0.03002 0.02728
0 0.86634 0.64010 0.03522 0.01906
0 0.85017 0.62646 0.03522 0.02295
0 0.85046 0.60308 0.03580 0.02815
0 0.89001 0.62018 0.02598 0.02685
0 0.87933 0.61845 0.03349 0.02512
0 0.87731 0.59983 0.03176 0.02252
0 0.85508 0.55868 0.03118 0.02252
0 0.84180 0.56042 0.02771 0.01992
0 0.87818 0.56366 0.02309 0.01602
0 0.88568 0.57254 0.03349 0.02079
0 0.88799 0.58813 0.03118 0.02339
0 0.85710 0.57947 0.03291 0.02425
0 0.07997 0.61174 0.02714 0.02036
0 0.13279 0.61845 0.02656 0.01299
0 0.15329 0.60416 0.02483 0.01992
0 0.10046 0.61498 0.03118 0.01992
0 0.12846 0.60697 0.02945 0.02036
0 0.18966 0.58575 0.02252 0.01862
0 0.16917 0.59376 0.02540 0.01906
0 0.20497 0.57428 0.02309 0.01559
0 0.22373 0.56388 0.02136 0.01386
0 0.26184 0.53746 0.01674 0.01039
0 0.24942 0.53530 0.01848 0.01559
0 0.22893 0.55197 0.02483 0.01776
0 0.20554 0.55890 0.02194 0.02036
0 0.18678 0.56886 0.02252 0.01862
0 0.16859 0.57882 0.02194 0.01949
0 0.14290 0.58900 0.02367 0.01819
0 0.11230 0.59745 0.03176 0.02209
0 0.27483 0.52360 0.01848 0.01906
0 0.26472 0.52317 0.02136 0.01992
0 0.29186 0.51148 0.01790 0.01472
0 0.32592 0.48766 0.01559 0.01559
0 0.30456 0.50043 0.02252 0.00996
0 0.28580 0.50628 0.01848 0.01819
0 0.30889 0.48831 0.02656 0.02122
0 0.33314 0.47423 0.02309 0.01992
0 0.35364 0.46384 0.02136 0.01819
0 0.07794 0.59290 0.02771 0.02079
0 0.09584 0.57925 0.03002 0.02295
0 0.12673 0.57579 0.02714 0.02382
0 0.14752 0.56605 0.02945 0.02425
0 0.16917 0.55674 0.02656 0.02295
0 0.18966 0.54483 0.02829 0.02079
0 0.21334 0.53768 0.02483 0.02122
0 0.22835 0.52555 0.02714 0.02036
0 0.24278 0.50910 0.02829 0.02036
0 0.26501 0.50217 0.03233 0.02469
0 0.28089 0.48874 0.02829 0.02036
0 0.30081 0.47921 0.02887 0.02382
0 0.31899 0.46579 0.02829 0.02469
0 0.34007 0.45409 0.02656 0.02209
0 0.37558 0.44846 0.02021 0.01949
0 0.39319 0.43785 0.01848 0.01992
0 0.36086 0.44153 0.03002 0.02469
0 0.05312 0.57969 0.02771 0.02122
0 0.06524 0.56908 0.03118 0.02858
0 0.08747 0.55414 0.03406 0.02815
0 0.11576 0.55154 0.02483 0.02902
0 0.13770 0.54093 0.02945 0.02339
0 0.16108 0.53313 0.02887 0.02339
0 0.17870 0.52187 0.02945 0.02165
0 0.20179 0.51321 0.02483 0.02079
0 0.21824 0.50000 0.02656 0.01949
0 0.23672 0.48571 0.02540 0.02036
0 0.25693 0.47618 0.03002 0.02122
0 0.27598 0.46557 0.02656 0.02079
0 0.29359 0.45431 0.02714 0.02079
0 0.31611 0.44262 0.02598 0.02252
0 0.33603 0.43114 0.02425 0.02122
0 0.08025 0.48701 0.01039 0.00909
0 0.10017 0.47640 0.01674 0.01386
0 0.11634 0.46514 0.01674 0.01386
0 0.13366 0.45431 0.02136 0.01386
0 0.15502 0.44370 0.02367 0.01516
0 0.17581 0.43092 0.01905 0.01472
0 0.19977 0.41317 0.01963 0.01126
0 0.21911 0.40234 0.01905 0.01472
0 0.19919 0.42789 0.03002 0.02079
0 0.21998 0.41815 0.02771 0.02295
0 0.02483 0.53595 0.01732 0.01689
0 0.04128 0.52339 0.02252 0.01862
0 0.05860 0.50953 0.02367 0.02122
0 0.07766 0.50000 0.02252 0.01689
0 0.09613 0.48787 0.02483 0.01429
0 0.11634 0.47705 0.02483 0.01602
0 0.13510 0.46752 0.02194 0.01949
0 0.15271 0.45951 0.02829 0.02079
0 0.16686 0.44781 0.02309 0.02079
0 0.19197 0.44132 0.03291 0.01906
0 0.01905 0.55652 0.01501 0.02252
0 0.02771 0.54699 0.02194 0.02425
0 0.04532 0.53227 0.02367 0.02425
0 0.06553 0.52101 0.02598 0.02165
0 0.08285 0.51018 0.02598 0.01992
0 0.10450 0.50173 0.03233 0.02382
0 0.12413 0.49220 0.03118 0.02382
0 0.14463 0.48268 0.03176 0.02469
0 0.16253 0.47337 0.03291 0.02685
0 0.18418 0.46059 0.03349 0.02382
0 0.02973 0.56973 0.02367 0.01949
0 0.04157 0.55695 0.02771 0.02599
0 0.06091 0.54374 0.02829 0.02728
0 0.08805 0.53032 0.02945 0.02295
0 0.10999 0.52404 0.02483 0.02512
0 0.13308 0.51711 0.02945 0.02772
0 0.15242 0.50780 0.02425 0.02555
0 0.17090 0.49805 0.02771 0.02512
0 0.18909 0.48679 0.03176 0.02599
0 0.21160 0.47640 0.02945 0.02339
0 0.21593 0.45756 0.03695 0.02295
0 0.22229 0.44088 0.03118 0.01819
0 0.24365 0.42789 0.02887 0.02512
0 0.24596 0.45149 0.03002 0.02469
0 0.26819 0.44132 0.02829 0.02512
0 0.40906 0.42551 0.02021 0.01776
0 0.42783 0.41273 0.02079 0.01732
0 0.44342 0.39844 0.02656 0.01906
0 0.46045 0.38588 0.02021 0.01819
0 0.49509 0.36163 0.02252 0.01559
0 0.47835 0.37570 0.02021 0.01776
0 0.38106 0.42962 0.02309 0.02079
0 0.40243 0.41620 0.02425 0.01992
0 0.41888 0.40450 0.02252 0.01819
0 0.43793 0.39130 0.02136 0.01862
0 0.47258 0.36834 0.02021 0.01862
0 0.45554 0.37809 0.02079 0.01732
0 0.35710 0.41815 0.03291 0.02382
0 0.37384 0.40754 0.03291 0.02685
0 0.39434 0.39498 0.03349 0.02425
0 0.41195 0.38242 0.03176 0.02685
0 0.45179 0.35925 0.03291 0.02555
0 0.43274 0.36986 0.03291 0.02685
0 0.23152 0.39173 0.00577 0.00909
0 0.29648 0.34690 0.01905 0.01299
0 0.25924 0.37116 0.01617 0.00953
0 0.31467 0.33651 0.01848 0.01472
0 0.33285 0.32373 0.01905 0.01602
0 0.35364 0.31074 0.02367 0.01343
0 0.38712 0.28670 0.01674 0.01039
0 0.40676 0.27544 0.02136 0.01386
0 0.39925 0.29125 0.02829 0.02036
0 0.37644 0.30121 0.02656 0.02036
0 0.24047 0.38891 0.01790 0.01472
0 0.25924 0.37744 0.02194 0.01516
0 0.27916 0.36531 0.02367 0.01776
0 0.30023 0.35167 0.02425 0.01646
0 0.31957 0.34019 0.02252 0.01689
0 0.34007 0.32763 0.03002 0.02036
0 0.35768 0.31550 0.02598 0.01776
0 0.23961 0.40624 0.03002 0.02165
0 0.26010 0.39389 0.02714 0.02122
0 0.28089 0.38328 0.02829 0.02425
0 0.29821 0.37072 0.02598 0.02512
0 0.31871 0.35860 0.02771 0.02425
0 0.34238 0.34647 0.03002 0.02512
0 0.36201 0.33456 0.03118 0.02382
0 0.38135 0.31854 0.03060 0.02122
0 0.40069 0.30987 0.02771 0.02122
0 0.26299 0.41641 0.02829 0.02642
0 0.28291 0.40624 0.02656 0.02339
0 0.30572 0.39498 0.03291 0.02425
0 0.32304 0.37982 0.03060 0.02252
0 0.34325 0.36942 0.02714 0.02339
0 0.36547 0.35838 0.03002 0.02469
0 0.38539 0.34647 0.02829 0.02425
0 0.28839 0.42984 0.02714 0.02295
0 0.31005 0.41923 0.03002 0.02252
0 0.33054 0.40580 0.02829 0.02339
0 0.34844 0.39238 0.02829 0.02252
0 0.36923 0.38133 0.02945 0.02036
0 0.39030 0.37029 0.02771 0.02339
0 0.40935 0.35578 0.02656 0.02209
0 0.42696 0.34365 0.02945 0.02642
0 0.40012 0.33261 0.02887 0.02339
0 0.42234 0.32005 0.02945 0.02425
0 0.49163 0.35816 0.02367 0.01559
0 0.47258 0.35058 0.02714 0.02295
0 0.51184 0.34582 0.01905 0.01776
0 0.49538 0.33932 0.02425 0.02209
0 0.53060 0.33543 0.02079 0.01602
0 0.51472 0.32828 0.02367 0.02252
0 0.54965 0.32308 0.01963 0.01646
0 0.53782 0.31680 0.02483 0.02469
0 0.56669 0.30619 0.01559 0.01819
0 0.55745 0.30576 0.02252 0.02165
0 0.44861 0.33521 0.03233 0.02772
0 0.44630 0.30966 0.03349 0.02512
0 0.47200 0.32633 0.03176 0.02902
0 0.49423 0.31529 0.02771 0.02599
0 0.42639 0.26462 0.02021 0.01732
0 0.42090 0.28021 0.02309 0.01906
0 0.42004 0.29732 0.02829 0.02122
0 0.46998 0.30056 0.02771 0.02165
0 0.44313 0.28649 0.02945 0.02469
0 0.45670 0.24036 0.01732 0.00953
0 0.44861 0.25336 0.02425 0.01819
0 0.44371 0.26808 0.02598 0.01732
0 0.48124 0.22889 0.00866 0.00736
0 0.47142 0.23993 0.02829 0.01819
0 0.46593 0.25704 0.02887 0.02122
0 0.51732 0.20745 0.01963 0.00953
0 0.53262 0.20312 0.01905 0.01213
0 0.50520 0.21676 0.01617 0.00996
0 0.49538 0.22997 0.02771 0.01992
0 0.49105 0.24664 0.02945 0.01949
0 0.51905 0.21763 0.02425 0.02036
0 0.51645 0.23408 0.02714 0.02036
0 0.57939 0.29320 0.02252 0.01472
0 0.56034 0.28649 0.02483 0.01949
0 0.54070 0.29450 0.02598 0.02252
0 0.51443 0.30446 0.03349 0.02599
0 0.49076 0.29039 0.03118 0.02295
0 0.46622 0.27739 0.02945 0.02209
0 0.49249 0.26722 0.03233 0.02599
0 0.51588 0.28086 0.02829 0.02382
0 0.53724 0.27111 0.03291 0.02425
0 0.51126 0.25530 0.02945 0.02642
0 0.59671 0.27913 0.02252 0.01862
0 0.58487 0.27436 0.02771 0.02382
0 0.56524 0.26375 0.02540 0.02512
0 0.54013 0.24729 0.03176 0.02339
0 0.61778 0.26245 0.02425 0.02079
0 0.60652 0.26007 0.02367 0.02122
0 0.58834 0.25119 0.03118 0.02512
0 0.56409 0.23971 0.03002 0.02728
0 0.54128 0.22585 0.03176 0.02209
0 0.54301 0.20788 0.02945 0.02079
0 0.55687 0.19467 0.02714 0.02382
0 0.56813 0.21568 0.02656 0.02339
0 0.58660 0.22824 0.03695 0.02599
0 0.64607 0.23452 0.01732 0.01949
0 0.62731 0.24166 0.02598 0.02252
0 0.60826 0.23603 0.02252 0.02425
0 0.65214 0.21373 0.01674 0.02209
0 0.63308 0.22152 0.03060 0.02295
0 0.59238 0.20831 0.02656 0.01819
0 0.58401 0.18385 0.03060 0.01602
0 0.58228 0.19532 0.03522 0.02079
0 0.61143 0.17713 0.02771 0.01386
0 0.63770 0.19835 0.02714 0.02512
0 0.61923 0.21200 0.02829 0.02988
0 0.61374 0.19056 0.03002 0.02165
