0 0.00547 0.70508 0.01094 0.03047
0 0.03307 0.70117 0.05365 0.03828
0 0.08333 0.69297 0.05417 0.03906
0 0.12969 0.68555 0.04375 0.02734
0 0.17630 0.68281 0.05052 0.04062
0 0.22396 0.68438 0.04375 0.02656
0 0.35599 0.65547 0.05677 0.06562
0 0.30833 0.65547 0.05938 0.07031
0 0.26094 0.64805 0.05000 0.07734
0 0.21484 0.65313 0.05260 0.05937
0 0.16641 0.63672 0.05365 0.09531
0 0.11588 0.65156 0.05573 0.07656
0 0.06146 0.65742 0.05729 0.07578
0 0.01771 0.66055 0.03542 0.07422
0 0.40547 0.64961 0.05052 0.06328
0 0.45703 0.65000 0.05365 0.04688
0 0.50260 0.64062 0.05313 0.05781
0 0.55365 0.63984 0.05729 0.04844
0 0.60234 0.62969 0.05260 0.04531
0 0.64818 0.62383 0.05469 0.03984
0 0.69609 0.60078 0.05677 0.05156
0 0.74974 0.58281 0.06302 0.04688
0 0.78698 0.54883 0.05208 0.06953
0 0.79974 0.50156 0.04948 0.07500
0 0.74193 0.54453 0.06094 0.07500
0 0.68542 0.57227 0.06042 0.07891
0 0.63437 0.57305 0.05833 0.08828
0 0.58333 0.58477 0.05313 0.08672
0 0.53255 0.58438 0.05781 0.08906
0 0.48412 0.59570 0.04531 0.08359
0 0.43620 0.59805 0.05885 0.10234
0 0.38073 0.59453 0.06250 0.10156
0 0.32630 0.59883 0.06406 0.09609
0 0.27630 0.58398 0.06406 0.09922
0 0.21250 0.58359 0.07396 0.09688
0 0.14349 0.57656 0.06719 0.11406
0 0.08437 0.57734 0.05625 0.11719
0 0.00339 0.58008 0.00677 0.09297
0 0.03177 0.57812 0.06354 0.11563
0 0.78776 0.45430 0.06094 0.11328
0 0.73802 0.46562 0.06042 0.10156
0 0.68359 0.47500 0.06406 0.12656
0 0.62891 0.47656 0.06615 0.13125
0 0.58542 0.48750 0.06146 0.12812
0 0.53021 0.49023 0.05937 0.13359
0 0.48021 0.49961 0.05312 0.12578
0 0.42839 0.49531 0.06094 0.13125
0 0.37187 0.49805 0.05938 0.11953
0 0.31719 0.49805 0.05937 0.12578
0 0.26354 0.49063 0.06250 0.13281
0 0.21302 0.47734 0.05833 0.13438
0 0.16328 0.48867 0.05365 0.12891
0 0.11016 0.48555 0.05469 0.12109
0 0.05755 0.47656 0.05677 0.11719
0 0.01745 0.47422 0.03490 0.12187
0 0.42578 0.12812 0.04531 0.01719
0 0.48542 0.12031 0.03125 0.01719
0 0.51641 0.11680 0.03281 0.02891
0 0.56380 0.10586 0.02448 0.01797
0 0.64271 0.11133 0.05104 0.05234
0 0.59557 0.11445 0.06094 0.03984
0 0.54141 0.12734 0.07760 0.04688
0 0.47240 0.14102 0.07604 0.04766
0 0.41484 0.15391 0.05885 0.04688
0 0.36120 0.15117 0.06094 0.04609
0 0.31615 0.15937 0.05625 0.03906
0 0.26562 0.16875 0.05833 0.05000
0 0.21563 0.16445 0.05104 0.02734
0 0.16979 0.17969 0.05625 0.03125
0 0.73307 0.11328 0.02656 0.01406
0 0.69661 0.10664 0.06198 0.03516
0 0.74687 0.14453 0.04479 0.05469
0 0.69766 0.13789 0.07135 0.06641
0 0.78412 0.20547 0.06302 0.09063
0 0.73203 0.20937 0.07240 0.10469
0 0.66406 0.16523 0.06458 0.08828
0 0.60521 0.16758 0.05729 0.08828
0 0.55911 0.17930 0.06406 0.10078
0 0.51458 0.18789 0.04896 0.08516
0 0.46849 0.19961 0.05573 0.10547
0 0.41693 0.20664 0.05885 0.09922
0 0.36615 0.20039 0.04583 0.10234
0 0.32161 0.20430 0.05781 0.08516
0 0.27031 0.20586 0.04792 0.07578
0 0.21875 0.21055 0.05729 0.08203
0 0.16953 0.21758 0.04740 0.08047
0 0.12109 0.21328 0.05260 0.07187
0 0.07240 0.21211 0.04792 0.06172
0 0.34349 0.29297 0.04844 0.12031
0 0.39088 0.29102 0.05156 0.11953
0 0.44271 0.29648 0.05729 0.12578
0 0.49453 0.28711 0.05469 0.12734
0 0.54088 0.27852 0.05260 0.13516
0 0.58906 0.27305 0.04688 0.12734
0 0.63620 0.25391 0.06823 0.13125
0 0.69141 0.26914 0.06927 0.13516
0 0.80937 0.29727 0.03750 0.11016
0 0.75677 0.28516 0.07604 0.11562
0 0.77865 0.37266 0.06146 0.11094
0 0.71406 0.36992 0.08125 0.12109
0 0.63854 0.36836 0.08021 0.11328
0 0.56354 0.38008 0.08229 0.12578
0 0.50417 0.39609 0.05208 0.10938
0 0.45417 0.39805 0.05729 0.11641
0 0.39714 0.40117 0.06094 0.12266
0 0.34323 0.40469 0.05937 0.11875
0 0.19740 0.29688 0.05938 0.12656
0 0.14193 0.28711 0.05885 0.10859
0 0.08776 0.27969 0.05677 0.10781
0 0.02500 0.22266 0.05000 0.06406
0 0.00677 0.28438 0.01354 0.08437
0 0.03568 0.28242 0.05885 0.11016
0 0.00573 0.36875 0.01146 0.09062
0 0.03047 0.38203 0.05677 0.11875
0 0.08411 0.38203 0.05885 0.12187
0 0.13281 0.38633 0.05417 0.11484
0 0.18359 0.38398 0.06094 0.11797
0 0.24036 0.39180 0.05781 0.11484
0 0.29297 0.39805 0.05781 0.11641
0 0.29870 0.28672 0.05156 0.12969
0 0.25000 0.29023 0.05417 0.12578
