0 0.99010 0.89595 0.01979 0.03975
0 0.97240 0.88309 0.05521 0.05924
0 0.91927 0.88932 0.07604 0.06859
0 0.85651 0.90413 0.06510 0.06391
0 0.80078 0.89595 0.06510 0.07560
0 0.74505 0.89673 0.05990 0.06469
0 0.69010 0.88932 0.05729 0.06080
0 0.57161 0.80398 0.05885 0.16134
0 0.63724 0.89439 0.04844 0.04910
0 0.58750 0.88698 0.05625 0.07015
0 0.53099 0.88426 0.04427 0.06157
0 0.48516 0.87490 0.04010 0.06313
0 0.43750 0.87763 0.05313 0.06859
0 0.38802 0.88075 0.04896 0.07327
0 0.33802 0.88270 0.05208 0.06469
0 0.28672 0.87646 0.05573 0.06625
0 0.23516 0.88192 0.05885 0.06002
0 0.18229 0.87334 0.05625 0.05690
0 0.13229 0.86945 0.04583 0.04287
0 0.02370 0.86516 0.04740 0.03118
0 0.02240 0.79657 0.04479 0.15433
0 0.06901 0.80982 0.08385 0.14965
0 0.12448 0.78839 0.07187 0.14263
0 0.18125 0.80125 0.05938 0.13562
0 0.23438 0.79735 0.07083 0.14809
0 0.29375 0.78839 0.05833 0.15666
0 0.35156 0.79891 0.06250 0.17459
0 0.40234 0.79852 0.05781 0.15199
0 0.45938 0.79501 0.05104 0.15433
0 0.51380 0.80242 0.05573 0.15199
0 0.98229 0.79072 0.03542 0.14263
0 0.94089 0.78332 0.07448 0.16056
0 0.86537 0.80709 0.08490 0.13952
0 0.81979 0.78644 0.08437 0.16991
0 0.75286 0.78878 0.07552 0.16680
0 0.69323 0.79228 0.05729 0.15822
0 0.63307 0.80787 0.06510 0.14887
0 0.99115 0.23344 0.01771 0.08807
0 0.96719 0.23967 0.06562 0.10834
0 0.91406 0.24162 0.08750 0.12315
0 0.86146 0.24630 0.08125 0.12471
0 0.81094 0.25175 0.06667 0.12003
0 0.76146 0.24942 0.06979 0.12938
0 0.70521 0.24279 0.06979 0.12860
0 0.60807 0.20148 0.04427 0.03663
0 0.65625 0.25136 0.07187 0.13172
0 0.56719 0.19914 0.03750 0.03352
0 0.60052 0.26384 0.06563 0.12705
0 0.53203 0.21161 0.04844 0.04599
0 0.47656 0.19680 0.05729 0.03507
0 0.43359 0.20499 0.05260 0.04209
0 0.54688 0.26968 0.06458 0.14341
0 0.48620 0.27007 0.06094 0.14731
0 0.43542 0.27241 0.05937 0.13640
0 0.38203 0.20616 0.05365 0.04754
0 0.33620 0.20616 0.04740 0.02416
0 0.28854 0.20109 0.04896 0.04209
0 0.24115 0.20499 0.05208 0.04521
0 0.19323 0.19992 0.04792 0.03663
0 0.14870 0.20733 0.05260 0.04365
0 0.10260 0.20811 0.05104 0.04365
0 0.05807 0.20694 0.05052 0.03196
0 0.01823 0.21590 0.03646 0.05144
0 0.21823 0.27864 0.07083 0.13484
0 0.16250 0.27592 0.09063 0.12315
0 0.09583 0.27981 0.09271 0.10912
0 0.04427 0.27669 0.08854 0.11847
0 0.38177 0.27319 0.05521 0.11769
0 0.33099 0.26968 0.06615 0.12783
0 0.27474 0.26929 0.06198 0.12860
0 0.01042 0.34217 0.02083 0.04832
0 0.03620 0.42557 0.07240 0.19953
0 0.08620 0.42323 0.09531 0.21200
0 0.15156 0.42634 0.09375 0.21668
0 0.21094 0.43648 0.07500 0.20421
0 0.27057 0.42050 0.06927 0.20967
0 0.33359 0.41933 0.07552 0.21512
0 0.01146 0.61068 0.02292 0.20187
0 0.05052 0.62977 0.09375 0.22136
0 0.10391 0.61536 0.07865 0.20967
0 0.17318 0.63172 0.08594 0.22058
0 0.24036 0.61886 0.08698 0.21512
0 0.31172 0.61068 0.08385 0.20031
0 0.38984 0.61964 0.07865 0.20888
0 0.45547 0.61808 0.06719 0.20888
0 0.57812 0.61380 0.07187 0.21902
0 0.51849 0.62276 0.06510 0.22136
0 0.98802 0.31567 0.02396 0.05456
0 0.95781 0.39166 0.08437 0.21590
0 0.91380 0.40608 0.09635 0.21356
0 0.84453 0.39673 0.08802 0.21512
0 0.98932 0.59587 0.02135 0.22058
0 0.95781 0.59392 0.08437 0.22136
0 0.90052 0.62003 0.09583 0.24240
0 0.83828 0.59236 0.08802 0.22136
0 0.77188 0.59899 0.08542 0.23772
0 0.70964 0.60483 0.07552 0.21980
0 0.65052 0.62003 0.08333 0.24552
0 0.78594 0.39907 0.07083 0.20109
0 0.72552 0.39829 0.08125 0.20889
0 0.66510 0.40998 0.07604 0.21200
0 0.59896 0.41387 0.07396 0.21356
0 0.52812 0.41621 0.07187 0.20733
0 0.45833 0.41504 0.07917 0.20655
0 0.38646 0.42206 0.08229 0.21434
