0 0.37604 0.73783 0.00625 0.01825
0 0.38359 0.71715 0.01719 0.01825
0 0.42891 0.73054 0.00781 0.02068
0 0.42422 0.74939 0.00990 0.02190
0 0.41432 0.75608 0.00781 0.01582
0 0.41849 0.73966 0.01198 0.02190
0 0.40964 0.73966 0.01094 0.01946
0 0.40547 0.75730 0.01094 0.02068
0 0.39427 0.76521 0.01042 0.01946
0 0.40000 0.74148 0.00729 0.02555
0 0.39375 0.74148 0.00521 0.02311
0 0.38802 0.75730 0.01042 0.02311
0 0.38620 0.74270 0.00990 0.02555
0 0.37708 0.74635 0.00833 0.02068
0 0.37474 0.76338 0.01198 0.01825
0 0.36615 0.76703 0.00521 0.01582
0 0.36797 0.74878 0.00885 0.02311
0 0.36068 0.76521 0.00677 0.01703
0 0.35885 0.75365 0.00729 0.01825
0 0.35156 0.76703 0.01042 0.01825
0 0.35078 0.75365 0.00781 0.01825
0 0.34141 0.77251 0.00990 0.01460
0 0.33177 0.77190 0.00938 0.01582
0 0.32292 0.77433 0.00833 0.01825
0 0.34193 0.75791 0.00990 0.02190
0 0.33828 0.74757 0.00885 0.02068
0 0.32995 0.75852 0.00885 0.02068
0 0.32318 0.75669 0.00573 0.02190
0 0.24349 0.79197 0.00469 0.00730
0 0.23750 0.78954 0.00729 0.01217
0 0.22995 0.78346 0.00885 0.01217
0 0.19062 0.76156 0.00729 0.01460
0 0.19141 0.77372 0.00573 0.00973
0 0.19844 0.77433 0.00937 0.01338
0 0.20651 0.77737 0.00781 0.01217
0 0.22162 0.78406 0.00885 0.01095
0 0.21406 0.78163 0.00937 0.01095
0 0.31615 0.77737 0.01042 0.01703
0 0.30990 0.77737 0.00625 0.01946
0 0.30313 0.77981 0.00938 0.01946
0 0.29609 0.77920 0.00677 0.02068
0 0.29062 0.77980 0.00625 0.02190
0 0.28542 0.78102 0.00521 0.01703
0 0.27838 0.78224 0.00677 0.01460
0 0.27083 0.78346 0.00625 0.01460
0 0.26510 0.77920 0.00729 0.02068
0 0.25807 0.78224 0.00677 0.01946
0 0.25130 0.78163 0.00781 0.01825
0 0.24505 0.77798 0.00885 0.02068
0 0.23672 0.77433 0.01094 0.01825
0 0.22552 0.77129 0.01042 0.01946
0 0.21536 0.76703 0.01094 0.02068
0 0.20703 0.76156 0.00885 0.01946
0 0.19818 0.75912 0.01198 0.01946
0 0.31615 0.75973 0.00833 0.02068
0 0.30755 0.76217 0.00885 0.01825
0 0.29948 0.76338 0.00729 0.01825
0 0.29375 0.76095 0.00729 0.02068
0 0.28620 0.76399 0.00781 0.01946
0 0.27891 0.76460 0.00781 0.02068
0 0.27266 0.76216 0.00781 0.02311
0 0.26537 0.76216 0.00781 0.02311
0 0.25781 0.76156 0.00833 0.02190
0 0.24818 0.75608 0.01406 0.02798
0 0.23750 0.75487 0.00833 0.02068
0 0.23073 0.75182 0.00833 0.01946
0 0.22292 0.74878 0.00833 0.01582
0 0.21458 0.74757 0.01250 0.01825
0 0.20391 0.74209 0.00885 0.02190
0 0.43281 0.46654 0.00729 0.00608
0 0.42396 0.46411 0.00938 0.00852
0 0.41302 0.46411 0.00833 0.00852
0 0.40443 0.46472 0.00781 0.00973
0 0.39557 0.46472 0.00781 0.00973
0 0.38672 0.46715 0.00885 0.00973
0 0.36276 0.47932 0.01198 0.01460
0 0.37526 0.47628 0.00990 0.01338
0 0.35417 0.49088 0.00938 0.00852
0 0.34505 0.49696 0.01094 0.00852
0 0.33672 0.50547 0.00677 0.01338
0 0.33047 0.51399 0.00990 0.00852
0 0.32969 0.52433 0.00833 0.01460
0 0.32005 0.52251 0.00990 0.01582
0 0.31198 0.52311 0.00938 0.01460
0 0.30156 0.53163 0.01250 0.01703
0 0.29141 0.52616 0.00781 0.01095
0 0.30208 0.53346 0.03958 0.01582
0 0.31484 0.53893 0.01094 0.02190
0 0.30963 0.55110 0.01094 0.02920
0 0.32812 0.53771 0.01042 0.02190
0 0.34557 0.50547 0.01198 0.01338
0 0.33958 0.52129 0.01042 0.01825
0 0.33828 0.53650 0.00990 0.02190
0 0.34427 0.54988 0.00729 0.00730
0 0.34583 0.54015 0.00625 0.01460
0 0.35052 0.54319 0.00521 0.01095
0 0.34688 0.53163 0.00625 0.01217
0 0.34662 0.51703 0.00885 0.01703
0 0.35313 0.51399 0.00833 0.01825
0 0.36120 0.50912 0.00990 0.01582
0 0.35495 0.49878 0.00885 0.01460
0 0.36354 0.49331 0.00938 0.01825
0 0.37344 0.48905 0.00938 0.01946
0 0.38776 0.47628 0.01094 0.01338
0 0.38463 0.48601 0.00990 0.01338
0 0.39688 0.47141 0.00938 0.01338
0 0.40677 0.47506 0.01146 0.01825
0 0.41667 0.47445 0.01042 0.01946
0 0.42526 0.47628 0.00990 0.02068
0 0.43385 0.47628 0.00833 0.01338
0 0.45312 0.48905 0.00833 0.01946
0 0.45912 0.51095 0.00990 0.02920
0 0.44792 0.50182 0.01250 0.02068
0 0.44401 0.48358 0.01198 0.02311
0 0.43672 0.49148 0.00990 0.02190
0 0.42969 0.49392 0.01042 0.02676
0 0.42031 0.49209 0.01042 0.02311
0 0.41016 0.48905 0.01094 0.02190
0 0.39661 0.48479 0.01094 0.02068
0 0.44609 0.52068 0.01094 0.03163
0 0.43750 0.51582 0.00937 0.02920
0 0.42891 0.51703 0.01094 0.02676
0 0.41901 0.51277 0.01094 0.02798
0 0.40781 0.51034 0.00938 0.02555
0 0.39792 0.50365 0.01042 0.02190
0 0.38516 0.49818 0.01094 0.02311
0 0.37813 0.50487 0.01042 0.02190
0 0.36927 0.50608 0.00938 0.01946
0 0.35417 0.53406 0.00938 0.02190
0 0.36380 0.52798 0.01094 0.02433
0 0.37422 0.52737 0.00885 0.02555
0 0.38333 0.52616 0.00937 0.02555
0 0.39037 0.52494 0.00781 0.03041
0 0.39948 0.52798 0.00729 0.02676
0 0.40807 0.53710 0.00781 0.02555
0 0.42031 0.53589 0.00729 0.02555
0 0.46484 0.54136 0.00885 0.03406
0 0.45599 0.52737 0.00885 0.02555
0 0.44948 0.55231 0.00833 0.03406
0 0.45677 0.55474 0.00833 0.03163
0 0.47214 0.55170 0.00677 0.02555
0 0.46875 0.57238 0.00937 0.02798
0 0.46016 0.59367 0.00781 0.02676
0 0.47188 0.59915 0.00938 0.02798
0 0.47318 0.62652 0.00990 0.02433
0 0.46588 0.63565 0.00885 0.02798
0 0.46354 0.62287 0.00729 0.02920
0 0.47005 0.64720 0.00885 0.02190
0 0.46901 0.67214 0.00781 0.02798
0 0.46224 0.66484 0.00677 0.02311
0 0.45443 0.67518 0.00781 0.02920
0 0.45573 0.64720 0.00625 0.02676
0 0.45573 0.61801 0.00625 0.02433
0 0.45182 0.58820 0.00990 0.03528
0 0.44740 0.61983 0.00729 0.02798
0 0.43958 0.61253 0.00833 0.03041
0 0.43099 0.60949 0.00781 0.03163
0 0.44271 0.58881 0.00625 0.01946
0 0.43698 0.57968 0.00625 0.02311
0 0.43880 0.54623 0.00781 0.03650
0 0.42786 0.54744 0.01302 0.03163
0 0.43646 0.72810 0.00729 0.03041
0 0.44401 0.72445 0.00885 0.02555
0 0.45964 0.69525 0.01198 0.04015
0 0.45182 0.71776 0.00885 0.02676
0 0.44792 0.70134 0.01042 0.02311
0 0.44115 0.70255 0.00833 0.02068
0 0.38229 0.72141 0.01250 0.02190
0 0.43333 0.71107 0.00729 0.02311
0 0.42422 0.71594 0.00990 0.02555
0 0.41719 0.71776 0.00729 0.02433
0 0.40938 0.71715 0.00938 0.03041
0 0.40365 0.71168 0.00833 0.02920
0 0.39609 0.71350 0.00990 0.03041
0 0.44948 0.64477 0.00833 0.02920
0 0.44766 0.67640 0.00885 0.03163
0 0.39323 0.69282 0.00833 0.03041
0 0.40052 0.68431 0.00729 0.02311
0 0.41380 0.69100 0.01094 0.02676
0 0.42344 0.69221 0.01042 0.02920
0 0.43099 0.69100 0.00677 0.02433
0 0.43880 0.68492 0.00781 0.02920
0 0.44141 0.65389 0.00885 0.02798
0 0.43125 0.63808 0.00833 0.02555
0 0.43333 0.66423 0.00729 0.02676
0 0.42500 0.66484 0.00833 0.02555
0 0.41693 0.66302 0.00781 0.02920
0 0.40859 0.66849 0.00885 0.03041
0 0.40391 0.65633 0.00677 0.02798
0 0.42240 0.63443 0.00938 0.02555
0 0.41224 0.63321 0.00677 0.02798
0 0.42682 0.57543 0.01198 0.02920
0 0.42318 0.60341 0.01094 0.03406
0 0.41354 0.60341 0.00937 0.03163
0 0.41406 0.56813 0.01146 0.02676
0 0.40156 0.55900 0.00833 0.02798
0 0.39375 0.56083 0.00938 0.03163
0 0.38463 0.55535 0.00990 0.03041
0 0.37656 0.55657 0.01042 0.02798
0 0.36823 0.55535 0.00729 0.02798
0 0.39531 0.66180 0.01042 0.03163
0 0.40391 0.62470 0.00990 0.03041
0 0.39375 0.62835 0.01146 0.03041
0 0.40599 0.58698 0.00885 0.03041
0 0.39740 0.59550 0.00937 0.03041
0 0.38594 0.59063 0.01146 0.03285
0 0.37318 0.59063 0.00990 0.03041
0 0.36458 0.59002 0.00938 0.03406
0 0.26771 0.54319 0.00833 0.01582
0 0.26745 0.56022 0.00573 0.01825
0 0.21276 0.57968 0.00677 0.01582
0 0.23177 0.56448 0.00417 0.01460
0 0.23672 0.56204 0.00781 0.00730
0 0.24297 0.55779 0.01406 0.01338
0 0.25286 0.55231 0.00781 0.01217
0 0.25937 0.54805 0.00938 0.01338
0 0.22734 0.56874 0.00573 0.01582
0 0.20000 0.60401 0.01042 0.01095
0 0.21458 0.59307 0.00833 0.01095
0 0.18385 0.62591 0.00729 0.01582
0 0.19141 0.61435 0.00990 0.01460
0 0.20495 0.59002 0.01302 0.01946
0 0.21979 0.57786 0.01146 0.01460
0 0.19141 0.62713 0.00885 0.02311
0 0.20964 0.60097 0.00990 0.01703
0 0.20026 0.61192 0.01094 0.01460
0 0.23620 0.57299 0.00990 0.01703
0 0.22969 0.57968 0.00833 0.01582
0 0.22188 0.58759 0.01042 0.01460
0 0.30286 0.55961 0.01094 0.02433
0 0.29557 0.54136 0.01406 0.01946
0 0.29323 0.56265 0.00938 0.02311
0 0.28333 0.54380 0.01146 0.02190
0 0.28594 0.56691 0.01250 0.02676
0 0.27604 0.55231 0.01250 0.02190
0 0.27422 0.57421 0.01094 0.02433
0 0.26146 0.56083 0.00938 0.01703
0 0.26354 0.57907 0.01250 0.02190
0 0.25338 0.56752 0.01198 0.02555
0 0.25234 0.58820 0.01094 0.02068
0 0.24609 0.57178 0.01198 0.02190
0 0.24089 0.58759 0.01094 0.02433
0 0.23385 0.59489 0.00833 0.01946
0 0.22630 0.59854 0.01198 0.01946
0 0.21875 0.60584 0.01146 0.01703
0 0.20182 0.62591 0.01302 0.02068
0 0.20182 0.64477 0.00677 0.01946
0 0.20937 0.65693 0.02083 0.02676
0 0.21198 0.63443 0.01250 0.02555
0 0.24818 0.60219 0.00781 0.01703
0 0.24010 0.61071 0.00937 0.02190
0 0.22266 0.65085 0.00990 0.02676
0 0.22969 0.64234 0.01042 0.03406
0 0.23646 0.63686 0.00729 0.02798
0 0.24349 0.63443 0.00885 0.02798
0 0.23073 0.61435 0.01146 0.01703
0 0.22083 0.62409 0.01042 0.01703
0 0.21198 0.61375 0.01042 0.01338
0 0.35859 0.55292 0.01094 0.02798
0 0.35208 0.56083 0.01250 0.02676
0 0.34375 0.56508 0.00937 0.02555
0 0.33021 0.55961 0.01146 0.02676
0 0.32292 0.56448 0.01250 0.02676
0 0.31979 0.58151 0.01042 0.03163
0 0.35677 0.59124 0.00938 0.03163
0 0.34818 0.59793 0.00990 0.03285
0 0.34010 0.59489 0.00833 0.03406
0 0.33177 0.58455 0.00833 0.02068
0 0.32995 0.60949 0.00990 0.03163
0 0.38620 0.69282 0.00990 0.03528
0 0.38854 0.65633 0.00729 0.03771
0 0.38177 0.65815 0.00833 0.03650
0 0.38412 0.62409 0.00781 0.03650
0 0.37630 0.62835 0.00781 0.03528
0 0.36953 0.63443 0.00677 0.03771
0 0.36250 0.63565 0.00729 0.03285
0 0.35495 0.63808 0.00573 0.03041
0 0.34792 0.63625 0.01042 0.03650
0 0.33828 0.63565 0.01094 0.03041
0 0.32422 0.61679 0.00781 0.02676
0 0.26510 0.60097 0.01146 0.02920
0 0.25729 0.61192 0.01042 0.02433
0 0.31120 0.58820 0.01198 0.02798
0 0.30104 0.58577 0.01146 0.03041
0 0.29271 0.59246 0.01042 0.02920
0 0.28229 0.59367 0.01146 0.02676
0 0.27370 0.59854 0.00990 0.02433
0 0.31797 0.62652 0.00885 0.03163
0 0.30833 0.61861 0.00729 0.03041
0 0.30104 0.62226 0.00833 0.02798
0 0.29375 0.62409 0.00833 0.02920
0 0.28412 0.62470 0.00990 0.03041
0 0.27448 0.62470 0.00937 0.03041
0 0.26458 0.63017 0.01146 0.02433
0 0.25052 0.62409 0.01146 0.02676
0 0.37240 0.72506 0.00625 0.02190
0 0.36432 0.73236 0.00990 0.02676
0 0.35573 0.73297 0.01146 0.02555
0 0.34688 0.73236 0.01146 0.02190
0 0.33802 0.72871 0.01042 0.01946
0 0.32995 0.73479 0.00573 0.02433
0 0.32240 0.73358 0.00833 0.02920
0 0.31458 0.73905 0.00625 0.02555
0 0.30755 0.73905 0.00781 0.02798
0 0.37578 0.69708 0.00885 0.03163
0 0.36641 0.70377 0.00885 0.03285
0 0.37318 0.66484 0.00781 0.03771
0 0.36641 0.66971 0.00781 0.03771
0 0.35833 0.66971 0.00729 0.03528
0 0.34974 0.66728 0.00885 0.03285
0 0.35781 0.70560 0.00938 0.03163
0 0.34375 0.70681 0.02292 0.03406
0 0.33151 0.69830 0.00677 0.03650
0 0.34115 0.68066 0.01042 0.02798
0 0.33620 0.66606 0.00677 0.03285
0 0.32812 0.66241 0.00729 0.03285
0 0.31979 0.67153 0.00937 0.03893
0 0.32266 0.70134 0.00990 0.03528
0 0.31563 0.70864 0.00833 0.03285
0 0.31120 0.69647 0.00677 0.03285
0 0.30286 0.73236 0.00781 0.03163
0 0.29505 0.73662 0.00990 0.02798
0 0.28594 0.73783 0.00729 0.03041
0 0.28073 0.73601 0.00729 0.02920
0 0.27474 0.73236 0.00781 0.03406
0 0.31354 0.66119 0.00729 0.03041
0 0.30625 0.65937 0.00833 0.03406
0 0.29896 0.66363 0.00625 0.03041
0 0.29167 0.66058 0.00729 0.03163
0 0.28438 0.66363 0.00729 0.03528
0 0.27240 0.66241 0.01458 0.04015
0 0.26302 0.65633 0.00729 0.03285
0 0.25443 0.65998 0.01094 0.03285
0 0.24531 0.66423 0.01042 0.03163
0 0.23594 0.66971 0.00833 0.02798
0 0.22630 0.67275 0.00885 0.02676
0 0.21641 0.67883 0.00885 0.02190
0 0.30417 0.69769 0.00833 0.03285
0 0.29531 0.70377 0.00833 0.03771
0 0.28802 0.69830 0.00729 0.03893
0 0.28125 0.69769 0.00521 0.03041
0 0.27448 0.69890 0.00833 0.03285
0 0.26615 0.70620 0.00938 0.03041
0 0.25937 0.69282 0.00938 0.03041
0 0.25130 0.69769 0.00990 0.03041
0 0.24219 0.69586 0.00729 0.02920
0 0.26562 0.73540 0.01042 0.03041
0 0.25755 0.73054 0.00885 0.03041
0 0.25104 0.72689 0.01250 0.02798
0 0.24062 0.72628 0.00729 0.02676
0 0.21328 0.72871 0.00990 0.02433
0 0.22240 0.72749 0.00938 0.02676
0 0.23151 0.72445 0.00781 0.02798
0 0.23307 0.69586 0.00885 0.02676
0 0.22500 0.70134 0.00937 0.02555
0 0.21458 0.70377 0.01042 0.02311
