0 0.40547 0.41270 0.02031 0.01361
0 0.45703 0.40476 0.02344 0.01587
0 0.38516 0.41950 0.02344 0.02268
0 0.36719 0.42404 0.01875 0.01361
0 0.29063 0.44218 0.01875 0.01814
0 0.34609 0.42857 0.01719 0.01814
0 0.32812 0.43197 0.02188 0.01587
0 0.30703 0.43878 0.02031 0.01587
0 0.81641 0.68141 0.01406 0.02041
0 0.81094 0.87415 0.01875 0.04308
0 0.77422 0.64853 0.02031 0.02268
0 0.75000 0.64399 0.03125 0.01814
0 0.72500 0.64286 0.02187 0.02494
0 0.70625 0.64172 0.02188 0.01814
0 0.68594 0.64286 0.01875 0.02041
0 0.66719 0.64286 0.01875 0.02041
0 0.64766 0.64399 0.02344 0.02268
0 0.62891 0.64512 0.01719 0.02041
0 0.61094 0.64966 0.01875 0.03401
0 0.57891 0.64286 0.02344 0.02041
0 0.59219 0.64626 0.02188 0.01814
0 0.56484 0.64399 0.01406 0.01814
0 0.55156 0.64739 0.01875 0.01587
0 0.53906 0.65760 0.01562 0.03175
0 0.52344 0.65760 0.02187 0.02721
0 0.50313 0.65306 0.01875 0.02268
0 0.48594 0.65873 0.01875 0.02041
0 0.47031 0.66213 0.01562 0.01814
0 0.45234 0.66100 0.02344 0.02041
0 0.43359 0.66667 0.01719 0.02268
0 0.41797 0.67007 0.02031 0.02494
0 0.40078 0.67120 0.01719 0.02268
0 0.38047 0.67347 0.02656 0.02721
0 0.36094 0.67687 0.01875 0.02041
0 0.34453 0.68141 0.02031 0.02948
0 0.32500 0.68367 0.01875 0.01587
0 0.30703 0.68594 0.01719 0.02041
0 0.28984 0.69161 0.02344 0.01814
0 0.27031 0.69955 0.02187 0.01587
0 0.24922 0.70181 0.02344 0.01587
0 0.22969 0.71655 0.02188 0.03175
0 0.24844 0.72449 0.02500 0.03401
0 0.27109 0.71769 0.02344 0.02948
0 0.28906 0.71202 0.01875 0.03175
0 0.30625 0.70862 0.01875 0.03401
0 0.32109 0.70408 0.02031 0.02948
0 0.34062 0.70635 0.02187 0.03401
0 0.35781 0.70181 0.01875 0.03855
0 0.37578 0.69955 0.02031 0.03855
0 0.39219 0.69615 0.01875 0.03628
0 0.40938 0.69274 0.01875 0.03401
0 0.42734 0.68708 0.02031 0.02721
0 0.44453 0.68367 0.01719 0.02948
0 0.46016 0.68367 0.02031 0.03855
0 0.47812 0.68254 0.02500 0.03628
0 0.50000 0.67914 0.02188 0.03401
0 0.52188 0.67574 0.02500 0.03175
0 0.54297 0.67120 0.01719 0.03628
0 0.55937 0.66553 0.02188 0.03401
0 0.57344 0.66780 0.01875 0.03401
0 0.59297 0.66326 0.02344 0.02948
0 0.61719 0.66667 0.02500 0.03628
0 0.63750 0.66326 0.02188 0.03401
0 0.65859 0.66667 0.02031 0.04082
0 0.67813 0.66100 0.02187 0.02948
0 0.69922 0.66213 0.02656 0.02721
0 0.72188 0.66326 0.02500 0.03401
0 0.74531 0.66440 0.02500 0.03628
0 0.76875 0.66440 0.02812 0.03175
0 0.81563 0.70748 0.01562 0.04082
0 0.79531 0.68594 0.03125 0.05215
0 0.79922 0.70748 0.02344 0.04989
0 0.77109 0.69614 0.02969 0.04989
0 0.74609 0.69501 0.02344 0.04762
0 0.72344 0.69161 0.02500 0.04535
0 0.70312 0.69161 0.02188 0.04535
0 0.68359 0.69048 0.02031 0.04308
0 0.66562 0.69048 0.02500 0.05215
0 0.64219 0.69614 0.02188 0.04989
0 0.62344 0.69841 0.02188 0.05442
0 0.60547 0.70068 0.01719 0.04535
0 0.58750 0.69614 0.02187 0.04989
0 0.56875 0.69955 0.02187 0.04308
0 0.55234 0.70295 0.02031 0.04535
0 0.53437 0.70635 0.01875 0.04308
0 0.51719 0.70862 0.02188 0.04762
0 0.49844 0.71202 0.02187 0.04082
0 0.47969 0.71542 0.02188 0.04308
0 0.46172 0.71655 0.02031 0.04082
0 0.44688 0.71769 0.01875 0.04308
0 0.42813 0.71995 0.02187 0.05215
0 0.40781 0.72562 0.02187 0.04082
0 0.39297 0.73129 0.01719 0.04308
0 0.37578 0.73129 0.02031 0.04308
0 0.35703 0.73469 0.01719 0.04082
0 0.34062 0.73809 0.01875 0.04308
0 0.32344 0.74036 0.02187 0.04762
0 0.30703 0.74263 0.01719 0.04308
0 0.28984 0.74490 0.02031 0.04308
0 0.27109 0.74717 0.02344 0.04308
0 0.25156 0.75283 0.01875 0.04082
0 0.69453 0.73583 0.02031 0.05669
0 0.71406 0.73696 0.02188 0.05442
0 0.73438 0.73356 0.02813 0.05669
0 0.76016 0.73696 0.02656 0.05442
0 0.78672 0.73809 0.02969 0.05215
0 0.81250 0.74150 0.02188 0.04989
0 0.81172 0.78345 0.02656 0.04762
0 0.78750 0.78798 0.02500 0.05215
0 0.76016 0.78571 0.02969 0.05669
0 0.73750 0.78685 0.02500 0.05896
0 0.71641 0.78798 0.02344 0.06122
0 0.69531 0.78798 0.02187 0.06122
0 0.81719 0.82766 0.02188 0.05442
0 0.79844 0.83107 0.02812 0.05669
0 0.77422 0.83447 0.02344 0.05896
0 0.75156 0.83674 0.03125 0.06349
0 0.72656 0.83674 0.02187 0.05896
0 0.70703 0.83787 0.02031 0.05669
0 0.68672 0.83787 0.02031 0.06122
0 0.66875 0.83447 0.01875 0.06349
0 0.65078 0.83900 0.02031 0.06803
0 0.63203 0.84240 0.02031 0.06122
0 0.61328 0.84467 0.02031 0.06122
0 0.59531 0.84467 0.02188 0.06122
0 0.57891 0.84581 0.02031 0.06349
0 0.56016 0.84694 0.02344 0.06576
0 0.54141 0.85374 0.02031 0.06122
0 0.52344 0.85374 0.02187 0.06122
0 0.50703 0.85487 0.01719 0.05896
0 0.48750 0.85941 0.02187 0.06349
0 0.46875 0.86054 0.01875 0.05215
0 0.45156 0.86168 0.01875 0.05896
0 0.43516 0.86054 0.02344 0.05669
0 0.41641 0.86281 0.02031 0.05215
0 0.67500 0.78685 0.02188 0.05442
0 0.65703 0.78685 0.02031 0.05442
0 0.63906 0.78798 0.01875 0.05669
0 0.62031 0.79252 0.01875 0.06122
0 0.60391 0.79138 0.02031 0.05896
0 0.58359 0.79138 0.02031 0.06349
0 0.56406 0.79365 0.02188 0.05896
0 0.54609 0.79932 0.02031 0.05669
0 0.52891 0.80612 0.02031 0.05215
0 0.51016 0.80386 0.02031 0.05215
0 0.49375 0.80839 0.01875 0.05215
0 0.47656 0.81519 0.02188 0.05215
0 0.45859 0.81293 0.02031 0.05669
0 0.44063 0.81406 0.02187 0.05442
0 0.42188 0.81859 0.01875 0.04989
0 0.40391 0.81859 0.02031 0.05442
0 0.67422 0.73129 0.02344 0.05669
0 0.65625 0.73356 0.01875 0.05669
0 0.63594 0.73696 0.02188 0.04989
0 0.61641 0.73923 0.02031 0.05442
0 0.59766 0.74036 0.01719 0.05215
0 0.58047 0.73696 0.02031 0.05442
0 0.56328 0.74150 0.02031 0.04989
0 0.54609 0.74830 0.02031 0.05442
0 0.52969 0.75170 0.02188 0.05669
0 0.51016 0.75170 0.02031 0.05669
0 0.49297 0.75850 0.02031 0.05215
0 0.47422 0.76191 0.02031 0.05442
0 0.45625 0.76077 0.01875 0.05215
0 0.43828 0.76304 0.02031 0.05215
0 0.42109 0.76757 0.02031 0.05215
0 0.40234 0.76757 0.01719 0.05215
0 0.38438 0.77438 0.01875 0.05215
0 0.36797 0.77324 0.02031 0.04989
0 0.34766 0.77778 0.02031 0.04989
0 0.33281 0.78231 0.01875 0.04989
0 0.31563 0.78345 0.01875 0.04762
0 0.30000 0.78458 0.01875 0.04989
0 0.28281 0.78798 0.02187 0.05215
0 0.26406 0.78912 0.02187 0.04989
0 0.24375 0.79025 0.02187 0.05215
0 0.77578 0.90930 0.02656 0.02721
0 0.79062 0.87755 0.02500 0.04535
0 0.76953 0.88095 0.02344 0.04308
0 0.75234 0.91270 0.02656 0.02948
0 0.74531 0.88322 0.02188 0.04762
0 0.72422 0.88322 0.02656 0.04762
0 0.73047 0.91837 0.02344 0.02721
0 0.70938 0.91497 0.02187 0.02948
0 0.70234 0.88435 0.02344 0.04535
0 0.68750 0.91497 0.02500 0.02948
0 0.68203 0.88435 0.02031 0.04535
0 0.66562 0.88549 0.02187 0.04308
0 0.66328 0.91723 0.02344 0.02041
0 0.63984 0.91610 0.02031 0.02721
0 0.64453 0.88549 0.02031 0.04308
0 0.62812 0.88775 0.01875 0.04308
0 0.62266 0.91723 0.02031 0.02948
0 0.61016 0.89116 0.02031 0.04535
0 0.60469 0.92177 0.01875 0.02948
0 0.59219 0.89229 0.01875 0.04308
0 0.58281 0.91950 0.02188 0.03401
0 0.57500 0.89229 0.01875 0.04308
0 0.56563 0.92177 0.01562 0.02948
0 0.55078 0.92630 0.02031 0.02494
0 0.55781 0.89569 0.02188 0.04082
0 0.54141 0.90023 0.02031 0.04535
0 0.53281 0.92971 0.01875 0.02721
0 0.52422 0.90136 0.02031 0.03855
0 0.51406 0.93197 0.01875 0.02721
0 0.50391 0.90136 0.02031 0.04762
0 0.48750 0.90136 0.02187 0.03855
0 0.49531 0.92857 0.01875 0.02494
0 0.47813 0.92744 0.01875 0.02721
0 0.46875 0.90249 0.01562 0.03628
0 0.45312 0.90476 0.01875 0.04082
0 0.46016 0.92970 0.01719 0.02268
0 0.44297 0.92857 0.02031 0.02948
0 0.43594 0.90476 0.01875 0.03628
0 0.42578 0.93084 0.01719 0.02948
0 0.41719 0.90590 0.01875 0.04308
0 0.36953 0.82540 0.01719 0.05442
0 0.38594 0.82540 0.01875 0.05896
0 0.39766 0.86508 0.02031 0.05215
0 0.38203 0.87188 0.02031 0.05215
0 0.40000 0.90816 0.01875 0.03855
0 0.40859 0.93084 0.01719 0.02494
0 0.39219 0.93197 0.01875 0.02721
0 0.37266 0.93197 0.01719 0.02268
0 0.38047 0.90930 0.02344 0.04082
0 0.36250 0.86735 0.01875 0.04762
0 0.35234 0.82766 0.02031 0.04989
0 0.33359 0.82993 0.02031 0.04989
0 0.34609 0.87415 0.02031 0.04762
0 0.36484 0.91157 0.01719 0.03175
0 0.35625 0.92971 0.01562 0.03175
0 0.34531 0.91157 0.01562 0.04082
0 0.33984 0.92971 0.02031 0.02721
0 0.32109 0.93311 0.01719 0.02494
0 0.32812 0.91043 0.01875 0.03855
0 0.32734 0.87188 0.02031 0.04762
0 0.31719 0.83107 0.01875 0.05215
0 0.30000 0.83220 0.01875 0.05442
0 0.30937 0.87302 0.01875 0.04535
0 0.31094 0.91270 0.01875 0.03855
0 0.30391 0.93311 0.02031 0.02494
0 0.28516 0.92970 0.01719 0.02268
0 0.29375 0.91157 0.01562 0.03628
0 0.29219 0.87415 0.01875 0.04308
0 0.28125 0.83447 0.01875 0.04989
0 0.27656 0.87302 0.01875 0.04082
0 0.26484 0.83333 0.01719 0.04308
0 0.24531 0.83560 0.01562 0.04308
0 0.25859 0.87415 0.02031 0.04308
0 0.27578 0.91043 0.02031 0.03855
0 0.26641 0.92971 0.01719 0.02721
0 0.24922 0.93311 0.01719 0.01587
0 0.25625 0.91043 0.01875 0.03401
0 0.23828 0.87415 0.02344 0.04308
0 0.22813 0.83560 0.02188 0.04762
0 0.22422 0.79025 0.02344 0.04308
0 0.23359 0.75283 0.02031 0.03628
0 0.22266 0.72903 0.02656 0.02494
0 0.20703 0.71655 0.02031 0.01814
0 0.18516 0.73356 0.02031 0.02494
0 0.20000 0.73583 0.02500 0.02948
0 0.21250 0.75624 0.02813 0.03855
0 0.20391 0.79252 0.02344 0.05215
0 0.20859 0.83674 0.02031 0.04535
0 0.21641 0.87528 0.02344 0.04535
0 0.23750 0.91157 0.02187 0.04082
0 0.22891 0.92857 0.02031 0.02494
0 0.21250 0.90249 0.02500 0.03628
0 0.20547 0.91837 0.02031 0.03175
0 0.17656 0.74943 0.01875 0.02494
0 0.18750 0.75964 0.02500 0.03175
0 0.16953 0.77551 0.01719 0.03175
0 0.18359 0.79138 0.02344 0.04535
0 0.18828 0.83447 0.02344 0.04535
0 0.13906 0.74717 0.03438 0.03855
0 0.11016 0.75737 0.03281 0.02721
0 0.11016 0.78005 0.02656 0.03175
0 0.12344 0.90136 0.03125 0.03401
0 0.09219 0.89342 0.02500 0.03628
0 0.32500 0.67347 0.01875 0.01361
0 0.30703 0.67574 0.01719 0.01814
0 0.60547 0.62812 0.01719 0.02721
0 0.62500 0.62925 0.02188 0.02041
0 0.64688 0.62698 0.02187 0.02494
0 0.66719 0.62245 0.02188 0.02948
0 0.68750 0.62245 0.02188 0.02948
0 0.71094 0.62018 0.02500 0.03401
0 0.73438 0.61905 0.02500 0.03628
0 0.76016 0.61451 0.02969 0.04535
0 0.78203 0.60771 0.02031 0.03628
0 0.77734 0.56463 0.02344 0.06803
0 0.75469 0.57143 0.03125 0.05896
0 0.73047 0.57823 0.02344 0.05896
0 0.70938 0.58390 0.02500 0.05669
0 0.68594 0.58730 0.02500 0.05442
0 0.66484 0.59297 0.02344 0.05669
0 0.64375 0.59410 0.02188 0.05442
0 0.62344 0.59751 0.02188 0.05669
0 0.60547 0.60091 0.02344 0.05442
0 0.58594 0.60658 0.02187 0.05215
0 0.56641 0.61338 0.02031 0.05215
0 0.54766 0.61678 0.02031 0.04989
0 0.53047 0.61905 0.02344 0.05442
0 0.76172 0.51360 0.02656 0.06122
0 0.73906 0.52268 0.02812 0.05669
0 0.71562 0.52721 0.02188 0.06122
0 0.69219 0.53401 0.02500 0.05215
0 0.66953 0.53855 0.02656 0.05669
0 0.64844 0.54195 0.02500 0.05442
0 0.62891 0.54875 0.02344 0.05442
0 0.60859 0.55329 0.02344 0.05442
0 0.58906 0.55782 0.02188 0.05442
0 0.57031 0.56236 0.02500 0.05442
0 0.55000 0.56916 0.02188 0.05896
0 0.53281 0.56916 0.02188 0.05896
0 0.71641 0.36735 0.02656 0.02268
0 0.69062 0.36962 0.02812 0.03175
0 0.68828 0.40249 0.02656 0.04762
0 0.71172 0.40136 0.02969 0.04535
0 0.73672 0.39229 0.02656 0.03628
0 0.75859 0.40136 0.01719 0.04082
0 0.75937 0.43311 0.01875 0.04082
0 0.73672 0.42970 0.02656 0.05215
0 0.71250 0.43197 0.02812 0.04308
0 0.68828 0.43764 0.02656 0.04989
0 0.66641 0.37642 0.02031 0.03175
0 0.64844 0.38435 0.01562 0.02948
0 0.63047 0.38322 0.02031 0.03175
0 0.60938 0.38662 0.02188 0.02948
0 0.58984 0.39116 0.02031 0.02948
0 0.66406 0.41157 0.02500 0.04762
0 0.64297 0.41497 0.02344 0.04535
0 0.62188 0.41723 0.01875 0.04082
0 0.60391 0.42404 0.02344 0.04989
0 0.58516 0.42404 0.02344 0.04535
0 0.66875 0.44671 0.02188 0.04535
0 0.64688 0.45125 0.02187 0.04535
0 0.62656 0.45692 0.02500 0.04762
0 0.60625 0.46032 0.02188 0.04535
0 0.58828 0.46259 0.02031 0.04535
0 0.57031 0.39796 0.01875 0.03401
0 0.55156 0.40136 0.02188 0.03628
0 0.56641 0.42971 0.02031 0.04308
0 0.54844 0.43311 0.02188 0.04082
0 0.53359 0.40590 0.01719 0.03628
0 0.51641 0.40703 0.02031 0.03401
0 0.49609 0.40930 0.02344 0.03401
0 0.47813 0.41723 0.01875 0.03628
0 0.46016 0.41950 0.02031 0.03175
0 0.44063 0.42290 0.02500 0.03401
0 0.42109 0.42857 0.02031 0.03628
0 0.40312 0.43084 0.02187 0.03628
0 0.38047 0.43991 0.02031 0.04082
0 0.36250 0.44444 0.01875 0.04082
0 0.34531 0.45125 0.01875 0.04535
0 0.52734 0.43651 0.02031 0.04308
0 0.50859 0.43651 0.02344 0.04308
0 0.48906 0.44331 0.02187 0.04762
0 0.46875 0.44785 0.01875 0.05215
0 0.45234 0.45011 0.01719 0.04308
0 0.43437 0.45351 0.01875 0.04535
0 0.41563 0.45465 0.01875 0.03855
0 0.39688 0.46372 0.02187 0.04762
0 0.37344 0.46599 0.02500 0.03401
0 0.35156 0.47392 0.01875 0.04082
0 0.75547 0.46599 0.02344 0.04762
0 0.73047 0.47392 0.02969 0.05442
0 0.70547 0.47846 0.02344 0.05896
0 0.68281 0.48640 0.02500 0.05669
0 0.66328 0.48980 0.02031 0.04989
0 0.64375 0.49433 0.02188 0.04989
0 0.62422 0.49887 0.02656 0.04989
0 0.60469 0.50227 0.02188 0.05215
0 0.58672 0.50907 0.02344 0.05215
0 0.56875 0.47052 0.02187 0.04762
0 0.55234 0.47619 0.02031 0.05442
0 0.53047 0.48073 0.02031 0.05442
0 0.51250 0.48073 0.02500 0.05896
0 0.49453 0.48073 0.02031 0.04989
0 0.47578 0.48299 0.02031 0.04989
0 0.45859 0.48753 0.02031 0.04989
0 0.44141 0.48866 0.02344 0.04762
0 0.42031 0.49320 0.02500 0.05215
0 0.40000 0.49546 0.02187 0.05215
0 0.38125 0.50000 0.01875 0.05215
0 0.36562 0.50340 0.01875 0.04989
0 0.32422 0.45238 0.02656 0.03401
0 0.32969 0.47506 0.02813 0.02948
0 0.30000 0.45805 0.02500 0.03175
0 0.30937 0.47732 0.01562 0.02494
0 0.29297 0.48526 0.02031 0.03628
0 0.56563 0.51247 0.02500 0.04989
0 0.54609 0.51814 0.02031 0.04762
0 0.52656 0.52154 0.01875 0.04535
0 0.50781 0.52494 0.02187 0.04762
0 0.48984 0.52721 0.02031 0.04762
0 0.47109 0.52948 0.02031 0.05215
0 0.45391 0.53288 0.02031 0.04989
0 0.43594 0.53515 0.02187 0.05442
0 0.41641 0.53968 0.02031 0.05442
0 0.39766 0.54082 0.02656 0.05215
0 0.34141 0.55102 0.01094 0.03628
0 0.34766 0.51020 0.02344 0.04989
0 0.32969 0.51247 0.02500 0.05896
0 0.31172 0.51474 0.01719 0.05442
0 0.37813 0.54875 0.02187 0.04989
0 0.35781 0.55102 0.02500 0.05442
0 0.32578 0.55782 0.02656 0.04535
0 0.50937 0.62132 0.02187 0.05442
0 0.51094 0.57143 0.02188 0.05442
0 0.49375 0.57710 0.01875 0.05669
0 0.47656 0.58050 0.02188 0.05442
0 0.45859 0.58390 0.02031 0.05669
0 0.44219 0.58957 0.02188 0.06349
0 0.42188 0.59070 0.02500 0.05669
0 0.40156 0.59297 0.01875 0.05215
0 0.38516 0.59637 0.01719 0.05442
0 0.49063 0.62585 0.02500 0.04989
0 0.47109 0.62925 0.02031 0.05215
0 0.45312 0.62812 0.02188 0.04989
0 0.43516 0.63492 0.02344 0.04535
0 0.41875 0.63832 0.02187 0.04762
0 0.39766 0.63946 0.02031 0.04535
0 0.37891 0.64286 0.02031 0.04762
0 0.36719 0.59751 0.02187 0.05669
0 0.35938 0.64399 0.01875 0.05442
0 0.34609 0.59524 0.02031 0.05669
0 0.33125 0.60091 0.02187 0.05442
0 0.34219 0.64512 0.01875 0.05215
0 0.32422 0.64626 0.02344 0.04535
0 0.30625 0.64853 0.01562 0.04535
0 0.31172 0.60091 0.02031 0.05442
0 0.30078 0.56009 0.02344 0.04535
0 0.29453 0.52041 0.02031 0.06122
0 0.27266 0.45692 0.01719 0.03401
0 0.27969 0.46032 0.01875 0.03175
0 0.27187 0.48866 0.01875 0.03855
0 0.27734 0.52041 0.01719 0.04762
0 0.27656 0.56009 0.02812 0.04535
0 0.29297 0.60431 0.02031 0.06122
0 0.27578 0.60884 0.02031 0.05215
0 0.28906 0.65306 0.02187 0.04535
0 0.28828 0.67914 0.02031 0.01587
0 0.26875 0.68481 0.01875 0.02268
0 0.26875 0.65193 0.02187 0.04308
0 0.25703 0.60771 0.02031 0.05442
0 0.25156 0.56009 0.02500 0.04989
0 0.26016 0.53061 0.02031 0.02268
0 0.25781 0.51020 0.02188 0.03628
0 0.25313 0.48299 0.01875 0.02721
0 0.25703 0.45805 0.02344 0.02721
0 0.23828 0.45918 0.02031 0.02041
0 0.21875 0.46485 0.01562 0.01814
0 0.23047 0.47166 0.02656 0.02268
0 0.23516 0.49093 0.02344 0.03855
0 0.23828 0.52381 0.02656 0.04535
0 0.20469 0.48073 0.02500 0.03628
0 0.21484 0.49887 0.02344 0.03628
0 0.21719 0.52608 0.01875 0.04535
0 0.22969 0.56463 0.02188 0.04535
0 0.23594 0.60884 0.02500 0.05669
0 0.24922 0.64966 0.02031 0.03855
0 0.25000 0.68254 0.02188 0.02721
0 0.23047 0.68821 0.02031 0.02948
0 0.22813 0.65306 0.02500 0.04082
0 0.21719 0.61111 0.01875 0.05215
0 0.21094 0.56689 0.02500 0.04082
0 0.20000 0.53175 0.02500 0.05215
0 0.19219 0.50340 0.02188 0.03175
0 0.18125 0.48526 0.02500 0.03175
0 0.13047 0.50113 0.02344 0.01361
0 0.15703 0.49773 0.03281 0.02948
0 0.16953 0.51247 0.02656 0.04082
0 0.17734 0.53855 0.02344 0.04762
0 0.18984 0.57256 0.02344 0.04308
0 0.19766 0.61111 0.02031 0.05215
0 0.20547 0.65306 0.02031 0.04082
0 0.21328 0.68821 0.01406 0.03401
0 0.12656 0.52494 0.02812 0.04308
0 0.14453 0.53061 0.02656 0.04535
0 0.15156 0.55102 0.02500 0.04535
0 0.16563 0.57937 0.02500 0.04308
0 0.14687 0.59070 0.02188 0.04308
0 0.17500 0.61451 0.02500 0.04535
0 0.16094 0.62698 0.02188 0.05215
0 0.18281 0.65079 0.02500 0.03175
0 0.19297 0.68367 0.02656 0.04308
0 0.17812 0.70068 0.02500 0.03175
0 0.16563 0.67120 0.03125 0.04082
0 0.15391 0.68708 0.02344 0.03628
0 0.13203 0.67800 0.03281 0.04082
0 0.09766 0.68254 0.03281 0.02721
0 0.09922 0.66326 0.02656 0.04308
0 0.11953 0.65079 0.02969 0.04989
0 0.13750 0.63605 0.02812 0.05215
0 0.12422 0.59977 0.03281 0.04308
0 0.10078 0.62132 0.03281 0.04989
