0 0.40820 0.56328 0.01484 0.01510
0 0.41719 0.55052 0.01875 0.01250
0 0.39023 0.57161 0.02422 0.00990
0 0.39883 0.55990 0.02266 0.01562
0 0.40625 0.54583 0.02812 0.01667
0 0.32305 0.55963 0.02734 0.00781
0 0.30117 0.55104 0.03516 0.01875
0 0.33906 0.55182 0.04375 0.02240
0 0.37266 0.56302 0.03281 0.01458
0 0.37813 0.55182 0.03906 0.01719
0 0.36953 0.41224 0.01406 0.00885
0 0.36406 0.42240 0.01875 0.01667
0 0.35352 0.43307 0.01953 0.01302
0 0.34883 0.44271 0.01328 0.00729
0 0.30820 0.53776 0.03672 0.01615
0 0.31016 0.52526 0.03437 0.01927
0 0.31836 0.51198 0.03203 0.01771
0 0.32773 0.50052 0.03359 0.01979
0 0.33359 0.48776 0.02969 0.01927
0 0.34102 0.47500 0.02578 0.01562
0 0.34922 0.46354 0.02969 0.01562
0 0.35898 0.45078 0.03516 0.01719
0 0.42617 0.53776 0.01953 0.01406
0 0.43633 0.52578 0.01953 0.01094
0 0.44414 0.51458 0.01484 0.01146
0 0.44922 0.50234 0.02031 0.01302
0 0.45781 0.49063 0.02188 0.01146
0 0.46797 0.47943 0.01406 0.01302
0 0.47539 0.46953 0.01953 0.01198
0 0.41250 0.53099 0.02969 0.01615
0 0.42266 0.51771 0.03125 0.01667
0 0.42930 0.50573 0.02734 0.01563
0 0.43594 0.49323 0.02656 0.01771
0 0.44531 0.48177 0.03125 0.01875
0 0.45273 0.47162 0.02891 0.01823
0 0.37930 0.53724 0.03828 0.01719
0 0.38398 0.52500 0.04141 0.01979
0 0.39023 0.51354 0.04141 0.02083
0 0.39922 0.50104 0.03906 0.01771
0 0.40469 0.48880 0.04219 0.02031
0 0.41406 0.47552 0.04063 0.01979
0 0.34492 0.54115 0.03984 0.01875
0 0.34336 0.52422 0.04297 0.01719
0 0.35039 0.51432 0.03828 0.01510
0 0.35938 0.50339 0.03906 0.02031
0 0.36562 0.48958 0.04219 0.01875
0 0.37266 0.47708 0.04063 0.01875
0 0.38203 0.46484 0.04063 0.02031
0 0.36797 0.43906 0.03125 0.01562
0 0.40312 0.37682 0.01875 0.01198
0 0.39336 0.38724 0.02422 0.01302
0 0.38555 0.40182 0.02422 0.01615
0 0.37930 0.42526 0.02891 0.01719
0 0.39102 0.41641 0.03516 0.01406
0 0.40703 0.40781 0.03125 0.01875
0 0.41250 0.39531 0.03281 0.02083
0 0.42031 0.38307 0.03125 0.01823
0 0.48438 0.45859 0.01875 0.01198
0 0.49375 0.44922 0.01875 0.01094
0 0.50195 0.43802 0.01797 0.01250
0 0.51289 0.42734 0.01797 0.01198
0 0.52070 0.41536 0.02109 0.01198
0 0.53008 0.40521 0.01797 0.01458
0 0.53672 0.39583 0.01875 0.01250
0 0.54805 0.38542 0.01953 0.01667
0 0.46211 0.46042 0.02734 0.01667
0 0.47148 0.45078 0.02891 0.01719
0 0.48398 0.43932 0.02578 0.01719
0 0.49180 0.42812 0.02734 0.01875
0 0.50156 0.41745 0.02812 0.01927
0 0.51055 0.40495 0.02422 0.01719
0 0.51719 0.39453 0.02344 0.02031
0 0.39336 0.45391 0.03984 0.02135
0 0.40156 0.44349 0.03906 0.02344
0 0.41172 0.43229 0.03906 0.02396
0 0.42656 0.42162 0.03750 0.02448
0 0.43984 0.41042 0.03438 0.02083
0 0.44648 0.39714 0.03828 0.02031
0 0.45469 0.38776 0.03906 0.01927
0 0.42578 0.46510 0.03594 0.01667
0 0.43125 0.45391 0.03750 0.02135
0 0.44453 0.44349 0.03594 0.02031
0 0.45586 0.43333 0.03359 0.02187
0 0.46523 0.42292 0.03047 0.01875
0 0.47266 0.41068 0.03437 0.02031
0 0.48203 0.40000 0.03594 0.01979
0 0.49023 0.38906 0.03516 0.01875
0 0.49805 0.37760 0.03516 0.01979
0 0.52734 0.38542 0.02344 0.01667
0 0.53555 0.37630 0.02578 0.01927
0 0.55781 0.37656 0.01875 0.01354
0 0.41094 0.36589 0.01719 0.01615
0 0.42383 0.35729 0.01953 0.01354
0 0.43281 0.34662 0.01875 0.01198
0 0.44336 0.33698 0.02266 0.01354
0 0.45312 0.32552 0.02188 0.01250
0 0.46172 0.31615 0.02187 0.01146
0 0.47070 0.30703 0.01953 0.00990
0 0.48320 0.29792 0.02422 0.01250
0 0.49492 0.28802 0.02266 0.01042
0 0.50664 0.27865 0.02422 0.01146
0 0.56367 0.23412 0.01953 0.01198
0 0.55117 0.24115 0.02109 0.01042
0 0.53750 0.25078 0.02031 0.01094
0 0.52891 0.26016 0.02188 0.01302
0 0.51836 0.26927 0.02266 0.01042
0 0.56797 0.36562 0.01875 0.01458
0 0.57773 0.35573 0.01797 0.01354
0 0.58672 0.34662 0.01875 0.01198
0 0.59648 0.33646 0.01641 0.01354
0 0.60508 0.32682 0.01797 0.01406
0 0.61289 0.31901 0.02109 0.01302
0 0.62266 0.30807 0.01875 0.01406
0 0.63086 0.29922 0.01953 0.01406
0 0.64102 0.28958 0.01797 0.01458
0 0.65078 0.27760 0.01719 0.01354
0 0.67930 0.24792 0.01328 0.01146
0 0.67031 0.25755 0.01562 0.01302
0 0.66094 0.26562 0.01562 0.01458
0 0.54688 0.36536 0.02500 0.01823
0 0.55703 0.35599 0.02656 0.01927
0 0.56523 0.34505 0.02422 0.01823
0 0.57500 0.33464 0.02969 0.02031
0 0.58359 0.32578 0.02812 0.02135
0 0.58984 0.31667 0.02969 0.01562
0 0.60273 0.30729 0.02422 0.01771
0 0.61172 0.29557 0.02344 0.01927
0 0.62187 0.28620 0.02500 0.01823
0 0.63203 0.27682 0.02344 0.01823
0 0.64180 0.26667 0.02422 0.01771
0 0.50859 0.36979 0.03438 0.01667
0 0.51758 0.35729 0.03984 0.02292
0 0.52969 0.34922 0.03438 0.01719
0 0.53789 0.33672 0.03516 0.02135
0 0.54844 0.32604 0.02969 0.02083
0 0.56016 0.31458 0.02969 0.01979
0 0.57695 0.30208 0.03359 0.02083
0 0.58789 0.28958 0.03203 0.01875
0 0.59648 0.27891 0.03203 0.01615
0 0.60742 0.26849 0.03359 0.01823
0 0.61797 0.25964 0.02969 0.01719
0 0.43164 0.37135 0.03516 0.01667
0 0.43984 0.36172 0.03438 0.01615
0 0.44922 0.35208 0.03281 0.01771
0 0.45977 0.34010 0.03203 0.01562
0 0.46875 0.32995 0.03125 0.01615
0 0.48125 0.31979 0.03281 0.01562
0 0.49219 0.31042 0.03125 0.01562
0 0.50586 0.30130 0.03203 0.01615
0 0.51602 0.29219 0.03203 0.01458
0 0.52539 0.28359 0.03047 0.01510
0 0.53555 0.27344 0.03047 0.01458
0 0.54570 0.26328 0.03047 0.01406
0 0.55937 0.25287 0.02969 0.01615
0 0.46406 0.37448 0.03437 0.01667
0 0.47305 0.36562 0.03516 0.01771
0 0.48164 0.35599 0.03359 0.01823
0 0.49062 0.34583 0.03594 0.01979
0 0.50195 0.33620 0.03984 0.02031
0 0.51172 0.32552 0.03281 0.01875
0 0.52109 0.31719 0.03594 0.01875
0 0.53359 0.30703 0.03125 0.01927
0 0.54570 0.29662 0.03203 0.01927
0 0.55586 0.28672 0.03203 0.01823
0 0.56406 0.27604 0.03438 0.01667
0 0.57266 0.26615 0.02812 0.01458
0 0.65195 0.25677 0.02109 0.01667
0 0.66055 0.24740 0.02422 0.01771
0 0.68594 0.23646 0.01562 0.01354
0 0.67109 0.23802 0.02031 0.01458
0 0.62656 0.25078 0.03281 0.01719
0 0.63750 0.24037 0.03125 0.01823
0 0.59805 0.21745 0.02891 0.00990
0 0.58086 0.22500 0.02109 0.00937
0 0.57305 0.24297 0.02266 0.01406
0 0.58398 0.23463 0.02578 0.01510
0 0.60000 0.22708 0.02344 0.01354
0 0.58516 0.25651 0.02656 0.01823
0 0.59648 0.24948 0.02734 0.01771
0 0.60898 0.23932 0.02734 0.01615
0 0.62109 0.22943 0.02500 0.01719
0 0.65156 0.23203 0.02500 0.01719
0 0.63008 0.22292 0.02891 0.01667
0 0.62266 0.20104 0.02188 0.00938
0 0.60781 0.20964 0.02344 0.01094
0 0.61992 0.21354 0.02891 0.01562
0 0.68672 0.22057 0.01406 0.01719
0 0.67773 0.22839 0.01953 0.01406
0 0.64883 0.19818 0.02422 0.00677
0 0.63828 0.20495 0.02656 0.01406
0 0.66250 0.22240 0.02344 0.01667
0 0.67539 0.21484 0.02109 0.01302
0 0.67383 0.20338 0.02422 0.01302
0 0.66016 0.20703 0.02188 0.01510
0 0.64570 0.21562 0.02266 0.01458
0 0.67305 0.19297 0.02109 0.01198
