0 0.88133 0.36865 0.03032 0.01790
0 0.84950 0.36230 0.03681 0.01905
0 0.81919 0.35797 0.02295 0.01039
0 0.79537 0.35710 0.01776 0.00982
0 0.70918 0.36287 0.01429 0.00982
0 0.73170 0.36085 0.02295 0.01155
0 0.75617 0.36201 0.02252 0.01963
0 0.77956 0.36490 0.02772 0.02540
0 0.80511 0.37038 0.02685 0.02829
0 0.83023 0.37211 0.02858 0.02829
0 0.85383 0.37789 0.03421 0.02483
0 0.90710 0.38972 0.02209 0.02656
0 0.90169 0.47084 0.01126 0.01790
0 0.90537 0.45150 0.01862 0.02887
0 0.91663 0.43274 0.01776 0.02136
0 0.91187 0.41772 0.02382 0.03984
0 0.88545 0.39001 0.03595 0.03176
0 0.87332 0.40271 0.02902 0.03984
0 0.84582 0.39550 0.02858 0.03695
0 0.81745 0.39492 0.02988 0.03926
0 0.79363 0.39492 0.02122 0.03811
0 0.77133 0.38164 0.02685 0.03002
0 0.74556 0.37471 0.02728 0.02771
0 0.72152 0.37298 0.02425 0.02887
0 0.69727 0.37182 0.02512 0.02656
0 0.78151 0.41166 0.02902 0.03464
0 0.75509 0.40647 0.02728 0.04388
0 0.72954 0.39752 0.02642 0.03637
0 0.70593 0.39463 0.02685 0.03406
0 0.89086 0.42465 0.03725 0.03984
0 0.88653 0.47864 0.02252 0.02540
0 0.86076 0.49625 0.02902 0.02021
0 0.84041 0.49798 0.02728 0.01905
0 0.70615 0.53551 0.02122 0.00982
0 0.68666 0.53753 0.01949 0.01386
0 0.75076 0.51992 0.02122 0.02021
0 0.72780 0.52223 0.02815 0.02483
0 0.70615 0.52310 0.02469 0.02540
0 0.88653 0.45785 0.02772 0.04273
0 0.86271 0.47864 0.03032 0.03002
0 0.83564 0.48355 0.02988 0.03291
0 0.81485 0.50000 0.02382 0.03118
0 0.79407 0.50318 0.02295 0.03522
0 0.74859 0.50087 0.02555 0.03406
0 0.72737 0.49654 0.02209 0.03926
0 0.70615 0.49567 0.02555 0.04099
0 0.86314 0.44861 0.02945 0.03811
0 0.83737 0.45496 0.02728 0.03118
0 0.81291 0.46911 0.02599 0.03753
0 0.79017 0.47344 0.02555 0.03811
0 0.76592 0.47315 0.02555 0.03753
0 0.74426 0.46709 0.02815 0.04503
0 0.72044 0.46189 0.02555 0.04503
0 0.69944 0.46016 0.02339 0.04388
0 0.85318 0.42610 0.02772 0.03695
0 0.82785 0.42783 0.03162 0.04273
0 0.80793 0.43822 0.02728 0.04388
0 0.78649 0.44053 0.02599 0.03695
0 0.76483 0.43822 0.02599 0.03695
0 0.73928 0.43129 0.02599 0.03811
0 0.71784 0.42667 0.02815 0.03811
0 0.69640 0.42350 0.02685 0.04099
0 0.66652 0.53897 0.02252 0.01790
0 0.64443 0.54099 0.02425 0.02194
0 0.62213 0.54301 0.02469 0.01905
0 0.59853 0.54244 0.02425 0.02714
0 0.57428 0.54965 0.02512 0.02079
0 0.54937 0.54850 0.02209 0.02540
0 0.52945 0.54763 0.02209 0.02714
0 0.50736 0.55023 0.02469 0.02887
0 0.48766 0.55081 0.02165 0.02656
0 0.46752 0.55167 0.02382 0.02714
0 0.44456 0.55139 0.02902 0.02887
0 0.68363 0.52281 0.02728 0.02945
0 0.65959 0.52223 0.02425 0.03060
0 0.63729 0.52396 0.02382 0.03406
0 0.61390 0.52714 0.02555 0.03349
0 0.58900 0.52916 0.02425 0.03406
0 0.56626 0.52829 0.02469 0.03811
0 0.54396 0.52887 0.02339 0.03580
0 0.52274 0.53002 0.02425 0.03811
0 0.49870 0.52714 0.02555 0.04157
0 0.47986 0.52742 0.02252 0.03522
0 0.45972 0.52483 0.02469 0.04042
0 0.67302 0.36749 0.02425 0.02021
0 0.65028 0.36980 0.02555 0.02367
0 0.62690 0.37211 0.01776 0.01674
0 0.60849 0.37182 0.02858 0.01848
0 0.58640 0.37471 0.02512 0.01848
0 0.56453 0.37616 0.02382 0.02252
0 0.54136 0.37558 0.02599 0.02021
0 0.51927 0.37673 0.02599 0.02136
0 0.49740 0.37789 0.02555 0.01674
0 0.47380 0.37846 0.02252 0.01790
0 0.45041 0.37846 0.02772 0.01674
0 0.68341 0.39203 0.02339 0.03811
0 0.66198 0.38972 0.02469 0.03695
0 0.63707 0.38741 0.02599 0.03464
0 0.61585 0.39117 0.02599 0.03406
0 0.59528 0.39030 0.02555 0.03002
0 0.57211 0.39088 0.02599 0.02887
0 0.54851 0.39290 0.02382 0.02829
0 0.52750 0.39261 0.02425 0.02425
0 0.50628 0.39174 0.02339 0.02367
0 0.48419 0.39174 0.02425 0.02483
0 0.46167 0.39145 0.02425 0.02194
0 0.67280 0.42032 0.02295 0.03695
0 0.65071 0.41946 0.02382 0.04099
0 0.62949 0.42004 0.02642 0.04099
0 0.60719 0.42119 0.02599 0.04446
0 0.58467 0.42119 0.02772 0.04561
0 0.56128 0.42148 0.02512 0.04388
0 0.53681 0.41975 0.02815 0.04734
0 0.51299 0.41888 0.02295 0.04215
0 0.49134 0.41686 0.02469 0.03926
0 0.46838 0.41455 0.02295 0.03811
0 0.67605 0.46016 0.03032 0.05081
0 0.65201 0.45987 0.02382 0.04792
0 0.63036 0.45930 0.02555 0.04908
0 0.60914 0.46391 0.02469 0.05485
0 0.58597 0.46218 0.02685 0.04908
0 0.56540 0.46391 0.02382 0.05023
0 0.54288 0.45958 0.02902 0.05081
0 0.51559 0.46074 0.02988 0.05196
0 0.49112 0.45381 0.03032 0.04850
0 0.46579 0.45208 0.03248 0.04157
0 0.68385 0.49596 0.02685 0.03811
0 0.66241 0.49394 0.02555 0.03753
0 0.64054 0.49596 0.02339 0.04157
0 0.61888 0.49740 0.02339 0.04099
0 0.59680 0.50000 0.02425 0.04042
0 0.57449 0.50029 0.02555 0.04215
0 0.55219 0.49596 0.02512 0.03926
0 0.53010 0.49856 0.02339 0.04215
0 0.50671 0.49538 0.02599 0.04388
0 0.48203 0.49278 0.02599 0.05023
0 0.45994 0.48787 0.02252 0.04503
0 0.40537 0.56380 0.01992 0.01443
0 0.38610 0.56149 0.02122 0.01905
0 0.36531 0.56409 0.02295 0.02079
0 0.34431 0.56293 0.02252 0.02079
0 0.32330 0.56120 0.01949 0.02079
0 0.30468 0.55918 0.02209 0.02483
0 0.28324 0.55860 0.02512 0.01905
0 0.42334 0.55110 0.02382 0.02136
0 0.40494 0.54561 0.02339 0.02771
0 0.38372 0.54359 0.02425 0.03406
0 0.36271 0.54272 0.02469 0.03464
0 0.34365 0.54244 0.02382 0.03060
0 0.32243 0.53811 0.01949 0.04273
0 0.30273 0.54244 0.02079 0.03753
0 0.28411 0.53926 0.02425 0.03349
0 0.26223 0.54157 0.02295 0.03233
0 0.23798 0.53493 0.02295 0.03868
0 0.38935 0.37702 0.02079 0.01155
0 0.41187 0.37587 0.02858 0.01501
0 0.43027 0.38020 0.01343 0.01097
0 0.44045 0.39001 0.01906 0.02367
0 0.41945 0.39059 0.02382 0.02714
0 0.39779 0.38886 0.02295 0.02367
0 0.37029 0.37731 0.02079 0.00982
0 0.34907 0.37644 0.01039 0.00693
0 0.27653 0.37529 0.01862 0.00808
0 0.29342 0.37875 0.02382 0.01386
0 0.31312 0.37991 0.02599 0.01848
0 0.33478 0.38279 0.02512 0.02194
0 0.35578 0.38655 0.02122 0.02367
0 0.37635 0.39088 0.02512 0.02540
0 0.44825 0.41744 0.02165 0.04850
0 0.42724 0.41772 0.02469 0.04677
0 0.40645 0.41108 0.02209 0.03926
0 0.38437 0.41253 0.02555 0.03984
0 0.36271 0.41166 0.02209 0.03233
0 0.34192 0.40300 0.02555 0.03464
0 0.24794 0.38510 0.02469 0.01848
0 0.25942 0.38626 0.02945 0.02194
0 0.27869 0.39463 0.02728 0.03406
0 0.30035 0.39781 0.02295 0.03349
0 0.32070 0.40214 0.02382 0.03522
0 0.43590 0.45352 0.02728 0.04330
0 0.40819 0.44890 0.02815 0.04677
0 0.38372 0.44659 0.02512 0.04215
0 0.32287 0.43620 0.02295 0.04677
0 0.34279 0.43995 0.02469 0.04965
0 0.36163 0.44573 0.02425 0.04734
0 0.43417 0.52512 0.02902 0.04446
0 0.41403 0.52338 0.02685 0.03868
0 0.38956 0.52281 0.02642 0.03406
0 0.35795 0.52050 0.02988 0.03984
0 0.33348 0.51386 0.02252 0.04503
0 0.31269 0.51415 0.02079 0.04561
0 0.29168 0.51155 0.02209 0.04503
0 0.30013 0.43129 0.02512 0.04388
0 0.27718 0.42465 0.02772 0.04099
0 0.23452 0.41137 0.02382 0.04099
0 0.25271 0.41080 0.03075 0.03522
0 0.21893 0.48816 0.02555 0.04330
0 0.22867 0.49711 0.02165 0.04503
0 0.24989 0.50981 0.02685 0.04619
0 0.26981 0.50433 0.02685 0.05023
0 0.21741 0.44486 0.01559 0.03406
0 0.25336 0.43389 0.02858 0.03522
0 0.43958 0.48961 0.02339 0.04273
0 0.41728 0.48614 0.02469 0.04965
0 0.39259 0.48557 0.02642 0.04503
0 0.36986 0.48845 0.02252 0.04619
0 0.34864 0.48066 0.02599 0.04330
0 0.32720 0.47488 0.02295 0.04561
0 0.30533 0.47286 0.02599 0.05081
0 0.28649 0.46218 0.02382 0.04561
0 0.26743 0.45987 0.02382 0.04677
0 0.23062 0.44804 0.02642 0.04273
0 0.24556 0.47286 0.02599 0.04388
