0 0.50139 0.27448 0.03056 0.01562
0 0.47465 0.26172 0.03542 0.01927
0 0.47465 0.23906 0.03125 0.01354
0 0.54375 0.25911 0.03194 0.01510
0 0.50799 0.25677 0.03125 0.01562
0 0.35590 0.18568 0.02014 0.02344
0 0.35208 0.22630 0.02917 0.01927
0 0.35729 0.20729 0.02431 0.02292
0 0.38056 0.22109 0.01806 0.02552
0 0.33819 0.27240 0.01111 0.01458
0 0.33542 0.25521 0.00694 0.01458
0 0.37951 0.24583 0.02847 0.02292
0 0.35243 0.24635 0.02847 0.02292
0 0.35382 0.26641 0.02431 0.02031
0 0.38194 0.26771 0.02917 0.02083
0 0.41944 0.26042 0.03750 0.02083
0 0.42014 0.28125 0.03472 0.01979
0 0.46354 0.27995 0.03819 0.01719
0 0.50278 0.29089 0.03056 0.01927
0 0.53993 0.29583 0.02986 0.01875
0 0.55521 0.30625 0.01736 0.01771
0 0.53715 0.31589 0.02847 0.01719
0 0.50382 0.31406 0.03681 0.02187
0 0.46458 0.30260 0.04028 0.01875
0 0.41771 0.30260 0.04097 0.01979
0 0.38194 0.29036 0.03056 0.01927
0 0.35486 0.28776 0.02361 0.02135
0 0.33611 0.29505 0.01806 0.02240
0 0.33681 0.31797 0.01806 0.02448
0 0.35590 0.30963 0.02847 0.02448
0 0.33889 0.34036 0.01111 0.02135
0 0.33576 0.36146 0.01042 0.01875
0 0.33715 0.38411 0.01458 0.02448
0 0.34965 0.37318 0.02292 0.02240
0 0.35104 0.35156 0.02569 0.02396
0 0.35694 0.33047 0.02361 0.01823
0 0.38264 0.31146 0.03194 0.02396
0 0.38368 0.33047 0.03125 0.01823
0 0.38056 0.35000 0.04167 0.02708
0 0.41840 0.34219 0.03958 0.01979
0 0.42014 0.32318 0.03889 0.02031
0 0.46389 0.32344 0.03889 0.01979
0 0.50451 0.33542 0.03681 0.01979
0 0.55243 0.32500 0.02014 0.01562
0 0.53438 0.33385 0.02847 0.01979
0 0.55208 0.34531 0.01667 0.01875
0 0.56146 0.36198 0.01319 0.01979
0 0.55278 0.36536 0.01389 0.01615
0 0.53542 0.35521 0.03333 0.02187
0 0.50069 0.35573 0.03750 0.01875
0 0.46389 0.34427 0.04306 0.02187
0 0.55799 0.38203 0.01736 0.01823
0 0.54514 0.38724 0.02361 0.01719
0 0.52292 0.39531 0.01944 0.01771
0 0.53299 0.37760 0.03264 0.02292
0 0.50139 0.37500 0.03611 0.02188
0 0.46424 0.36536 0.03958 0.02240
0 0.42257 0.36484 0.04236 0.02448
0 0.34340 0.42552 0.01181 0.01771
0 0.34167 0.40599 0.01250 0.02031
0 0.35729 0.39323 0.02708 0.02083
0 0.38056 0.37682 0.03472 0.02240
0 0.35660 0.41094 0.02986 0.01875
0 0.49653 0.39557 0.03889 0.01927
0 0.46285 0.38750 0.03958 0.02083
0 0.42222 0.38646 0.04167 0.02187
0 0.38924 0.39635 0.03681 0.01875
0 0.39514 0.41719 0.03750 0.02187
0 0.42465 0.40755 0.03264 0.02135
0 0.46076 0.40729 0.03681 0.02292
0 0.55590 0.40208 0.01319 0.01979
0 0.54236 0.40521 0.02361 0.01979
0 0.55590 0.42109 0.01458 0.01510
0 0.55556 0.46641 0.01667 0.01927
0 0.55521 0.43932 0.01458 0.01615
0 0.54444 0.42760 0.02083 0.01875
0 0.52708 0.41797 0.02639 0.02344
0 0.49965 0.41484 0.03958 0.02240
0 0.36076 0.45260 0.03403 0.02187
0 0.36146 0.43229 0.03403 0.02187
0 0.39514 0.43906 0.03611 0.02083
0 0.43021 0.43255 0.03403 0.02760
0 0.46701 0.42838 0.03958 0.02135
0 0.54722 0.45026 0.02083 0.02240
0 0.53090 0.44063 0.02569 0.02500
0 0.49931 0.43724 0.03750 0.02656
0 0.45937 0.44974 0.04375 0.02135
0 0.40312 0.45938 0.04236 0.02292
0 0.36597 0.46641 0.03194 0.02656
0 0.35243 0.47865 0.01736 0.01875
0 0.35417 0.49844 0.01944 0.02292
0 0.37326 0.49193 0.02847 0.02448
0 0.40174 0.48516 0.02569 0.02552
0 0.43507 0.46953 0.03403 0.03385
0 0.46944 0.47188 0.04306 0.02500
0 0.50069 0.46068 0.03333 0.02344
0 0.52639 0.46588 0.02778 0.02240
0 0.54201 0.47474 0.02431 0.02135
0 0.55035 0.49115 0.01458 0.01458
0 0.55104 0.51354 0.01319 0.02396
0 0.53438 0.51588 0.02708 0.02344
0 0.53194 0.49687 0.03056 0.02292
0 0.51979 0.48776 0.01458 0.01510
0 0.50139 0.48438 0.03056 0.02396
0 0.46528 0.49609 0.03889 0.02031
0 0.42778 0.50208 0.03611 0.02396
0 0.39618 0.51146 0.03403 0.02500
0 0.37014 0.51641 0.02639 0.02344
0 0.35556 0.52292 0.01806 0.02812
0 0.36285 0.54713 0.01597 0.01927
0 0.37778 0.53854 0.03056 0.02604
0 0.50174 0.50573 0.03681 0.01979
0 0.46458 0.52240 0.03611 0.02708
0 0.43403 0.52630 0.03333 0.02656
0 0.41111 0.53828 0.03889 0.02969
0 0.38958 0.56432 0.03333 0.02656
0 0.53472 0.54531 0.01944 0.02083
0 0.52431 0.53281 0.02917 0.03229
0 0.49549 0.53073 0.03403 0.03021
0 0.45938 0.54635 0.03958 0.02188
0 0.42083 0.56068 0.04028 0.02760
0 0.40243 0.59323 0.02569 0.02083
0 0.41944 0.58594 0.02917 0.02292
0 0.50972 0.56016 0.03056 0.02448
0 0.48750 0.55287 0.02639 0.01823
0 0.47986 0.57083 0.03333 0.02604
0 0.44861 0.57292 0.03056 0.03333
