0 0.81611 0.76180 0.04561 0.01992
0 0.77165 0.73647 0.03868 0.02815
0 0.79734 0.72585 0.03926 0.02512
0 0.80398 0.74708 0.03291 0.02425
0 0.83487 0.74686 0.03118 0.02382
0 0.78118 0.75899 0.02771 0.02728
0 0.79272 0.77458 0.04965 0.02122
0 0.75635 0.76332 0.02656 0.03508
0 0.73787 0.74708 0.03349 0.01906
0 0.71507 0.74296 0.01905 0.01343
0 0.75000 0.72715 0.03811 0.02425
0 0.73730 0.71005 0.03118 0.02122
0 0.85162 0.73668 0.02887 0.02079
0 0.72229 0.73062 0.03118 0.02079
0 0.70958 0.71113 0.02887 0.02252
0 0.80283 0.70355 0.04099 0.02988
0 0.77079 0.70961 0.03580 0.02815
0 0.84296 0.72239 0.02194 0.01906
0 0.82333 0.73538 0.02771 0.02425
0 0.82650 0.71265 0.03406 0.02469
0 0.77829 0.68471 0.03811 0.02165
0 0.75116 0.69597 0.03233 0.02339
0 0.72084 0.69424 0.02945 0.02252
0 0.69688 0.69099 0.02194 0.02382
0 0.86576 0.71914 0.02483 0.02036
0 0.76155 0.66999 0.03464 0.02599
0 0.73701 0.67583 0.03176 0.02382
0 0.74278 0.65808 0.02136 0.01602
0 0.70554 0.67345 0.03464 0.02772
0 0.71709 0.65461 0.03464 0.02815
0 0.83314 0.68861 0.02887 0.02772
0 0.85450 0.70312 0.03002 0.02382
0 0.81178 0.68016 0.03349 0.02815
0 0.79215 0.66176 0.03464 0.02599
0 0.87298 0.68883 0.02309 0.02295
0 0.85739 0.68103 0.02887 0.02469
0 0.84296 0.66566 0.03002 0.02425
0 0.82448 0.65851 0.03118 0.02555
0 0.77223 0.64335 0.04908 0.03162
0 0.73874 0.63512 0.02945 0.03335
0 0.71103 0.62928 0.03522 0.02858
0 0.69053 0.64530 0.02656 0.02512
0 0.70814 0.60654 0.02714 0.02728
0 0.80601 0.64227 0.03349 0.02772
0 0.87067 0.65483 0.03002 0.03551
0 0.84786 0.64638 0.02945 0.02382
0 0.85826 0.63296 0.03176 0.01862
0 0.82939 0.63187 0.02714 0.02772
0 0.76848 0.62668 0.03580 0.02512
0 0.73787 0.61044 0.04042 0.02815
0 0.68909 0.61022 0.02136 0.02772
0 0.74769 0.58922 0.03349 0.02728
0 0.71622 0.59052 0.03176 0.02209
0 0.76617 0.57839 0.02425 0.02122
0 0.77252 0.60156 0.03580 0.02858
0 0.80370 0.61780 0.03002 0.02728
0 0.80081 0.59723 0.03811 0.02252
0 0.82766 0.60784 0.03060 0.02988
0 0.84700 0.61390 0.02425 0.02469
0 0.85479 0.60351 0.02829 0.02122
0 0.84613 0.58792 0.02483 0.01862
0 0.82217 0.58380 0.03002 0.02165
0 0.79157 0.58012 0.03233 0.02469
0 0.83891 0.56518 0.02656 0.02599
0 0.81380 0.56366 0.03176 0.02555
0 0.68736 0.58553 0.02945 0.02772
0 0.73210 0.56345 0.05081 0.03205
0 0.77627 0.55652 0.04561 0.03465
0 0.79879 0.54179 0.02714 0.02858
0 0.82275 0.54201 0.02540 0.02728
0 0.84065 0.54266 0.01617 0.02165
0 0.70612 0.56929 0.03233 0.02728
0 0.69428 0.54699 0.03753 0.02685
0 0.73037 0.54049 0.03926 0.03032
0 0.76472 0.53963 0.03637 0.02599
0 0.78868 0.52469 0.02656 0.02902
0 0.81524 0.52122 0.02771 0.02728
0 0.83545 0.52274 0.01270 0.02165
0 0.76848 0.51754 0.02887 0.02079
0 0.73701 0.52079 0.03637 0.02382
0 0.67783 0.52728 0.01848 0.02555
0 0.77627 0.50022 0.03291 0.02858
0 0.80052 0.50346 0.02136 0.02815
0 0.81755 0.49957 0.02309 0.02036
0 0.71622 0.50736 0.02829 0.02122
0 0.74307 0.49892 0.03695 0.02685
0 0.70208 0.52577 0.03580 0.02425
0 0.68909 0.50585 0.03406 0.02165
0 0.68447 0.49090 0.02714 0.01516
0 0.71478 0.48571 0.03695 0.02728
0 0.79157 0.48116 0.02309 0.02772
0 0.80427 0.47705 0.01732 0.02555
0 0.81871 0.47770 0.01732 0.02599
0 0.76472 0.47878 0.03406 0.03075
0 0.73845 0.47705 0.02540 0.02642
0 0.76126 0.46189 0.02714 0.01862
0 0.80254 0.44175 0.02656 0.01559
0 0.80716 0.45886 0.02194 0.02122
0 0.78580 0.45907 0.02425 0.02425
0 0.75173 0.44283 0.02887 0.02036
0 0.77656 0.43244 0.02771 0.02122
0 0.72575 0.45214 0.03349 0.02339
0 0.68764 0.46362 0.04734 0.03941
0 0.73643 0.42811 0.03060 0.03508
0 0.70872 0.43395 0.03291 0.02685
0 0.68216 0.44392 0.03176 0.02599
0 0.66657 0.46146 0.02367 0.03248
0 0.76559 0.41945 0.03349 0.02815
0 0.79619 0.42053 0.02887 0.02685
0 0.66137 0.43136 0.02136 0.03205
0 0.68389 0.41836 0.03637 0.02858
0 0.71593 0.41187 0.03233 0.02512
0 0.74769 0.39887 0.03580 0.03291
0 0.77252 0.39931 0.02887 0.02599
0 0.79590 0.40126 0.02367 0.01776
0 0.77338 0.38090 0.02483 0.02728
0 0.74509 0.37722 0.03406 0.02772
0 0.71825 0.38566 0.04042 0.03248
0 0.68880 0.39541 0.03695 0.02772
0 0.65820 0.41338 0.01848 0.01776
0 0.74452 0.35362 0.03637 0.02728
0 0.71767 0.35968 0.03233 0.03508
0 0.76963 0.35881 0.02425 0.02382
0 0.78984 0.37007 0.01732 0.02469
0 0.77945 0.34669 0.01963 0.02555
0 0.76097 0.33889 0.02079 0.02036
0 0.65560 0.39303 0.03637 0.02642
0 0.66051 0.37505 0.02540 0.02425
0 0.68736 0.37137 0.03176 0.03248
0 0.68187 0.35080 0.01963 0.01992
0 0.70439 0.34344 0.02887 0.03118
0 0.73470 0.33196 0.03753 0.02555
0 0.75924 0.31810 0.03118 0.02382
0 0.76415 0.30186 0.01328 0.01646
0 0.65820 0.35318 0.03233 0.02642
0 0.67841 0.33240 0.03349 0.02555
0 0.70497 0.31745 0.03233 0.02685
0 0.73383 0.30901 0.03118 0.02728
0 0.74538 0.29472 0.03118 0.02642
0 0.65675 0.33564 0.02829 0.01299
0 0.65445 0.31767 0.03753 0.02988
0 0.68274 0.30619 0.02945 0.03118
0 0.71334 0.29168 0.03984 0.03162
0 0.72835 0.27653 0.04215 0.02815
0 0.73787 0.25357 0.02194 0.02988
0 0.65300 0.29190 0.03811 0.03032
0 0.68620 0.28042 0.03753 0.02988
0 0.70958 0.26548 0.03002 0.02512
0 0.71853 0.24751 0.03984 0.02988
0 0.73095 0.22672 0.02309 0.02815
0 0.64174 0.26960 0.02829 0.03508
0 0.66542 0.26548 0.03291 0.02858
0 0.68736 0.24686 0.03637 0.04244
0 0.70381 0.22672 0.03233 0.03248
0 0.71767 0.21525 0.01848 0.01646
0 0.66484 0.24101 0.03060 0.02555
0 0.64117 0.24946 0.02483 0.02772
0 0.70843 0.20160 0.02771 0.01862
0 0.69226 0.21005 0.02887 0.01819
0 0.67119 0.21893 0.03291 0.02295
0 0.64261 0.22672 0.03118 0.01949
0 0.66628 0.20615 0.02887 0.02425
0 0.68880 0.19424 0.02771 0.01776
0 0.64088 0.20918 0.02425 0.02165
0 0.17061 0.73690 0.02829 0.02295
0 0.17639 0.72651 0.03176 0.02209
0 0.15647 0.75076 0.02309 0.01862
0 0.14261 0.73971 0.03233 0.02252
0 0.14925 0.71849 0.03060 0.02858
0 0.11634 0.74275 0.02483 0.01646
0 0.12009 0.72217 0.03002 0.02642
0 0.10364 0.73019 0.02714 0.02165
0 0.10190 0.70420 0.03060 0.02512
0 0.08256 0.71784 0.02771 0.02555
0 0.06438 0.72109 0.02136 0.02599
0 0.08487 0.68601 0.03233 0.02599
0 0.04850 0.72304 0.01501 0.01776
0 0.05716 0.69922 0.02309 0.02295
0 0.04561 0.70182 0.02540 0.02555
0 0.03002 0.68060 0.02425 0.02382
0 0.04042 0.67952 0.01386 0.01906
0 0.05687 0.67908 0.03060 0.02339
0 0.03666 0.66046 0.02136 0.01906
0 0.04186 0.64573 0.02136 0.02165
0 0.06264 0.66306 0.03637 0.01992
0 0.09238 0.66717 0.03464 0.02382
0 0.12616 0.69251 0.03060 0.02512
0 0.15560 0.70095 0.03060 0.02295
0 0.18072 0.71135 0.02887 0.02815
0 0.05745 0.64400 0.03637 0.02252
0 0.04879 0.62863 0.01328 0.01083
0 0.06293 0.62430 0.01963 0.02036
0 0.08834 0.64270 0.02309 0.02425
0 0.10537 0.65873 0.03291 0.02599
0 0.13048 0.66912 0.02771 0.02425
0 0.15531 0.68385 0.03464 0.02512
0 0.20612 0.71178 0.02887 0.02122
0 0.19457 0.69489 0.03233 0.01862
0 0.22344 0.70052 0.02887 0.01862
0 0.18793 0.67995 0.03176 0.01819
0 0.17408 0.66219 0.03522 0.02858
0 0.15271 0.64119 0.03522 0.02902
0 0.12009 0.62776 0.02887 0.02469
0 0.07679 0.61369 0.03002 0.02252
0 0.09902 0.61888 0.02252 0.02599
0 0.08747 0.59701 0.01674 0.02555
0 0.10710 0.59550 0.03406 0.02425
0 0.11923 0.60416 0.02714 0.02339
0 0.14145 0.61477 0.03580 0.02642
0 0.16686 0.62300 0.03233 0.02815
0 0.18707 0.63794 0.03464 0.02772
0 0.19602 0.61975 0.02829 0.02252
0 0.20670 0.66609 0.03580 0.02512
0 0.22575 0.64638 0.04850 0.02209
0 0.21940 0.68406 0.03233 0.02642
0 0.24913 0.68211 0.03291 0.02512
0 0.23759 0.66652 0.02829 0.02512
0 0.26386 0.66089 0.03695 0.01992
0 0.22286 0.61542 0.02887 0.02772
0 0.26299 0.64378 0.03406 0.02295
0 0.24480 0.63079 0.03464 0.02382
0 0.27714 0.61910 0.04503 0.02815
0 0.29561 0.64963 0.03811 0.02512
0 0.29099 0.63469 0.03118 0.02469
0 0.10768 0.57536 0.02945 0.02122
0 0.12904 0.57904 0.02598 0.02599
0 0.14088 0.58857 0.03118 0.02685
0 0.16859 0.59571 0.03002 0.02815
0 0.19717 0.59918 0.03522 0.02555
0 0.17090 0.56756 0.03002 0.02815
0 0.13337 0.55349 0.01963 0.02685
0 0.14925 0.55803 0.03291 0.02728
0 0.16801 0.53746 0.03926 0.02685
0 0.18389 0.54547 0.03060 0.02469
0 0.19717 0.57103 0.02945 0.02469
0 0.22402 0.58748 0.03233 0.02902
0 0.20785 0.55089 0.02540 0.02512
0 0.23239 0.56063 0.03291 0.02815
0 0.25635 0.61000 0.03695 0.02642
0 0.29301 0.61065 0.03522 0.02252
0 0.25722 0.58748 0.03291 0.02815
0 0.28349 0.59203 0.03002 0.02599
0 0.31524 0.62018 0.03233 0.01992
0 0.31495 0.59463 0.03868 0.02599
0 0.33574 0.60546 0.03522 0.01906
0 0.30398 0.57124 0.03406 0.02858
0 0.33574 0.57341 0.03753 0.03205
0 0.35075 0.58683 0.03176 0.01992
0 0.15387 0.53010 0.02252 0.02945
0 0.17205 0.51538 0.02540 0.02945
0 0.19919 0.52902 0.02656 0.02555
0 0.19371 0.51213 0.02483 0.02382
0 0.18938 0.49502 0.02540 0.01906
0 0.21622 0.51083 0.02252 0.02555
0 0.22460 0.53248 0.03118 0.02382
0 0.25231 0.54309 0.03349 0.02772
0 0.36634 0.56908 0.02598 0.01732
0 0.35075 0.55803 0.03406 0.02815
0 0.31784 0.54894 0.03637 0.02815
0 0.29099 0.53421 0.03233 0.02728
0 0.26963 0.51971 0.03002 0.02512
0 0.32044 0.52360 0.03811 0.02772
0 0.35248 0.53378 0.03753 0.02728
0 0.38279 0.55240 0.03118 0.01862
0 0.38972 0.57059 0.02771 0.02209
0 0.40416 0.55760 0.02425 0.01689
0 0.24076 0.50974 0.03580 0.03032
0 0.21103 0.49004 0.02136 0.02209
0 0.23383 0.48874 0.03002 0.02815
0 0.24394 0.46600 0.02714 0.02165
0 0.25202 0.48311 0.02252 0.02555
0 0.26732 0.49394 0.03349 0.02728
0 0.29561 0.50433 0.03580 0.02555
0 0.29272 0.47921 0.03002 0.02642
0 0.27367 0.46709 0.03118 0.02728
0 0.33054 0.49870 0.03984 0.02815
0 0.32015 0.47337 0.03291 0.02772
0 0.38684 0.53313 0.03349 0.02772
0 0.40878 0.54028 0.02079 0.02382
0 0.36143 0.51126 0.03811 0.02728
0 0.39694 0.51581 0.03522 0.02252
0 0.35162 0.47228 0.03118 0.02815
0 0.37731 0.48852 0.03637 0.02685
0 0.30167 0.45669 0.02945 0.02642
0 0.32910 0.45106 0.03349 0.02555
0 0.36201 0.44565 0.03464 0.02945
0 0.38251 0.46297 0.03637 0.02685
0 0.42898 0.50780 0.03118 0.02469
0 0.43216 0.52599 0.03176 0.01776
0 0.45728 0.50780 0.03002 0.01602
0 0.26790 0.44110 0.02771 0.02382
0 0.26732 0.38696 0.10624 0.11997
0 0.28868 0.42529 0.02540 0.02685
0 0.33314 0.43049 0.03349 0.02599
0 0.45872 0.49264 0.03753 0.01862
0 0.45496 0.47466 0.03695 0.02512
0 0.42061 0.47271 0.03868 0.02555
0 0.41368 0.45128 0.03406 0.02858
0 0.39174 0.43764 0.03291 0.02642
0 0.32333 0.41685 0.03002 0.02295
0 0.30485 0.40862 0.02194 0.02122
0 0.35681 0.41317 0.02771 0.02772
0 0.31091 0.39606 0.01443 0.02122
0 0.32737 0.38242 0.02425 0.01732
0 0.32621 0.39606 0.02425 0.02122
0 0.34873 0.39866 0.03695 0.02728
0 0.44053 0.45106 0.02887 0.02728
0 0.48614 0.48051 0.03118 0.01949
0 0.38741 0.41230 0.03580 0.02858
0 0.41917 0.41923 0.03695 0.03032
0 0.47229 0.44825 0.03695 0.02599
0 0.48845 0.46275 0.03349 0.02122
0 0.51068 0.46665 0.02367 0.01602
0 0.51039 0.44781 0.03695 0.02599
0 0.55196 0.43006 0.03002 0.02165
0 0.53695 0.44435 0.02771 0.02685
0 0.45930 0.42204 0.04099 0.02642
0 0.56409 0.41447 0.03002 0.02165
0 0.58516 0.38870 0.02598 0.03075
0 0.51068 0.41230 0.04099 0.02945
0 0.48268 0.40494 0.03695 0.03032
0 0.36952 0.38415 0.03002 0.02599
0 0.39492 0.38566 0.03002 0.02988
0 0.44948 0.39216 0.03753 0.02902
0 0.42581 0.38198 0.03984 0.02425
0 0.46103 0.36726 0.03637 0.02772
0 0.56207 0.40017 0.02945 0.02165
0 0.52281 0.38458 0.03868 0.03291
0 0.49711 0.37051 0.03811 0.02728
0 0.49192 0.31356 0.02887 0.01992
0 0.40445 0.36119 0.02829 0.02512
0 0.43158 0.35903 0.03176 0.02599
0 0.34209 0.37375 0.02483 0.02512
0 0.35248 0.37440 0.02829 0.02295
0 0.37356 0.36141 0.02656 0.02382
0 0.37038 0.35318 0.02252 0.01949
0 0.39521 0.34344 0.02714 0.02599
0 0.38914 0.33759 0.01963 0.02122
0 0.42004 0.33954 0.02367 0.02425
0 0.44428 0.33391 0.02945 0.03032
0 0.47286 0.32936 0.03233 0.03075
0 0.49856 0.34192 0.03522 0.03075
0 0.59007 0.35816 0.03695 0.02858
0 0.55427 0.37202 0.03349 0.02858
0 0.52858 0.35622 0.03637 0.02382
0 0.57246 0.34777 0.03522 0.02858
0 0.60566 0.33932 0.01617 0.02209
0 0.40271 0.32200 0.01212 0.02036
0 0.41513 0.32373 0.02194 0.02642
0 0.43764 0.31702 0.02540 0.02425
0 0.42956 0.30619 0.01732 0.01819
0 0.44746 0.29688 0.02194 0.02122
0 0.46334 0.31399 0.02829 0.02599
0 0.47979 0.27653 0.01732 0.01949
0 0.46391 0.29212 0.02598 0.02469
0 0.48759 0.29407 0.03291 0.02425
0 0.48845 0.27653 0.02425 0.01602
0 0.51588 0.26635 0.02945 0.01646
0 0.53147 0.25725 0.02136 0.01386
0 0.51155 0.28172 0.02887 0.02122
0 0.52165 0.29753 0.03753 0.02772
0 0.52771 0.31984 0.03233 0.02642
0 0.55658 0.30295 0.03926 0.02469
0 0.59238 0.32633 0.03233 0.02815
0 0.60479 0.29168 0.01443 0.02295
0 0.60624 0.31442 0.01848 0.03118
0 0.58689 0.30013 0.02945 0.02512
0 0.58487 0.27956 0.03349 0.02295
0 0.53926 0.27241 0.03233 0.01992
0 0.55110 0.28086 0.03406 0.02815
0 0.55745 0.25899 0.03406 0.02772
0 0.56005 0.32525 0.03233 0.02165
