0 0.62813 0.24844 0.07083 0.07344
0 0.58594 0.98633 0.02917 0.02734
0 0.55260 0.94961 0.05521 0.08047
0 0.68724 0.97578 0.05781 0.04844
0 0.86589 0.98633 0.03594 0.02734
0 0.81146 0.97031 0.07292 0.05937
0 0.96667 0.94805 0.06667 0.10391
0 0.98281 0.83555 0.03437 0.11484
0 0.95781 0.76445 0.08437 0.13516
0 0.53203 0.88945 0.05156 0.06328
0 0.50599 0.85117 0.06094 0.08672
0 0.48099 0.77891 0.06510 0.09844
0 0.44531 0.71758 0.06354 0.08984
0 0.41536 0.64727 0.07865 0.11016
0 0.38984 0.57891 0.08490 0.11250
0 0.36198 0.52031 0.06146 0.07344
0 0.63828 0.95352 0.09635 0.09297
0 0.60495 0.90312 0.09531 0.10312
0 0.58464 0.83398 0.09844 0.11172
0 0.55885 0.78047 0.09271 0.10156
0 0.53620 0.71719 0.10156 0.11719
0 0.50104 0.64258 0.10104 0.12422
0 0.47188 0.55977 0.08750 0.11484
0 0.34167 0.45039 0.09062 0.11328
0 0.42552 0.47070 0.09479 0.14766
0 0.40312 0.36016 0.09167 0.16250
0 0.91979 0.70078 0.07292 0.11719
0 0.88594 0.64258 0.06771 0.11641
0 0.84844 0.60273 0.07604 0.11484
0 0.81797 0.53945 0.07760 0.12578
0 0.77995 0.48125 0.07135 0.11406
0 0.75104 0.41992 0.07917 0.11797
0 0.71094 0.35391 0.07292 0.09688
0 0.67292 0.30391 0.06146 0.07812
0 0.92526 0.92266 0.09635 0.14688
0 0.88750 0.87969 0.08958 0.15312
0 0.86536 0.82617 0.09010 0.13672
0 0.83021 0.77383 0.10521 0.13359
0 0.80052 0.72578 0.09792 0.13750
0 0.76797 0.66797 0.09740 0.11875
0 0.73385 0.61211 0.10833 0.13672
0 0.70573 0.55273 0.09271 0.11641
0 0.68464 0.48789 0.10052 0.15703
0 0.65234 0.41875 0.10260 0.13594
0 0.61745 0.35508 0.09740 0.13516
0 0.57734 0.31172 0.09531 0.13750
0 0.77969 0.94336 0.09167 0.11328
0 0.74635 0.89375 0.09167 0.13750
0 0.71016 0.84336 0.09323 0.12266
0 0.68385 0.78672 0.09896 0.12031
0 0.65573 0.72031 0.09896 0.12969
0 0.63307 0.67773 0.09948 0.13516
0 0.60573 0.60898 0.10938 0.13203
0 0.57708 0.54414 0.10625 0.12734
0 0.54662 0.47461 0.10052 0.13828
0 0.50885 0.43203 0.10417 0.13594
0 0.48516 0.34688 0.09844 0.15156
0 0.54662 0.22852 0.09740 0.13203
0 0.45833 0.23789 0.08958 0.13516
0 0.25833 0.17227 0.06875 0.11953
0 0.28854 0.37813 0.07917 0.14219
0 0.34688 0.32656 0.09792 0.14844
0 0.40859 0.19961 0.07760 0.15234
0 0.32083 0.15430 0.07187 0.09453
0 0.26250 0.27578 0.08333 0.14062
0 0.32891 0.22500 0.09219 0.13125
