0 0.82440 0.43078 0.00946 0.00714
0 0.86129 0.39389 0.01261 0.01031
0 0.95807 0.24792 0.04224 0.03729
0 0.94294 0.27172 0.04224 0.03332
0 0.92718 0.29115 0.03720 0.03491
0 0.91204 0.30861 0.03846 0.03570
0 0.89155 0.33082 0.04288 0.03332
0 0.87800 0.34966 0.04351 0.03213
0 0.88146 0.28996 0.05422 0.04046
0 0.85750 0.31019 0.05801 0.03729
0 0.83701 0.33439 0.05990 0.03887
0 0.47793 0.31634 0.02144 0.01944
0 0.48707 0.29849 0.02585 0.02658
0 0.50158 0.27826 0.02711 0.02340
0 0.52144 0.25902 0.03783 0.02539
0 0.54225 0.23899 0.03783 0.02261
0 0.56936 0.24950 0.06810 0.03015
0 0.55044 0.26795 0.05927 0.02975
0 0.52995 0.28620 0.06242 0.03054
0 0.51166 0.30563 0.05864 0.02896
0 0.49874 0.32884 0.05927 0.02777
0 0.48235 0.34946 0.06053 0.02935
0 0.46784 0.36910 0.06053 0.02658
0 0.59143 0.29770 0.07188 0.03213
0 0.57251 0.31694 0.07818 0.03411
0 0.55769 0.33955 0.07251 0.03332
0 0.80612 0.45438 0.01576 0.01309
0 0.78815 0.47997 0.01135 0.00873
0 0.77680 0.50020 0.01892 0.03173
0 0.75820 0.51983 0.02207 0.02420
0 0.73928 0.53987 0.01955 0.02380
0 0.72383 0.55950 0.01892 0.02499
0 0.70555 0.57874 0.02774 0.02301
0 0.69168 0.60254 0.02018 0.01507
0 0.66299 0.61999 0.03090 0.01507
0 0.46248 0.39310 0.06368 0.03015
0 0.36917 0.45895 0.01198 0.01745
0 0.27680 0.57418 0.03279 0.02499
0 0.35088 0.47660 0.03846 0.02340
0 0.33102 0.50000 0.03279 0.02578
0 0.30864 0.52439 0.03342 0.02856
0 0.29666 0.54899 0.03216 0.02777
0 0.43411 0.41412 0.06368 0.02856
0 0.41519 0.43673 0.06242 0.02697
0 0.40763 0.45974 0.07377 0.03332
0 0.39313 0.48235 0.06620 0.03332
0 0.37421 0.50000 0.06620 0.03213
0 0.35151 0.52380 0.06242 0.02816
0 0.34048 0.54800 0.06431 0.03451
0 0.32629 0.57477 0.06873 0.03332
0 0.29823 0.59342 0.06305 0.03173
0 0.28058 0.61305 0.05549 0.03451
0 0.27049 0.63844 0.06305 0.03689
0 0.24306 0.66343 0.04351 0.03451
0 0.51040 0.41174 0.06873 0.03253
0 0.48676 0.43217 0.07945 0.03292
0 0.46879 0.45419 0.06747 0.03253
0 0.45744 0.47799 0.07377 0.03332
0 0.44420 0.50079 0.07629 0.03292
0 0.42276 0.51983 0.07125 0.03768
0 0.40164 0.54304 0.06683 0.03173
0 0.39533 0.56604 0.06810 0.04046
0 0.37610 0.59163 0.06999 0.03927
0 0.35435 0.61345 0.06936 0.03689
0 0.33449 0.63864 0.07251 0.03967
0 0.31589 0.66303 0.07188 0.04324
0 0.30454 0.68445 0.08827 0.03768
0 0.86129 0.37188 0.05044 0.03610
0 0.83638 0.39488 0.04603 0.03134
0 0.81526 0.41194 0.05296 0.03213
0 0.80044 0.43177 0.04729 0.03451
0 0.78562 0.45954 0.03909 0.03451
0 0.76450 0.47680 0.03846 0.03332
0 0.74370 0.49861 0.05612 0.02856
0 0.71028 0.53927 0.04098 0.03292
0 0.69388 0.56029 0.04603 0.02896
0 0.67907 0.58310 0.05422 0.03253
0 0.66173 0.60234 0.04477 0.02975
0 0.64313 0.62594 0.04666 0.02697
0 0.62484 0.64815 0.04161 0.02777
0 0.60120 0.66601 0.04224 0.02697
0 0.58544 0.69040 0.04098 0.02499
0 0.81494 0.35958 0.06116 0.04324
0 0.78972 0.37981 0.05612 0.04482
0 0.76765 0.40242 0.05485 0.03689
0 0.75063 0.42662 0.06116 0.03927
0 0.73770 0.45180 0.06431 0.03808
0 0.72163 0.47660 0.06116 0.03530
0 0.69735 0.49901 0.06305 0.03332
0 0.67560 0.51845 0.05738 0.03411
0 0.66646 0.54145 0.06179 0.03332
0 0.64849 0.56485 0.05990 0.03411
0 0.62862 0.58608 0.05927 0.03451
0 0.60908 0.60809 0.06810 0.03649
0 0.59363 0.63269 0.06242 0.03332
0 0.56841 0.65391 0.05990 0.03927
0 0.54414 0.67850 0.06431 0.03372
0 0.56810 0.70944 0.04161 0.03054
0 0.52680 0.70508 0.06242 0.03610
0 0.62831 0.48433 0.07755 0.03887
0 0.60940 0.50912 0.07755 0.03451
0 0.59710 0.53213 0.07945 0.03610
0 0.57787 0.55375 0.07755 0.03570
0 0.55675 0.57497 0.08449 0.03927
0 0.54225 0.59798 0.07818 0.03927
0 0.52490 0.62237 0.08008 0.04046
0 0.49716 0.64379 0.07503 0.04681
0 0.47636 0.66839 0.07755 0.04125
0 0.45523 0.69576 0.07566 0.03649
0 0.53153 0.48453 0.08323 0.03451
0 0.52522 0.50912 0.08071 0.03768
0 0.50599 0.53034 0.07377 0.03570
0 0.48392 0.55058 0.08260 0.03967
0 0.47131 0.57338 0.07629 0.03451
0 0.44924 0.59976 0.07377 0.03808
0 0.42591 0.62376 0.07251 0.03768
0 0.40259 0.64954 0.06999 0.03768
0 0.38462 0.67691 0.06810 0.04641
0 0.49559 0.72709 0.05927 0.03729
0 0.47131 0.75407 0.05485 0.03570
0 0.43222 0.71936 0.08134 0.04244
0 0.41141 0.74395 0.07881 0.04324
0 0.44199 0.78382 0.06053 0.03729
0 0.38903 0.76735 0.07566 0.04165
0 0.54067 0.73483 0.04729 0.02896
0 0.51513 0.75922 0.04161 0.02935
0 0.48833 0.78104 0.03972 0.02697
0 0.46847 0.81753 0.01765 0.00714
0 0.46690 0.80226 0.05359 0.02578
0 0.16204 0.78501 0.06936 0.03173
0 0.17749 0.76140 0.05864 0.02896
0 0.18632 0.73919 0.04981 0.02896
0 0.20649 0.71321 0.04729 0.03332
0 0.22667 0.68981 0.03972 0.02856
0 0.27774 0.70627 0.07881 0.04006
0 0.35750 0.70805 0.06557 0.03491
0 0.33386 0.73840 0.07377 0.04244
0 0.38461 0.83419 0.07314 0.04284
0 0.33953 0.81852 0.07503 0.04165
0 0.44136 0.82586 0.04792 0.02856
0 0.41330 0.80801 0.06242 0.03332
0 0.36538 0.78917 0.08008 0.04482
0 0.30265 0.76497 0.08071 0.04244
0 0.23077 0.75783 0.06936 0.04324
0 0.24748 0.84669 0.07377 0.04006
0 0.58260 0.22491 0.06305 0.02697
0 0.55454 0.21975 0.02837 0.01983
0 0.56684 0.20210 0.02522 0.01706
0 0.60340 0.20448 0.06683 0.02737
0 0.61349 0.15609 0.04918 0.02182
0 0.58670 0.17989 0.03972 0.02658
0 0.62264 0.18088 0.07125 0.03253
0 0.89817 0.26854 0.05612 0.03887
0 0.91456 0.24217 0.06116 0.04324
0 0.66614 0.16184 0.07503 0.02935
0 0.67371 0.14597 0.01955 0.01190
0 0.69798 0.12713 0.01892 0.01547
