0 0.17715 0.56483 0.05078 0.01951
0 0.25014 0.56375 0.02481 0.02428
0 0.86873 0.57719 0.04789 0.02342
0 0.94807 0.62099 0.04732 0.05377
0 0.90652 0.61492 0.07848 0.05984
0 0.95903 0.68127 0.06001 0.07459
0 0.90912 0.67454 0.08829 0.07589
0 0.92672 0.74046 0.08656 0.06722
0 0.94172 0.80681 0.05424 0.06895
0 0.90854 0.83977 0.06982 0.06028
0 0.86382 0.87749 0.06809 0.02298
0 0.84507 0.85256 0.07790 0.05637
0 0.81333 0.82893 0.08367 0.07502
0 0.87334 0.79488 0.09983 0.06591
0 0.86497 0.72376 0.09463 0.07719
0 0.84160 0.65113 0.08713 0.07329
0 0.84535 0.59605 0.06694 0.05421
0 0.82487 0.75000 0.07444 0.08283
0 0.79602 0.67975 0.08944 0.06548
0 0.76803 0.62207 0.07732 0.06114
0 0.78332 0.59172 0.06520 0.05681
0 0.81160 0.56505 0.06867 0.02862
0 0.74466 0.55789 0.07328 0.02819
0 0.79775 0.88682 0.06751 0.03643
0 0.77265 0.88096 0.07155 0.04727
0 0.77784 0.80464 0.08656 0.06375
0 0.76457 0.73894 0.07501 0.07719
0 0.72620 0.67563 0.08136 0.07199
0 0.70312 0.61492 0.06751 0.06591
0 0.71812 0.57524 0.07213 0.05421
0 0.67773 0.54987 0.06982 0.01995
0 0.65032 0.57003 0.07386 0.04380
0 0.64455 0.61123 0.06924 0.06635
0 0.66532 0.67107 0.07040 0.07502
0 0.70427 0.73829 0.06982 0.07589
0 0.71235 0.80811 0.06636 0.06895
0 0.73745 0.85776 0.08540 0.05984
0 0.73629 0.90763 0.03001 0.01821
0 0.70975 0.90091 0.06001 0.03686
0 0.65580 0.91999 0.05713 0.01431
0 0.65407 0.90069 0.06174 0.03990
0 0.67080 0.86383 0.07444 0.05637
0 0.65609 0.81071 0.07617 0.07762
0 0.64685 0.73894 0.06809 0.07459
0 0.61021 0.67801 0.06867 0.07415
0 0.59377 0.61643 0.07271 0.06548
0 0.59175 0.57112 0.06405 0.03990
0 0.61310 0.54944 0.06405 0.01735
0 0.51991 0.54423 0.03116 0.01127
0 0.56001 0.54835 0.06290 0.02038
0 0.53751 0.57415 0.06405 0.04683
0 0.53693 0.61860 0.06982 0.06548
0 0.55453 0.68170 0.07040 0.07892
0 0.58973 0.74349 0.06001 0.07069
0 0.59492 0.81418 0.07271 0.07762
0 0.61079 0.87012 0.06636 0.06028
0 0.59867 0.90850 0.05366 0.03209
0 0.59867 0.92455 0.05828 0.01908
0 0.54443 0.92715 0.05482 0.01648
0 0.54645 0.90720 0.06694 0.04076
0 0.55395 0.86817 0.06694 0.06071
0 0.53145 0.81657 0.07155 0.07199
0 0.53491 0.74675 0.06347 0.07285
0 0.49683 0.68278 0.06924 0.07676
0 0.47836 0.62186 0.06578 0.07372
0 0.49481 0.55290 0.06982 0.02428
0 0.48009 0.57676 0.06117 0.04770
0 0.45326 0.55226 0.05713 0.01951
0 0.42268 0.54922 0.03058 0.00997
0 0.43162 0.57741 0.05424 0.04293
0 0.39988 0.55399 0.05193 0.01951
0 0.34766 0.55854 0.04559 0.01821
0 0.48904 0.93040 0.05713 0.02819
0 0.48615 0.91067 0.05482 0.03903
0 0.49510 0.87164 0.05886 0.05811
0 0.47692 0.81787 0.05713 0.07112
0 0.47980 0.74913 0.06174 0.07502
0 0.44028 0.68474 0.06117 0.07459
0 0.41922 0.62229 0.06636 0.07372
0 0.38142 0.58196 0.05886 0.05377
0 0.30237 0.55681 0.04385 0.01735
0 0.33179 0.58066 0.05309 0.04423
0 0.36873 0.62663 0.05540 0.06505
0 0.38604 0.68777 0.05886 0.07719
0 0.42066 0.74957 0.06924 0.07329
0 0.42152 0.81765 0.06982 0.07155
0 0.43768 0.87164 0.05943 0.05811
0 0.43566 0.91219 0.05078 0.03773
0 0.42989 0.93343 0.06001 0.02298
0 0.37940 0.93842 0.04328 0.01301
0 0.38661 0.91284 0.06117 0.04337
0 0.38604 0.87424 0.05886 0.06158
0 0.36324 0.81852 0.06520 0.07242
0 0.36238 0.75152 0.06001 0.07199
0 0.33208 0.68690 0.05828 0.07632
0 0.31708 0.62879 0.05828 0.07372
0 0.28332 0.58218 0.05655 0.05421
0 0.22591 0.58218 0.05251 0.05594
0 0.26226 0.62511 0.05482 0.07936
0 0.27582 0.68864 0.05424 0.07719
0 0.22447 0.68821 0.05770 0.07892
0 0.21119 0.62402 0.04847 0.07546
0 0.18090 0.58066 0.05020 0.04683
0 0.12781 0.56613 0.05020 0.02298
0 0.13099 0.58565 0.04732 0.05334
0 0.16186 0.62901 0.05366 0.08196
0 0.16792 0.68625 0.05540 0.07415
0 0.30554 0.75022 0.05943 0.07199
0 0.29227 0.81353 0.07790 0.06505
0 0.32862 0.86730 0.06867 0.07199
0 0.33093 0.91630 0.06520 0.04337
0 0.33555 0.93734 0.04905 0.01778
0 0.28794 0.93994 0.04962 0.01951
0 0.27669 0.91023 0.05366 0.05984
0 0.26803 0.86188 0.04789 0.07415
0 0.25361 0.76366 0.06174 0.08413
0 0.19648 0.75108 0.06636 0.07806
0 0.21004 0.81418 0.07386 0.05768
0 0.21696 0.86232 0.05309 0.06548
0 0.23658 0.94081 0.05309 0.02038
0 0.22100 0.91370 0.05770 0.05724
0 0.18465 0.94016 0.04847 0.02775
0 0.13301 0.93777 0.05136 0.03426
0 0.16849 0.91392 0.05540 0.05941
0 0.16243 0.86752 0.05482 0.06375
0 0.14310 0.81418 0.06232 0.07069
0 0.13647 0.74545 0.05713 0.07025
0 0.11195 0.68647 0.05540 0.07719
0 0.10819 0.62229 0.05366 0.07025
0 0.07761 0.56440 0.04674 0.02125
0 0.08309 0.58456 0.05193 0.04944
0 0.00462 0.56938 0.00923 0.02168
0 0.00346 0.58326 0.00692 0.01995
0 0.06117 0.68582 0.04962 0.06895
0 0.08396 0.74371 0.05366 0.07112
0 0.07963 0.81288 0.06117 0.07069
0 0.10791 0.86145 0.06001 0.07155
0 0.11339 0.91457 0.06059 0.05464
0 0.07905 0.94341 0.04616 0.02212
0 0.03087 0.94059 0.04789 0.02602
0 0.06203 0.91370 0.05482 0.05637
0 0.04761 0.86557 0.05828 0.06765
0 0.01645 0.91522 0.03289 0.05681
0 0.00866 0.86795 0.01731 0.05247
0 0.02626 0.81375 0.05251 0.07069
0 0.02799 0.74696 0.05597 0.07069
0 0.02048 0.68582 0.04097 0.08196
0 0.05540 0.62663 0.05193 0.06158
0 0.02914 0.56440 0.04212 0.01691
0 0.03231 0.58586 0.05309 0.04163
0 0.01500 0.61947 0.03001 0.05421
