0 0.81589 0.67301 0.00573 0.01875
0 0.79141 0.71989 0.01406 0.01250
0 0.82318 0.74233 0.00781 0.01080
0 0.81458 0.72756 0.01771 0.02216
0 0.80885 0.71051 0.02500 0.03693
0 0.80156 0.69602 0.03125 0.02841
0 0.77969 0.70994 0.01875 0.01648
0 0.75963 0.69716 0.02865 0.02386
0 0.74089 0.68437 0.03698 0.02898
0 0.79401 0.58409 0.01615 0.02045
0 0.78385 0.56960 0.01250 0.01761
0 0.77240 0.55057 0.01979 0.02500
0 0.81068 0.65000 0.01927 0.03864
0 0.79531 0.68153 0.03958 0.03920
0 0.78177 0.66676 0.04062 0.04261
0 0.80260 0.62954 0.03333 0.03409
0 0.78724 0.61364 0.03594 0.04318
0 0.77083 0.59574 0.03542 0.03693
0 0.69818 0.67671 0.01719 0.01250
0 0.72656 0.66932 0.04375 0.03750
0 0.76641 0.64773 0.03802 0.03864
0 0.75078 0.63182 0.04115 0.04318
0 0.68125 0.66250 0.02187 0.02045
0 0.66016 0.64546 0.03385 0.02841
0 0.71042 0.65028 0.04167 0.04489
0 0.73542 0.61335 0.03958 0.04489
0 0.75911 0.57812 0.03385 0.03693
0 0.75443 0.52841 0.02865 0.03636
0 0.74479 0.55653 0.03542 0.03920
0 0.72266 0.59460 0.04010 0.04148
0 0.70755 0.58097 0.04115 0.04489
0 0.69479 0.63579 0.03958 0.03977
0 0.68333 0.62017 0.03958 0.04034
0 0.57865 0.61506 0.02083 0.01420
0 0.56042 0.60284 0.02708 0.02386
0 0.54505 0.58977 0.02969 0.02727
0 0.61745 0.62983 0.02344 0.01761
0 0.60208 0.61761 0.02708 0.02386
0 0.58672 0.60199 0.02760 0.02784
0 0.57135 0.58125 0.02708 0.02841
0 0.64505 0.62784 0.03281 0.03409
0 0.62917 0.60994 0.03021 0.03352
0 0.61380 0.59176 0.02969 0.03011
0 0.60000 0.57301 0.03021 0.03352
0 0.66641 0.60171 0.04115 0.04205
0 0.64818 0.57954 0.04010 0.03864
0 0.70938 0.42273 0.01667 0.02273
0 0.69922 0.40568 0.01615 0.01932
0 0.68828 0.38494 0.02240 0.03125
0 0.67630 0.36449 0.02865 0.03352
0 0.66120 0.34602 0.03177 0.03523
0 0.64427 0.32841 0.03229 0.03295
0 0.63307 0.30852 0.03073 0.03409
0 0.61797 0.29517 0.02760 0.02557
0 0.60651 0.27699 0.03385 0.03011
0 0.59219 0.26335 0.03021 0.02784
0 0.74245 0.50398 0.02344 0.03182
0 0.72838 0.48693 0.02969 0.03523
0 0.71615 0.46534 0.03021 0.03864
0 0.70052 0.44943 0.03229 0.03523
0 0.68958 0.43210 0.03021 0.03352
0 0.67630 0.41506 0.03385 0.03466
0 0.65781 0.39517 0.03854 0.03807
0 0.64609 0.37301 0.03594 0.03466
0 0.62917 0.35909 0.03438 0.03636
0 0.61406 0.33977 0.03333 0.03295
0 0.60312 0.32216 0.03125 0.03295
0 0.59089 0.30937 0.03385 0.03466
0 0.72708 0.53921 0.03438 0.03523
0 0.71354 0.51960 0.03542 0.03580
0 0.69609 0.49943 0.03281 0.03182
0 0.68099 0.48182 0.03802 0.03864
0 0.66927 0.46506 0.03438 0.03239
0 0.65547 0.44858 0.03281 0.03580
0 0.63984 0.43125 0.03490 0.03977
0 0.62396 0.40994 0.03438 0.03580
0 0.60833 0.39148 0.03542 0.03750
0 0.59505 0.37472 0.03281 0.03466
0 0.58229 0.35909 0.03229 0.03409
0 0.56901 0.34432 0.03490 0.03750
0 0.52005 0.55796 0.02865 0.03409
0 0.50443 0.53722 0.02760 0.03011
0 0.48828 0.51875 0.02865 0.03295
0 0.47422 0.49744 0.02969 0.02898
0 0.45807 0.48267 0.02969 0.02898
0 0.44583 0.46733 0.02917 0.02898
0 0.43516 0.45114 0.02552 0.02841
0 0.42188 0.43182 0.03125 0.03295
0 0.40625 0.41136 0.02812 0.02841
0 0.55729 0.56193 0.02604 0.02727
0 0.54531 0.54915 0.02604 0.02784
0 0.52943 0.52869 0.02969 0.03125
0 0.51354 0.50852 0.02813 0.02955
0 0.49922 0.49091 0.02656 0.02955
0 0.48359 0.47330 0.02552 0.02841
0 0.47266 0.45653 0.02656 0.02670
0 0.45964 0.44176 0.02448 0.02557
0 0.44714 0.42528 0.02448 0.02784
0 0.43177 0.40597 0.02604 0.03011
0 0.58802 0.55568 0.03333 0.02841
0 0.57292 0.53949 0.03125 0.03352
0 0.55651 0.51932 0.03073 0.03523
0 0.54036 0.49915 0.02969 0.03239
0 0.52526 0.48210 0.03177 0.03239
0 0.51146 0.46392 0.03125 0.03125
0 0.49766 0.44773 0.02969 0.02841
0 0.48620 0.43210 0.03281 0.03239
0 0.47240 0.41449 0.03021 0.03125
0 0.63490 0.55909 0.03854 0.03750
0 0.62240 0.53892 0.04167 0.04261
0 0.60807 0.52159 0.03802 0.04091
0 0.59401 0.50313 0.04219 0.04148
0 0.58021 0.48864 0.04479 0.03977
0 0.56276 0.47074 0.04115 0.04261
0 0.54922 0.44688 0.03906 0.04034
0 0.53490 0.43011 0.04271 0.04205
0 0.51979 0.41392 0.04063 0.03807
0 0.69375 0.56193 0.04375 0.04659
0 0.67943 0.53807 0.03802 0.03977
0 0.66328 0.51875 0.03906 0.03977
0 0.64662 0.50199 0.04010 0.04034
0 0.63125 0.48494 0.03854 0.04375
0 0.61901 0.46534 0.04115 0.03977
0 0.60573 0.44943 0.03958 0.03977
0 0.58932 0.43125 0.04323 0.04432
0 0.57318 0.40994 0.03906 0.03807
0 0.55859 0.39233 0.04115 0.04034
0 0.54531 0.37642 0.04062 0.03920
0 0.53125 0.35966 0.04062 0.03750
0 0.38880 0.39517 0.03177 0.03125
0 0.37630 0.37869 0.02969 0.02557
0 0.36510 0.36108 0.02917 0.02898
0 0.35130 0.34318 0.02969 0.02955
0 0.33698 0.32472 0.02812 0.03239
0 0.32370 0.30085 0.02240 0.02898
0 0.41536 0.38608 0.02969 0.02898
0 0.40130 0.37102 0.02552 0.02500
0 0.38958 0.35483 0.02500 0.02670
0 0.37526 0.33239 0.03177 0.03523
0 0.35807 0.31676 0.02552 0.02670
0 0.34505 0.29972 0.02344 0.02443
0 0.45859 0.39773 0.03073 0.03523
0 0.44505 0.37756 0.03385 0.03466
0 0.43255 0.36136 0.03073 0.02955
0 0.41875 0.34460 0.03021 0.02898
0 0.40182 0.32500 0.03281 0.03636
0 0.38568 0.30483 0.02969 0.02898
0 0.54245 0.30540 0.03490 0.03466
0 0.55755 0.32329 0.03490 0.03750
0 0.52344 0.34261 0.04479 0.04205
0 0.50781 0.32443 0.04271 0.04205
0 0.49245 0.30852 0.04740 0.04432
0 0.50703 0.39801 0.03906 0.03920
0 0.49375 0.38523 0.03854 0.03977
0 0.47969 0.36563 0.03750 0.03920
0 0.46693 0.34744 0.04115 0.04261
0 0.45130 0.32812 0.03802 0.04489
0 0.43880 0.30994 0.04115 0.04602
0 0.42500 0.29347 0.04167 0.03920
0 0.30078 0.27301 0.02448 0.02670
0 0.31250 0.28636 0.02500 0.02273
0 0.32396 0.26761 0.02292 0.02386
0 0.33620 0.28040 0.02344 0.02443
0 0.36979 0.28750 0.03333 0.03636
0 0.34609 0.25313 0.02552 0.02784
0 0.40833 0.27585 0.03958 0.04375
0 0.39297 0.25483 0.03906 0.04034
0 0.37995 0.23750 0.04010 0.04432
0 0.57396 0.24347 0.03021 0.03125
0 0.56484 0.22244 0.03073 0.03580
0 0.55130 0.20540 0.03073 0.03011
0 0.53802 0.19034 0.03333 0.03295
0 0.51875 0.17500 0.03125 0.03068
0 0.50573 0.15824 0.03125 0.02898
0 0.48359 0.14290 0.02760 0.02216
0 0.47448 0.12869 0.02813 0.02898
0 0.45703 0.11875 0.02135 0.02159
0 0.52734 0.28750 0.03594 0.03409
0 0.51432 0.26989 0.03177 0.03409
0 0.57604 0.29290 0.03333 0.03580
0 0.56198 0.27358 0.03333 0.03466
0 0.54609 0.25426 0.03177 0.03352
0 0.53333 0.23835 0.03229 0.03239
0 0.52057 0.22102 0.03177 0.03523
0 0.50234 0.20398 0.03490 0.03636
0 0.48802 0.18352 0.03229 0.03068
0 0.47526 0.16704 0.03177 0.03182
0 0.45990 0.15597 0.02917 0.02784
0 0.44818 0.13977 0.02969 0.02955
0 0.42500 0.16506 0.02917 0.03011
0 0.43880 0.18239 0.03490 0.03864
0 0.45260 0.19716 0.03542 0.03523
0 0.46771 0.21420 0.03229 0.03409
0 0.48412 0.23580 0.03594 0.03864
0 0.50000 0.25625 0.03437 0.03523
0 0.47630 0.29006 0.03906 0.04148
0 0.46328 0.27017 0.03906 0.03920
0 0.44974 0.25511 0.04010 0.03977
0 0.43437 0.23750 0.04375 0.04545
0 0.41771 0.21563 0.03646 0.03807
0 0.40365 0.19886 0.03958 0.03864
0 0.36510 0.21903 0.03750 0.03580
0 0.27161 0.19915 0.01927 0.02330
0 0.27734 0.21733 0.02135 0.02102
0 0.28490 0.23295 0.02187 0.02727
0 0.29453 0.25085 0.02448 0.02443
0 0.31562 0.24602 0.02292 0.02727
0 0.30443 0.23097 0.02135 0.02330
0 0.29609 0.21222 0.01927 0.02216
0 0.28672 0.19801 0.02135 0.02443
0 0.27344 0.16079 0.01771 0.01250
0 0.27109 0.17131 0.01302 0.01989
0 0.27943 0.17415 0.02135 0.02443
0 0.35912 0.26818 0.03073 0.03182
0 0.33646 0.23523 0.02500 0.02614
0 0.32318 0.21818 0.02448 0.02614
0 0.31537 0.19574 0.02865 0.03011
0 0.30338 0.17784 0.02552 0.02841
0 0.41016 0.15227 0.03281 0.03182
0 0.38854 0.18239 0.03750 0.03750
0 0.37708 0.16648 0.03333 0.03523
0 0.35521 0.20227 0.03646 0.03750
0 0.34427 0.18153 0.03542 0.03693
0 0.44583 0.10881 0.02396 0.02102
0 0.43437 0.12898 0.02813 0.02841
0 0.38750 0.07216 0.01667 0.00909
0 0.39922 0.08352 0.00677 0.01364
0 0.40938 0.08778 0.02187 0.01875
0 0.42839 0.09915 0.02448 0.02557
0 0.41927 0.12131 0.02917 0.02898
0 0.39088 0.13466 0.02969 0.03295
0 0.36198 0.14972 0.03438 0.03466
0 0.32995 0.16449 0.03177 0.03352
0 0.31979 0.14915 0.02708 0.02898
0 0.27474 0.14943 0.02031 0.02159
0 0.29349 0.15682 0.02448 0.02727
0 0.26458 0.11960 0.01042 0.01420
0 0.26588 0.13068 0.01823 0.02045
0 0.28724 0.12955 0.02656 0.03182
0 0.27500 0.11875 0.01250 0.00795
0 0.26719 0.10852 0.01562 0.01818
0 0.25964 0.09432 0.01406 0.01818
0 0.27917 0.10852 0.01562 0.01818
0 0.27135 0.09290 0.01562 0.01761
0 0.33646 0.09716 0.16458 0.05114
0 0.38984 0.08210 0.01719 0.01648
0 0.38880 0.09631 0.02135 0.02216
0 0.37370 0.12159 0.02240 0.02159
0 0.36172 0.10796 0.02344 0.02727
0 0.37344 0.07301 0.01979 0.01989
0 0.36979 0.08693 0.02187 0.02500
0 0.34792 0.09063 0.02500 0.02557
0 0.32760 0.07642 0.02292 0.02670
0 0.36224 0.06051 0.01406 0.01648
0 0.35234 0.07045 0.02240 0.02386
0 0.33464 0.05909 0.01823 0.01932
0 0.31094 0.06108 0.01875 0.01989
0 0.32031 0.04830 0.01458 0.01591
0 0.34766 0.13097 0.02865 0.02898
0 0.33490 0.11421 0.02812 0.02955
0 0.31302 0.12756 0.02500 0.02670
0 0.30078 0.11079 0.02031 0.02159
0 0.32057 0.09972 0.02760 0.03011
0 0.30859 0.08295 0.02344 0.02273
0 0.29583 0.06960 0.02083 0.02330
0 0.30104 0.04886 0.01771 0.02159
0 0.28490 0.05852 0.02083 0.02386
0 0.28984 0.09631 0.02135 0.02330
0 0.28099 0.07983 0.02031 0.02102
0 0.27057 0.06648 0.02135 0.02159
0 0.29922 0.77188 0.01094 0.00625
0 0.24557 0.79716 0.00677 0.01136
0 0.25677 0.78693 0.01979 0.01818
0 0.25625 0.76165 0.00729 0.01875
0 0.27135 0.77386 0.03333 0.02500
0 0.26328 0.74489 0.01406 0.02045
0 0.28021 0.76051 0.02812 0.02670
0 0.32240 0.75653 0.03333 0.02443
0 0.28932 0.75114 0.03906 0.03523
0 0.35547 0.74176 0.00781 0.00966
0 0.37031 0.72273 0.01354 0.01591
0 0.37839 0.70454 0.00990 0.01932
0 0.38359 0.70114 0.00781 0.01250
0 0.39271 0.68864 0.02083 0.02727
0 0.40833 0.66335 0.02917 0.03125
0 0.42162 0.64205 0.02656 0.02841
0 0.33490 0.74148 0.03125 0.03295
0 0.34531 0.72074 0.03229 0.03466
0 0.35651 0.70199 0.03073 0.03239
0 0.26849 0.64773 0.00469 0.01477
0 0.28333 0.67443 0.04063 0.04091
0 0.27526 0.62557 0.01510 0.02841
0 0.34088 0.64659 0.04427 0.04091
0 0.35312 0.62983 0.04063 0.03693
0 0.46641 0.59943 0.01510 0.01364
0 0.48177 0.58296 0.01562 0.01932
0 0.49375 0.56619 0.01771 0.01875
0 0.43411 0.62188 0.03073 0.02784
0 0.44740 0.60483 0.03229 0.03352
0 0.45885 0.58097 0.03333 0.03239
0 0.46979 0.56392 0.03333 0.03239
0 0.47656 0.54545 0.03438 0.03295
0 0.41380 0.59375 0.03281 0.03409
0 0.42682 0.57244 0.03385 0.03693
0 0.43516 0.55284 0.03281 0.03182
0 0.44531 0.53523 0.03125 0.03295
0 0.28307 0.54886 0.01198 0.02841
0 0.37865 0.58494 0.03958 0.03920
0 0.38854 0.56250 0.03958 0.04091
0 0.39896 0.54148 0.03958 0.03977
0 0.29115 0.57670 0.02917 0.03182
0 0.29115 0.52671 0.02187 0.02955
0 0.30391 0.55483 0.03073 0.03239
0 0.31563 0.53324 0.02917 0.03125
0 0.33620 0.56619 0.03698 0.03693
0 0.34740 0.54659 0.03958 0.03750
0 0.36016 0.52614 0.03906 0.04091
0 0.45599 0.51364 0.03594 0.03523
0 0.42188 0.49773 0.04062 0.03977
0 0.42995 0.48239 0.03594 0.03636
0 0.37135 0.50568 0.03750 0.03750
0 0.32656 0.51165 0.02917 0.03352
0 0.28672 0.50313 0.01198 0.03011
0 0.29896 0.50653 0.02396 0.03011
0 0.29115 0.48068 0.02292 0.02955
0 0.29818 0.45938 0.02656 0.03352
0 0.31042 0.48693 0.02396 0.02841
0 0.33594 0.49403 0.02917 0.03011
0 0.34740 0.47443 0.03125 0.03295
0 0.32057 0.46591 0.02448 0.02727
0 0.33099 0.44687 0.02656 0.03011
0 0.30807 0.44006 0.02344 0.02784
0 0.31745 0.42244 0.02552 0.02784
0 0.38255 0.48409 0.04010 0.03864
0 0.39010 0.46733 0.03958 0.03580
0 0.40156 0.44432 0.03646 0.03977
0 0.36224 0.38608 0.02135 0.02216
0 0.37969 0.41080 0.02708 0.02841
0 0.35963 0.45171 0.03073 0.03523
0 0.37057 0.42812 0.03073 0.03125
0 0.33047 0.40085 0.02865 0.02784
0 0.34479 0.42386 0.02708 0.03295
0 0.35599 0.40057 0.02448 0.02955
0 0.34167 0.37841 0.02500 0.03068
0 0.51302 0.09489 0.02188 0.02614
0 0.52526 0.07983 0.02344 0.02330
0 0.53802 0.06761 0.01979 0.02273
0 0.54609 0.08608 0.01927 0.02216
0 0.53255 0.10085 0.02135 0.02670
0 0.52109 0.11761 0.02240 0.02614
0 0.49349 0.12188 0.01615 0.02330
0 0.49740 0.10852 0.02292 0.02386
0 0.50911 0.13097 0.02031 0.02216
0 0.52734 0.14972 0.02448 0.02670
0 0.53880 0.13466 0.02969 0.02955
0 0.54792 0.11676 0.02500 0.02670
0 0.56484 0.10085 0.02656 0.02898
0 0.58021 0.21222 0.02917 0.03693
0 0.60443 0.24489 0.03073 0.03523
0 0.66068 0.25028 0.01927 0.02898
0 0.65417 0.26364 0.02292 0.02614
0 0.63229 0.26023 0.03125 0.02841
0 0.63880 0.23921 0.02865 0.02727
0 0.61094 0.22415 0.03229 0.03466
0 0.66328 0.22699 0.01615 0.01761
0 0.66823 0.21165 0.01354 0.01989
0 0.64688 0.22614 0.03021 0.02614
0 0.62188 0.20767 0.03021 0.02898
0 0.62839 0.18778 0.02969 0.03125
0 0.65286 0.20625 0.02552 0.02614
0 0.68437 0.17671 0.00729 0.01250
0 0.67500 0.19034 0.01562 0.02386
0 0.65599 0.18665 0.03073 0.02670
0 0.68125 0.16875 0.01354 0.02273
0 0.66458 0.16818 0.02604 0.02841
0 0.68490 0.14886 0.01667 0.01818
0 0.68542 0.13267 0.01771 0.01761
0 0.66849 0.14659 0.02031 0.02386
0 0.63802 0.16222 0.02917 0.03239
0 0.64245 0.14091 0.02135 0.02045
0 0.58672 0.19432 0.03698 0.03636
0 0.59713 0.17358 0.03385 0.03466
0 0.60677 0.15426 0.03333 0.03580
0 0.61641 0.13523 0.03281 0.03409
0 0.55182 0.17557 0.03490 0.03409
0 0.55885 0.16080 0.03750 0.03295
0 0.57083 0.14318 0.03438 0.03523
0 0.58438 0.12699 0.03229 0.03580
0 0.59531 0.10625 0.03021 0.03068
0 0.60599 0.09119 0.02760 0.02670
0 0.62786 0.11477 0.02656 0.02841
0 0.57708 0.08267 0.02396 0.02784
0 0.55052 0.05426 0.01771 0.01989
0 0.55573 0.07159 0.01979 0.02386
0 0.56432 0.04489 0.01615 0.01591
0 0.57318 0.05568 0.02031 0.02500
0 0.62448 0.02500 0.01354 0.01932
0 0.62891 0.03750 0.01615 0.02159
0 0.60599 0.03153 0.01927 0.02216
0 0.59297 0.04290 0.01927 0.02330
0 0.59141 0.06676 0.02344 0.03011
0 0.61328 0.05199 0.02552 0.02898
0 0.65104 0.12443 0.01979 0.02727
0 0.63880 0.09631 0.02552 0.03011
0 0.63177 0.06023 0.01875 0.02159
0 0.67109 0.12557 0.02031 0.02500
0 0.67969 0.10227 0.01979 0.02614
0 0.66042 0.10284 0.02083 0.02614
0 0.68880 0.06165 0.01510 0.01761
0 0.68490 0.08068 0.01667 0.02045
0 0.66823 0.07926 0.01979 0.02784
0 0.64740 0.07812 0.02604 0.02784
0 0.65755 0.05994 0.02031 0.02330
0 0.69115 0.05085 0.00833 0.00852
0 0.65260 0.03011 0.01875 0.02273
0 0.64088 0.04517 0.02240 0.02443
0 0.67682 0.05824 0.01719 0.02216
0 0.68385 0.04233 0.01979 0.02216
0 0.66328 0.03324 0.00052 0.00057
0 0.66953 0.03523 0.02760 0.03864
0 0.66146 0.01534 0.01979 0.02500
0 0.64010 0.02415 0.01458 0.01989
0 0.64635 0.01080 0.01562 0.02159
0 0.27161 0.04943 0.01927 0.01818
0 0.62214 0.07955 0.02656 0.03182
0 0.63411 0.01165 0.01302 0.01875
0 0.67526 0.01108 0.01615 0.01989
0 0.53047 0.57159 0.02656 0.03068
0 0.41094 0.51960 0.03750 0.03807
0 0.28307 0.60000 0.02448 0.03523
0 0.29167 0.65256 0.03750 0.03807
0 0.27344 0.69347 0.02500 0.04034
0 0.26588 0.71960 0.01510 0.02670
0 0.36432 0.68324 0.03594 0.03466
0 0.38073 0.65994 0.03750 0.03920
0 0.39062 0.63352 0.03229 0.03750
0 0.40182 0.61477 0.03281 0.04318
0 0.36302 0.60852 0.04167 0.04432
0 0.31875 0.59204 0.04479 0.04091
0 0.31094 0.61989 0.04271 0.04659
0 0.30052 0.63295 0.04167 0.03864
0 0.33047 0.66676 0.03802 0.03807
0 0.31979 0.68864 0.04062 0.04318
0 0.30885 0.70966 0.03750 0.04432
0 0.29844 0.73210 0.03750 0.03807
