0 0.79961 0.00625 0.02734 0.01250
0 0.82227 0.03411 0.10234 0.06823
0 0.80469 0.09818 0.07812 0.08177
0 0.81055 0.15912 0.09141 0.07865
0 0.81133 0.22057 0.08047 0.06927
0 0.80625 0.28307 0.08594 0.08906
0 0.88242 0.01849 0.11172 0.03698
0 0.90117 0.08021 0.15859 0.10000
0 0.90547 0.15313 0.15156 0.08021
0 0.90078 0.22057 0.15312 0.09531
0 0.98008 0.20677 0.03984 0.09583
0 0.96406 0.03099 0.07187 0.06198
0 0.96953 0.11120 0.06094 0.09531
0 0.98828 0.38464 0.02344 0.02969
0 0.98789 0.29505 0.02422 0.08385
0 0.78281 0.48802 0.05313 0.06458
0 0.78750 0.39609 0.02969 0.02135
0 0.81406 0.35339 0.09688 0.07135
0 0.81875 0.42578 0.10938 0.08490
0 0.80859 0.66458 0.03594 0.02292
0 0.80078 0.56458 0.06719 0.07187
0 0.83242 0.62630 0.09766 0.07031
0 0.83789 0.50417 0.10078 0.08958
0 0.85195 0.59635 0.08828 0.10312
0 0.83945 0.69063 0.08359 0.07187
0 0.82109 0.75703 0.04844 0.07031
0 0.84023 0.82995 0.06484 0.07760
0 0.87109 0.90182 0.08438 0.06094
0 0.85859 0.96354 0.05938 0.07292
0 0.88672 0.74844 0.10781 0.11354
0 0.89727 0.85495 0.11016 0.10990
0 0.93672 0.95338 0.12188 0.09323
0 0.97031 0.94792 0.05937 0.09167
0 0.96016 0.85156 0.07969 0.10208
0 0.94727 0.75339 0.10547 0.10156
0 0.90469 0.29896 0.17188 0.09375
0 0.91992 0.36823 0.16016 0.08542
0 0.92422 0.44219 0.15156 0.09896
0 0.93281 0.51823 0.13437 0.09167
0 0.93359 0.59688 0.13281 0.08021
0 0.93828 0.67109 0.12344 0.07865
0 0.01914 0.75547 0.03828 0.05781
0 0.03086 0.82109 0.06172 0.07031
0 0.02187 0.88854 0.04375 0.06562
0 0.04219 0.95833 0.08438 0.07917
0 0.01680 0.66615 0.01953 0.02396
0 0.01328 0.62161 0.02656 0.04635
0 0.01445 0.53698 0.02891 0.03958
0 0.01680 0.46641 0.03359 0.04427
0 0.03594 0.41562 0.04062 0.01146
0 0.01797 0.35312 0.02813 0.04063
0 0.02734 0.29531 0.02656 0.03125
0 0.02656 0.23750 0.03281 0.06458
0 0.04219 0.16979 0.05313 0.05833
0 0.04727 0.11068 0.03203 0.04427
0 0.06836 0.03568 0.01328 0.00885
0 0.10391 0.01823 0.10469 0.03646
0 0.08438 0.06719 0.10469 0.06458
0 0.19219 0.01094 0.09375 0.02187
0 0.18984 0.05234 0.14844 0.07865
0 0.08945 0.12708 0.10078 0.07292
0 0.07930 0.19297 0.10391 0.07240
0 0.06016 0.25495 0.08750 0.06719
0 0.06055 0.31354 0.09141 0.06458
0 0.05313 0.37708 0.10625 0.06979
0 0.05703 0.44427 0.10000 0.07292
0 0.04492 0.50990 0.08984 0.06250
0 0.05547 0.57578 0.11094 0.07656
0 0.04805 0.64219 0.08516 0.06562
0 0.04766 0.70260 0.09219 0.06667
0 0.05781 0.77526 0.08594 0.08594
0 0.08359 0.96979 0.09063 0.06042
0 0.06680 0.88698 0.08203 0.10938
0 0.15547 0.96562 0.13281 0.06875
0 0.14844 0.89792 0.15313 0.08021
0 0.74570 0.53516 0.06953 0.06927
0 0.74922 0.59818 0.08125 0.06094
0 0.75664 0.66380 0.06953 0.06510
0 0.76367 0.73203 0.05078 0.05573
0 0.76094 0.81016 0.05313 0.06927
0 0.76445 0.87838 0.06953 0.07344
0 0.77422 0.98255 0.05156 0.03490
0 0.76836 0.94193 0.05547 0.05260
0 0.69922 0.98151 0.11719 0.03698
0 0.70156 0.93490 0.12187 0.07187
0 0.69648 0.87682 0.11953 0.06302
0 0.70039 0.81458 0.12734 0.06771
0 0.69570 0.75312 0.12891 0.06146
0 0.69687 0.69297 0.12813 0.06615
0 0.74063 0.47214 0.05000 0.05677
0 0.73555 0.41536 0.06797 0.05990
0 0.73398 0.35938 0.06484 0.05521
0 0.72656 0.30495 0.07188 0.05781
0 0.73516 0.24349 0.06406 0.06302
0 0.73086 0.17526 0.06641 0.06823
0 0.74844 0.02552 0.06250 0.05104
0 0.74180 0.08932 0.05859 0.07240
0 0.69453 0.02969 0.09844 0.05937
0 0.68125 0.63229 0.14219 0.06979
0 0.67617 0.56562 0.12578 0.06563
0 0.68398 0.50469 0.12891 0.07188
0 0.69258 0.08333 0.08516 0.07500
0 0.68359 0.13620 0.10312 0.06823
0 0.68203 0.20703 0.11406 0.08385
0 0.67617 0.28568 0.10234 0.08906
0 0.68242 0.36484 0.11016 0.07344
0 0.68750 0.43490 0.11563 0.07708
0 0.57969 0.96146 0.17656 0.07708
0 0.57109 0.89740 0.16719 0.07500
0 0.58750 0.01953 0.14687 0.03906
0 0.58867 0.07187 0.14453 0.08646
0 0.57422 0.13203 0.14219 0.07656
0 0.57461 0.19792 0.14922 0.07708
0 0.57227 0.25781 0.14922 0.06458
0 0.57422 0.32135 0.15469 0.07083
0 0.57383 0.38464 0.15547 0.06615
0 0.56641 0.76588 0.17188 0.06406
0 0.57109 0.70547 0.17812 0.07448
0 0.55625 0.63880 0.17344 0.06823
0 0.55391 0.58073 0.16563 0.06042
0 0.56523 0.51667 0.16328 0.07292
0 0.57344 0.45026 0.16250 0.07135
0 0.57070 0.82865 0.17891 0.07604
0 0.13672 0.82891 0.15625 0.07656
0 0.16328 0.77083 0.15938 0.07083
0 0.15039 0.70651 0.16172 0.07031
0 0.14805 0.64323 0.15859 0.07500
0 0.14687 0.57865 0.14375 0.06146
0 0.14687 0.51250 0.14375 0.07396
0 0.19023 0.11563 0.13828 0.07083
0 0.17227 0.18151 0.14297 0.07135
0 0.15977 0.25026 0.15391 0.07240
0 0.15508 0.31615 0.14453 0.06562
0 0.15352 0.38411 0.15078 0.08177
0 0.16445 0.44948 0.15078 0.07604
0 0.28711 0.98177 0.15391 0.03646
0 0.27852 0.93333 0.16172 0.09583
0 0.26680 0.84141 0.14922 0.10365
0 0.27734 0.74375 0.14531 0.09792
0 0.27266 0.65807 0.16563 0.09948
0 0.43164 0.98307 0.18203 0.03385
0 0.43086 0.93542 0.17266 0.07708
0 0.41953 0.86537 0.18281 0.08281
0 0.40312 0.79948 0.19062 0.06979
0 0.42539 0.73906 0.17109 0.07500
0 0.40781 0.67474 0.17344 0.07344
0 0.39688 0.60990 0.18125 0.06354
0 0.46133 0.02943 0.16016 0.05885
0 0.45625 0.08854 0.15156 0.07292
0 0.44961 0.15052 0.15078 0.07187
0 0.44023 0.21328 0.16016 0.06927
0 0.43789 0.28151 0.16484 0.07552
0 0.43125 0.34922 0.17187 0.07865
0 0.43281 0.41562 0.16406 0.06771
0 0.42578 0.48333 0.17500 0.08125
0 0.41250 0.54974 0.16875 0.06510
0 0.26289 0.56745 0.15391 0.09427
0 0.27031 0.48906 0.16406 0.07396
0 0.31016 0.02734 0.15156 0.05469
0 0.30781 0.08516 0.15000 0.07656
0 0.29844 0.15026 0.15781 0.07760
0 0.29180 0.21588 0.15859 0.07344
0 0.28125 0.28125 0.16094 0.07812
0 0.27227 0.34583 0.16016 0.07188
0 0.27812 0.41484 0.16406 0.08073
