0 0.69688 0.85340 0.03118 0.04114
0 0.67812 0.87310 0.03406 0.03205
0 0.63770 0.82936 0.02367 0.02165
0 0.50779 0.65981 0.02252 0.02295
0 0.56986 0.74080 0.02656 0.02555
0 0.70872 0.76245 0.01905 0.02728
0 0.70352 0.74210 0.02136 0.02555
0 0.70006 0.71438 0.02136 0.03335
0 0.69053 0.68774 0.01848 0.02512
0 0.69919 0.82135 0.03118 0.02815
0 0.69861 0.79602 0.04042 0.03205
0 0.69255 0.77025 0.03753 0.02815
0 0.68822 0.74729 0.03464 0.02988
0 0.68101 0.72088 0.03868 0.02988
0 0.67494 0.67410 0.02771 0.02295
0 0.67696 0.69684 0.03406 0.02685
0 0.66830 0.65331 0.03868 0.03248
0 0.66368 0.62689 0.03522 0.02555
0 0.55803 0.71308 0.03406 0.02642
0 0.54706 0.68385 0.04908 0.02858
0 0.54128 0.65699 0.05023 0.02599
0 0.62327 0.80359 0.02714 0.02642
0 0.61230 0.77718 0.04677 0.02555
0 0.60826 0.75054 0.05254 0.03118
0 0.60162 0.72412 0.05543 0.03205
0 0.59988 0.69511 0.05081 0.02512
0 0.59931 0.66674 0.05427 0.02728
0 0.59527 0.63924 0.05543 0.02945
0 0.66744 0.84409 0.04734 0.02858
0 0.66368 0.81984 0.05254 0.03032
0 0.65762 0.79493 0.04850 0.02988
0 0.65762 0.76700 0.05081 0.02945
0 0.65704 0.74166 0.04503 0.03162
0 0.64723 0.71373 0.04388 0.03118
0 0.64117 0.68146 0.04446 0.03421
0 0.63684 0.65201 0.04042 0.02902
0 0.65762 0.59745 0.03464 0.03335
0 0.65127 0.56648 0.03002 0.02945
0 0.64492 0.53984 0.02887 0.03162
0 0.63713 0.51321 0.03406 0.02858
0 0.63395 0.48809 0.03002 0.02945
0 0.62702 0.46037 0.02656 0.02858
0 0.62327 0.42854 0.02136 0.02295
0 0.63106 0.61650 0.04388 0.03335
0 0.62731 0.58294 0.04215 0.02772
0 0.62182 0.55738 0.04388 0.03205
0 0.61547 0.52772 0.04850 0.03421
0 0.60912 0.50043 0.04042 0.02902
0 0.61057 0.47228 0.03984 0.02902
0 0.58689 0.60957 0.04908 0.03162
0 0.58199 0.58272 0.05427 0.02815
0 0.57996 0.55414 0.04908 0.03335
0 0.57650 0.52728 0.04446 0.02728
0 0.57159 0.49805 0.04850 0.02945
0 0.56755 0.46990 0.05081 0.02858
0 0.50116 0.63621 0.03002 0.02252
0 0.49047 0.60784 0.04561 0.03162
0 0.48557 0.57947 0.04042 0.02685
0 0.48326 0.54786 0.04273 0.02858
0 0.47950 0.51797 0.03753 0.02772
0 0.47690 0.48852 0.03811 0.03032
0 0.47431 0.45972 0.03868 0.02815
0 0.54359 0.63188 0.04792 0.02685
0 0.54128 0.60286 0.04330 0.02512
0 0.53493 0.57471 0.05370 0.03118
0 0.53349 0.54504 0.04965 0.02728
0 0.52743 0.51602 0.05139 0.02728
0 0.52050 0.48701 0.05370 0.02902
0 0.52021 0.45712 0.05196 0.02815
0 0.47171 0.43352 0.04042 0.03118
0 0.51963 0.42854 0.05312 0.03075
0 0.56669 0.43958 0.04677 0.02858
0 0.60883 0.44240 0.04099 0.03075
0 0.61605 0.40364 0.02309 0.02772
0 0.61461 0.37895 0.01790 0.02772
0 0.61028 0.35405 0.01501 0.03248
0 0.60537 0.33001 0.01443 0.02772
0 0.60306 0.30771 0.00751 0.02209
0 0.59758 0.41425 0.04619 0.03421
0 0.59122 0.38328 0.04273 0.03205
0 0.58978 0.35513 0.03753 0.02945
0 0.59036 0.33001 0.02598 0.02945
0 0.58949 0.30684 0.02425 0.03248
0 0.59065 0.27696 0.01848 0.03075
0 0.58372 0.25249 0.01963 0.03205
0 0.44717 0.36033 0.02367 0.02165
0 0.55831 0.41078 0.04734 0.02902
0 0.55225 0.38458 0.05254 0.02772
0 0.55658 0.35730 0.05196 0.02858
0 0.55860 0.33066 0.04908 0.02902
0 0.56062 0.30360 0.05081 0.03291
0 0.56351 0.27653 0.05081 0.03248
0 0.56178 0.25032 0.04042 0.02945
0 0.56553 0.22261 0.03753 0.02945
0 0.55889 0.19532 0.03580 0.02858
0 0.51299 0.40017 0.05600 0.03291
0 0.50895 0.36942 0.05716 0.03118
0 0.51357 0.34062 0.05370 0.03075
0 0.51732 0.31182 0.05196 0.03032
0 0.52021 0.28237 0.05312 0.03291
0 0.52540 0.25249 0.05543 0.02945
0 0.53175 0.22650 0.04042 0.02858
0 0.53782 0.19987 0.03753 0.03075
0 0.39261 0.19684 0.01386 0.02469
0 0.38914 0.23798 0.01963 0.03075
0 0.39001 0.26527 0.01674 0.02555
0 0.40185 0.27631 0.02309 0.02685
0 0.39810 0.24816 0.01674 0.03032
0 0.40214 0.21806 0.02598 0.02988
0 0.40589 0.18883 0.02887 0.03205
0 0.41455 0.29212 0.03580 0.03595
0 0.41599 0.26029 0.03406 0.02858
0 0.42004 0.23062 0.03753 0.03595
0 0.42350 0.19900 0.03406 0.02902
0 0.44082 0.33629 0.02598 0.02728
0 0.44053 0.30706 0.04388 0.03378
0 0.44688 0.27241 0.04273 0.03118
0 0.45266 0.24188 0.05312 0.03508
0 0.45930 0.20983 0.05023 0.03075
0 0.46738 0.40450 0.04561 0.03032
0 0.46507 0.37722 0.04792 0.02945
0 0.46796 0.34929 0.04446 0.02988
0 0.47084 0.32027 0.04446 0.02988
0 0.47517 0.28757 0.05081 0.03811
0 0.48181 0.25704 0.04215 0.03075
0 0.49105 0.22889 0.04561 0.02815
0 0.49798 0.19944 0.05370 0.03248
0 0.39550 0.16695 0.03002 0.03508
0 0.40878 0.14898 0.03695 0.03291
0 0.41455 0.12321 0.02771 0.04028
0 0.43129 0.16262 0.04965 0.03681
0 0.45439 0.17887 0.04503 0.03291
0 0.45035 0.09441 0.04157 0.02599
0 0.44544 0.10849 0.03868 0.02382
0 0.44371 0.13274 0.04446 0.03162
0 0.49018 0.09376 0.04157 0.02469
0 0.54157 0.13036 0.02656 0.02512
0 0.51415 0.11585 0.04215 0.03335
0 0.55572 0.16999 0.03291 0.02815
0 0.53666 0.14682 0.04099 0.02858
0 0.52310 0.16695 0.03926 0.03162
0 0.50837 0.13534 0.03984 0.03595
0 0.47690 0.12126 0.04273 0.03725
0 0.48152 0.15266 0.04850 0.03248
0 0.49711 0.17129 0.04850 0.02815
