0 0.35826 0.63361 0.01443 0.00866
0 0.36259 0.62625 0.01501 0.01213
0 0.34671 0.63382 0.01328 0.01083
0 0.32621 0.63621 0.03464 0.01473
0 0.30312 0.63729 0.01501 0.01083
0 0.28811 0.62928 0.02540 0.01992
0 0.31120 0.62581 0.02425 0.01299
0 0.33256 0.62538 0.02425 0.01213
0 0.35364 0.62365 0.02136 0.01126
0 0.37616 0.62321 0.01790 0.01213
0 0.37558 0.61520 0.01674 0.01256
0 0.36663 0.61174 0.01963 0.01516
0 0.34642 0.61369 0.02194 0.01473
0 0.32679 0.61672 0.02079 0.01732
0 0.31207 0.61109 0.02367 0.01732
0 0.29965 0.61672 0.02540 0.01473
0 0.28897 0.60935 0.02483 0.01906
0 0.26790 0.61174 0.02309 0.01602
0 0.25433 0.62993 0.02598 0.01256
0 0.25058 0.61910 0.02887 0.01862
0 0.24509 0.60502 0.02021 0.01732
0 0.27252 0.59658 0.02309 0.01776
0 0.22719 0.60502 0.01559 0.01819
0 0.21738 0.60394 0.01097 0.00736
0 0.30254 0.59701 0.02079 0.01343
0 0.32044 0.59918 0.02079 0.01776
0 0.33863 0.60091 0.02136 0.01949
0 0.35595 0.60026 0.02136 0.01819
0 0.37529 0.60004 0.02079 0.01689
0 0.38972 0.60459 0.01848 0.01992
0 0.31005 0.58554 0.02079 0.01559
0 0.29013 0.57990 0.01905 0.01386
0 0.30427 0.56994 0.02540 0.01646
0 0.32333 0.55955 0.02540 0.01906
0 0.36345 0.57860 0.02367 0.01646
0 0.37991 0.58575 0.02194 0.01862
0 0.39896 0.58727 0.02079 0.01473
0 0.41397 0.58120 0.01270 0.01213
0 0.39145 0.57428 0.02771 0.01732
0 0.40647 0.57081 0.01732 0.01819
0 0.41686 0.56475 0.01386 0.01819
0 0.28493 0.56410 0.02367 0.01516
0 0.27136 0.57254 0.02309 0.01646
0 0.25260 0.59420 0.02021 0.01732
0 0.25289 0.57860 0.02194 0.01732
0 0.21594 0.59420 0.01963 0.01732
0 0.20785 0.58575 0.00808 0.00909
0 0.22084 0.58142 0.01905 0.01689
0 0.23355 0.58900 0.02367 0.01906
0 0.25375 0.56237 0.02598 0.01602
0 0.23701 0.57016 0.01559 0.01689
0 0.22489 0.57146 0.01328 0.01689
0 0.21334 0.56670 0.01559 0.01516
0 0.21160 0.57752 0.01097 0.00909
0 0.20121 0.57449 0.01212 0.01602
0 0.22315 0.55479 0.01443 0.01819
0 0.21305 0.55349 0.01039 0.01299
0 0.20439 0.54721 0.01155 0.00736
0 0.20352 0.55760 0.01790 0.01776
0 0.21738 0.54006 0.01790 0.01819
0 0.20699 0.53703 0.01443 0.01559
0 0.39232 0.55197 0.02483 0.01776
0 0.37587 0.54547 0.02425 0.01256
0 0.41080 0.54179 0.01674 0.01646
0 0.40329 0.53421 0.01905 0.01776
0 0.38626 0.53335 0.02194 0.01602
0 0.36172 0.53768 0.02714 0.01516
0 0.34122 0.55695 0.01501 0.01213
0 0.33747 0.54656 0.01674 0.01819
0 0.37096 0.55890 0.02483 0.01776
0 0.40271 0.55803 0.02021 0.01516
0 0.42148 0.54829 0.02425 0.01472
0 0.42523 0.53421 0.02136 0.01602
0 0.41801 0.52707 0.01963 0.01299
0 0.44140 0.52837 0.01559 0.01213
0 0.43649 0.52057 0.01270 0.01299
0 0.42956 0.51927 0.01963 0.01213
0 0.42350 0.51018 0.01790 0.01559
0 0.40560 0.51992 0.02598 0.01169
0 0.39261 0.51169 0.02079 0.01689
0 0.37471 0.52339 0.02656 0.01949
0 0.36865 0.50996 0.02136 0.01602
0 0.35104 0.52469 0.02425 0.01862
0 0.33054 0.53140 0.02021 0.01213
0 0.31784 0.54158 0.02136 0.01689
0 0.30283 0.55349 0.01559 0.01646
0 0.29850 0.53638 0.01617 0.01689
0 0.28522 0.54764 0.02540 0.01949
0 0.26386 0.54569 0.02194 0.01732
0 0.23759 0.55240 0.02021 0.02036
0 0.24856 0.53790 0.02136 0.01732
0 0.23210 0.53725 0.01270 0.01949
0 0.33199 0.51711 0.02887 0.01906
0 0.44544 0.51711 0.01212 0.01039
0 0.44573 0.50433 0.01386 0.01689
0 0.43649 0.50346 0.01848 0.01776
0 0.45381 0.50368 0.01155 0.01039
0 0.45381 0.49545 0.01270 0.00780
0 0.44515 0.48896 0.02079 0.01299
0 0.41339 0.50606 0.02540 0.01689
0 0.42148 0.49134 0.02540 0.01516
0 0.43360 0.48116 0.01270 0.00866
0 0.39983 0.49654 0.02367 0.01602
0 0.37991 0.49502 0.02309 0.01646
0 0.35797 0.48636 0.02656 0.01646
0 0.33314 0.48787 0.02425 0.01516
0 0.35075 0.50195 0.01674 0.01559
0 0.33141 0.50217 0.02079 0.01516
0 0.31005 0.52360 0.02194 0.02079
0 0.31293 0.50346 0.01848 0.01776
0 0.31264 0.48289 0.02252 0.01819
0 0.29763 0.49654 0.02367 0.01516
0 0.29734 0.51104 0.01848 0.01819
0 0.28378 0.52534 0.02367 0.01732
0 0.26155 0.52923 0.01848 0.01559
0 0.24682 0.52360 0.01905 0.01299
0 0.23585 0.51819 0.01674 0.01602
0 0.22806 0.50953 0.01732 0.01516
0 0.22257 0.52772 0.01790 0.00909
0 0.21998 0.52339 0.02194 0.01429
0 0.26213 0.51408 0.02079 0.01559
0 0.24942 0.50953 0.01732 0.01689
0 0.24047 0.50152 0.01328 0.01472
0 0.23730 0.49545 0.01039 0.01472
0 0.28002 0.50953 0.01617 0.01689
0 0.27685 0.49242 0.01790 0.01473
0 0.27079 0.48679 0.01501 0.01386
0 0.26559 0.50087 0.01732 0.01256
0 0.25635 0.49415 0.01501 0.01646
0 0.24971 0.48852 0.01674 0.01472
0 0.26328 0.47770 0.01386 0.01646
0 0.25087 0.47683 0.01559 0.01386
0 0.25895 0.46146 0.00982 0.01516
0 0.26790 0.46189 0.01848 0.01602
0 0.26790 0.44933 0.00577 0.01169
0 0.27742 0.44738 0.01674 0.01299
0 0.28955 0.43894 0.01790 0.01083
0 0.28176 0.43655 0.01501 0.01039
0 0.28262 0.42767 0.00635 0.01256
0 0.29186 0.42638 0.01328 0.01429
0 0.29475 0.44976 0.02021 0.01516
0 0.28002 0.45474 0.02194 0.01559
0 0.34498 0.47055 0.02367 0.01689
0 0.32564 0.47337 0.01848 0.01732
0 0.31466 0.46773 0.02309 0.01472
0 0.29099 0.47185 0.02194 0.01256
0 0.27887 0.47640 0.02079 0.01299
0 0.29042 0.48073 0.01848 0.01906
0 0.30341 0.46102 0.02136 0.01516
0 0.31438 0.44825 0.02136 0.01559
0 0.32419 0.43222 0.02367 0.01299
0 0.30629 0.43374 0.01674 0.01343
0 0.30543 0.42096 0.01501 0.01213
0 0.31293 0.41035 0.01270 0.01083
0 0.30110 0.41447 0.01212 0.01386
0 0.30947 0.40147 0.01039 0.01126
0 0.40647 0.47965 0.01963 0.01776
0 0.38741 0.47965 0.02194 0.01862
0 0.37154 0.47250 0.02021 0.01559
0 0.42350 0.47488 0.02136 0.01949
0 0.46363 0.48441 0.01501 0.01256
0 0.44515 0.47401 0.02194 0.01776
0 0.45699 0.47835 0.01559 0.00996
0 0.46911 0.47077 0.00404 0.00953
0 0.46276 0.47531 0.00982 0.00823
0 0.45872 0.46492 0.01905 0.01516
0 0.43331 0.45756 0.01674 0.01776
0 0.34960 0.37592 0.01905 0.01559
0 0.34584 0.45193 0.01732 0.01776
0 0.36143 0.43915 0.02194 0.01732
0 0.33718 0.44088 0.02079 0.01386
0 0.33054 0.45517 0.01790 0.01732
0 0.36086 0.45583 0.01963 0.01862
0 0.37962 0.44933 0.02598 0.01689
0 0.39088 0.43569 0.02079 0.01906
0 0.40127 0.45279 0.01732 0.01516
0 0.39405 0.46600 0.02367 0.01906
0 0.41513 0.46319 0.02079 0.01776
0 0.44717 0.45691 0.01443 0.01559
0 0.43736 0.44262 0.02367 0.01299
0 0.41744 0.44630 0.01848 0.01862
0 0.41859 0.42919 0.02309 0.01819
0 0.44082 0.42832 0.02367 0.01646
0 0.45987 0.44132 0.02367 0.01819
0 0.46680 0.45279 0.02021 0.01516
0 0.47633 0.45929 0.01848 0.01689
0 0.47950 0.44088 0.02136 0.01732
0 0.48816 0.42746 0.01559 0.01386
0 0.49711 0.41728 0.01617 0.01429
0 0.47344 0.43330 0.01732 0.01343
0 0.46132 0.42529 0.01963 0.01559
0 0.44833 0.41165 0.02136 0.01516
0 0.43129 0.40082 0.02425 0.01689
0 0.40127 0.41880 0.02656 0.01386
0 0.40907 0.40515 0.02714 0.01776
0 0.38568 0.40927 0.02194 0.01732
0 0.36663 0.41230 0.01848 0.01559
0 0.37500 0.42421 0.02252 0.01862
0 0.35133 0.42724 0.02598 0.01516
0 0.32159 0.42118 0.02194 0.01776
0 0.34180 0.41750 0.02309 0.02079
0 0.32304 0.40126 0.01559 0.01862
0 0.33430 0.40494 0.01848 0.01646
0 0.35710 0.40385 0.02252 0.01689
0 0.33401 0.38696 0.01559 0.01516
0 0.34324 0.39324 0.01674 0.01819
0 0.35826 0.38696 0.02367 0.01949
0 0.37471 0.39368 0.02079 0.01732
0 0.39607 0.39108 0.02194 0.01646
0 0.41484 0.38740 0.02021 0.01862
0 0.43303 0.38415 0.02194 0.01732
0 0.44948 0.39303 0.01905 0.01516
0 0.48470 0.40321 0.01559 0.01386
0 0.49740 0.40234 0.01790 0.01559
0 0.48441 0.37116 0.01963 0.01646
0 0.50895 0.38220 0.01212 0.01083
0 0.49913 0.38675 0.01674 0.01559
0 0.48297 0.38740 0.02483 0.01776
0 0.46651 0.38047 0.02425 0.01516
0 0.45121 0.37592 0.01905 0.01472
0 0.43216 0.36834 0.02598 0.01169
0 0.40647 0.36877 0.02194 0.01689
0 0.38597 0.37830 0.02136 0.01776
0 0.37009 0.36942 0.02194 0.01732
0 0.35422 0.36250 0.01443 0.01472
0 0.34238 0.36921 0.01501 0.01516
0 0.33256 0.37462 0.01501 0.00866
0 0.33487 0.36466 0.01270 0.01472
0 0.32766 0.36358 0.01097 0.01169
0 0.39174 0.36076 0.02136 0.01646
0 0.37269 0.35275 0.02483 0.01776
0 0.35306 0.35015 0.01443 0.01429
0 0.33805 0.35318 0.01790 0.00909
0 0.44861 0.35860 0.02425 0.01732
0 0.46680 0.36423 0.02367 0.01559
0 0.48441 0.35578 0.01963 0.01689
0 0.50635 0.36942 0.02656 0.01646
0 0.51761 0.35881 0.01097 0.01256
0 0.34238 0.34192 0.01501 0.01256
0 0.34988 0.33694 0.01039 0.01386
0 0.35883 0.33326 0.01905 0.01429
0 0.37413 0.33846 0.02425 0.01689
0 0.39203 0.33369 0.02425 0.01776
0 0.35970 0.32027 0.01963 0.01516
0 0.37125 0.32633 0.01848 0.01343
0 0.38770 0.31919 0.02021 0.01472
0 0.37846 0.31420 0.01674 0.01689
0 0.36778 0.31161 0.01386 0.01602
0 0.52569 0.34560 0.01790 0.01386
0 0.46882 0.31724 0.02309 0.01602
0 0.44573 0.31659 0.02309 0.01472
0 0.41801 0.31572 0.02425 0.01472
0 0.40733 0.32395 0.01905 0.01646
0 0.42032 0.33521 0.02309 0.01646
0 0.40416 0.34690 0.02425 0.01906
0 0.41195 0.35470 0.00173 0.00260
0 0.43072 0.35383 0.02194 0.01819
0 0.45006 0.34279 0.02252 0.01602
0 0.43793 0.32633 0.01905 0.01776
0 0.46998 0.33283 0.02194 0.01516
0 0.48932 0.32157 0.02136 0.01429
0 0.48903 0.33824 0.02309 0.01732
0 0.46709 0.34993 0.02194 0.01472
0 0.50173 0.35058 0.02079 0.01689
0 0.51213 0.35362 0.01386 0.01256
0 0.53349 0.33283 0.01386 0.01343
0 0.51732 0.33673 0.02656 0.01862
0 0.50520 0.32568 0.01848 0.01646
0 0.52021 0.32265 0.01501 0.01472
0 0.53233 0.32482 0.01270 0.01126
0 0.54013 0.31291 0.00866 0.01516
0 0.53060 0.31356 0.02079 0.01386
0 0.51010 0.31074 0.02252 0.01343
0 0.49192 0.30771 0.02540 0.01602
0 0.45872 0.30836 0.02252 0.01299
0 0.43938 0.30576 0.02309 0.01039
0 0.42032 0.30338 0.02194 0.01169
0 0.40040 0.30706 0.02021 0.01732
0 0.39290 0.29861 0.01328 0.01429
0 0.38366 0.29926 0.01674 0.01819
0 0.37154 0.29732 0.01790 0.01516
0 0.44197 0.28064 0.02367 0.01299
0 0.41801 0.28194 0.02656 0.01386
0 0.43245 0.29407 0.01963 0.01213
0 0.41137 0.29428 0.02367 0.01343
0 0.39434 0.28432 0.02079 0.01602
0 0.38048 0.28779 0.01155 0.00996
0 0.38020 0.27956 0.01559 0.01169
0 0.38626 0.27176 0.00808 0.00650
0 0.54504 0.29818 0.01848 0.01516
0 0.53464 0.29861 0.01732 0.01429
0 0.51934 0.30186 0.01559 0.01559
0 0.47633 0.30100 0.02425 0.01559
0 0.47662 0.28757 0.02367 0.01299
0 0.45525 0.29277 0.02483 0.01906
0 0.46565 0.27826 0.02714 0.01516
0 0.48643 0.27653 0.02021 0.01602
0 0.40127 0.25747 0.02194 0.01343
0 0.39954 0.27133 0.01963 0.01689
0 0.41744 0.27263 0.02079 0.01602
0 0.41311 0.26223 0.02136 0.01516
0 0.43938 0.26916 0.02425 0.01516
0 0.46449 0.26462 0.02021 0.01732
0 0.45439 0.25141 0.02079 0.01776
0 0.43418 0.25812 0.02079 0.01732
0 0.42379 0.24968 0.02079 0.02036
0 0.41513 0.24491 0.01501 0.01689
0 0.40589 0.24426 0.01386 0.01473
0 0.42263 0.23170 0.01155 0.01473
0 0.41484 0.22867 0.01212 0.01299
0 0.50202 0.29060 0.02598 0.01732
0 0.51876 0.28346 0.02136 0.01862
0 0.53724 0.28129 0.02021 0.01776
0 0.54561 0.28367 0.02079 0.01472
0 0.56467 0.26418 0.00924 0.01126
0 0.55110 0.26440 0.00982 0.01343
0 0.54186 0.26332 0.01790 0.01559
0 0.52598 0.27046 0.02425 0.01689
0 0.51299 0.26245 0.01905 0.01472
0 0.50144 0.27111 0.02136 0.01906
0 0.48470 0.25466 0.02136 0.01732
0 0.50635 0.25119 0.02309 0.01732
0 0.52685 0.25357 0.02483 0.01689
0 0.56726 0.24881 0.02021 0.01776
0 0.55196 0.25119 0.02425 0.01473
0 0.55601 0.23538 0.01963 0.01776
0 0.54013 0.24015 0.02136 0.01949
0 0.51934 0.23647 0.02367 0.01646
0 0.49769 0.23777 0.02425 0.01906
0 0.48441 0.22694 0.01617 0.01819
0 0.47229 0.24058 0.02425 0.01776
0 0.45525 0.23278 0.02136 0.01776
0 0.43331 0.23452 0.02367 0.01949
0 0.43995 0.22023 0.02194 0.01256
0 0.44948 0.20918 0.01443 0.01299
0 0.43995 0.20030 0.01501 0.01689
0 0.42898 0.21243 0.00924 0.01256
0 0.42206 0.21741 0.01386 0.01559
0 0.44948 0.19142 0.01674 0.01819
0 0.57910 0.23560 0.01617 0.01732
0 0.57188 0.23343 0.01674 0.01126
0 0.57939 0.22109 0.01212 0.01429
0 0.57506 0.22023 0.01386 0.01256
0 0.45872 0.21373 0.02136 0.01689
0 0.47719 0.21503 0.01674 0.01516
0 0.47171 0.20182 0.02309 0.01646
0 0.46305 0.19034 0.01963 0.01689
0 0.49596 0.21005 0.02194 0.01992
0 0.51386 0.22087 0.02887 0.01559
0 0.56120 0.22131 0.02656 0.01472
0 0.53695 0.21633 0.02425 0.02295
0 0.51559 0.20355 0.02540 0.01732
0 0.55947 0.20593 0.02425 0.01862
0 0.58603 0.20615 0.01039 0.01039
0 0.57737 0.20420 0.01848 0.01516
0 0.44428 0.18190 0.01559 0.01559
0 0.48297 0.18796 0.02367 0.01646
0 0.48759 0.19684 0.01674 0.01343
0 0.50404 0.18709 0.02309 0.01906
0 0.52281 0.18298 0.01905 0.02036
0 0.53262 0.19771 0.02483 0.01602
0 0.55369 0.19186 0.02425 0.01819
0 0.54099 0.18233 0.02194 0.01559
0 0.57275 0.19402 0.01963 0.01213
0 0.59007 0.19554 0.01501 0.01256
0 0.60508 0.15678 0.01270 0.01386
0 0.59325 0.18298 0.00982 0.01343
0 0.58199 0.18320 0.01848 0.01732
0 0.55976 0.17735 0.02483 0.01689
0 0.57650 0.17410 0.01443 0.01819
0 0.54244 0.16674 0.02136 0.01732
0 0.56293 0.16197 0.02425 0.01906
0 0.57708 0.15634 0.02021 0.01906
0 0.59007 0.16652 0.01963 0.01949
0 0.60046 0.17085 0.01848 0.01949
0 0.59902 0.15310 0.01559 0.01343
0 0.58516 0.14790 0.02136 0.01602
0 0.47460 0.17562 0.01848 0.01602
0 0.49336 0.17389 0.01790 0.02036
0 0.51241 0.17064 0.02252 0.01819
0 0.52425 0.15851 0.02540 0.01646
0 0.54590 0.14963 0.02367 0.01949
0 0.45410 0.17194 0.01790 0.02079
0 0.46391 0.17085 0.01674 0.01949
0 0.47373 0.15613 0.02021 0.01689
0 0.46478 0.15180 0.01732 0.01949
0 0.52396 0.14400 0.02483 0.01516
0 0.50548 0.14682 0.02367 0.01906
0 0.48672 0.14530 0.01617 0.01776
0 0.47950 0.14032 0.01905 0.01646
0 0.47084 0.13621 0.01443 0.01429
0 0.47922 0.12300 0.01155 0.01906
0 0.49076 0.12646 0.02194 0.01732
0 0.49971 0.13144 0.01674 0.01602
0 0.51761 0.12884 0.02367 0.01776
0 0.56582 0.13989 0.02656 0.01819
0 0.54070 0.13577 0.02714 0.01776
0 0.55601 0.12365 0.02309 0.01776
0 0.60652 0.14444 0.01790 0.01343
0 0.59555 0.13556 0.01674 0.02165
0 0.60681 0.13036 0.02425 0.01992
0 0.62125 0.12430 0.00924 0.02252
0 0.62442 0.10221 0.01674 0.01646
0 0.60768 0.11022 0.02021 0.01862
0 0.58834 0.11823 0.02309 0.01646
0 0.57304 0.11130 0.02367 0.01732
0 0.55254 0.10697 0.02425 0.01472
0 0.53493 0.11953 0.02252 0.01646
0 0.50751 0.11628 0.01732 0.01776
0 0.49047 0.11109 0.02136 0.01516
0 0.49134 0.10113 0.01386 0.00736
0 0.50664 0.10307 0.02021 0.01646
0 0.50087 0.09355 0.01559 0.01559
0 0.51761 0.09181 0.01905 0.01906
0 0.53522 0.09008 0.02771 0.01559
0 0.55860 0.08402 0.02598 0.01559
0 0.56986 0.09420 0.02540 0.01862
0 0.58978 0.10026 0.02252 0.01949
0 0.59873 0.08683 0.02079 0.01862
0 0.61490 0.09355 0.02194 0.01819
0 0.62818 0.08878 0.01270 0.01213
0 0.61519 0.07990 0.01212 0.01083
0 0.62644 0.07687 0.01617 0.01862
0 0.60970 0.07146 0.01617 0.01646
0 0.59093 0.07124 0.02714 0.01862
0 0.58025 0.08099 0.02194 0.01559
0 0.56726 0.07319 0.02367 0.01646
0 0.54532 0.07557 0.02021 0.01516
0 0.52714 0.07817 0.01963 0.01776
0 0.51010 0.08424 0.01559 0.01169
0 0.51241 0.07557 0.01559 0.00823
0 0.51674 0.06799 0.00808 0.00953
0 0.54244 0.06561 0.02252 0.01343
0 0.54272 0.05738 0.01963 0.01083
0 0.52685 0.06388 0.01443 0.01429
0 0.54215 0.05219 0.02079 0.00909
0 0.56351 0.05912 0.02425 0.01429
0 0.58054 0.05565 0.02136 0.01776
0 0.59671 0.05522 0.01212 0.00996
0 0.61749 0.06323 0.02136 0.01732
0 0.62442 0.05630 0.00982 0.01126
0 0.61172 0.05197 0.02021 0.01819
0 0.60624 0.04374 0.01039 0.00780
0 0.59584 0.04482 0.01732 0.01169
0 0.55918 0.04591 0.02367 0.01386
0 0.58054 0.04179 0.01790 0.01343
