0 0.70287 0.04498 0.04740 0.07882
0 0.33698 0.01353 0.02917 0.02707
0 0.35703 0.01632 0.02552 0.03264
0 0.37891 0.02389 0.03281 0.04777
0 0.40443 0.03503 0.05781 0.07006
0 0.21354 0.01791 0.03333 0.03583
0 0.23724 0.02707 0.02760 0.05414
0 0.26146 0.03065 0.03958 0.06131
0 0.29297 0.03822 0.07135 0.07643
0 0.30260 0.05693 0.06354 0.09634
0 0.31693 0.06608 0.06094 0.09076
0 0.34453 0.05812 0.06719 0.05255
0 0.11953 0.02548 0.02344 0.05096
0 0.13724 0.02229 0.03073 0.04459
0 0.15547 0.02349 0.03073 0.04697
0 0.17161 0.02349 0.03906 0.04697
0 0.15313 0.05295 0.02292 0.02309
0 0.12604 0.07006 0.03958 0.06847
0 0.13724 0.09873 0.02969 0.07643
0 0.15026 0.16561 0.01302 0.03025
0 0.16042 0.17516 0.01354 0.03662
0 0.17500 0.19148 0.01979 0.03742
0 0.14948 0.10908 0.02708 0.09554
0 0.15547 0.11067 0.01927 0.08758
0 0.16250 0.13057 0.01875 0.08758
0 0.17760 0.14371 0.02708 0.08201
0 0.18724 0.17436 0.01927 0.08599
0 0.19922 0.18830 0.02031 0.08838
0 0.22448 0.27070 0.02813 0.05573
0 0.24740 0.29578 0.02083 0.04220
0 0.18802 0.05494 0.05000 0.10669
0 0.20104 0.07922 0.04583 0.10589
0 0.21380 0.09634 0.04740 0.11783
0 0.21380 0.19944 0.02448 0.09952
0 0.22969 0.21974 0.02812 0.10669
0 0.22760 0.10390 0.03958 0.10271
0 0.24193 0.11584 0.04740 0.11385
0 0.25495 0.12858 0.04948 0.11545
0 0.24792 0.23288 0.03021 0.09952
0 0.25911 0.26712 0.02760 0.10111
0 0.27109 0.26871 0.01927 0.07564
0 0.26797 0.15963 0.04323 0.11704
0 0.28542 0.17397 0.04063 0.12978
0 0.32370 0.09713 0.04010 0.06210
0 0.30052 0.17795 0.03854 0.10589
0 0.33854 0.11385 0.03958 0.08280
0 0.32344 0.17516 0.04688 0.05732
0 0.78646 0.03702 0.03958 0.05653
0 0.69010 0.03662 0.03854 0.07325
0 0.65833 0.01672 0.03958 0.03344
0 0.54583 0.02150 0.02500 0.04299
0 0.56276 0.02269 0.03490 0.04538
0 0.58516 0.03742 0.04635 0.07484
0 0.60807 0.04777 0.05260 0.09554
0 0.62943 0.06011 0.05781 0.11067
0 0.64896 0.07803 0.05521 0.10828
0 0.59219 0.10788 0.02396 0.05016
0 0.60182 0.13057 0.04010 0.05892
0 0.61537 0.15963 0.04531 0.08519
0 0.64141 0.16401 0.04219 0.07484
0 0.78516 0.08360 0.07552 0.05255
0 0.82422 0.10589 0.05469 0.05573
0 0.85651 0.11823 0.06406 0.04857
0 0.71042 0.11107 0.07292 0.09315
0 0.73698 0.12978 0.06875 0.09554
0 0.76458 0.14291 0.06667 0.09315
0 0.78724 0.16242 0.05990 0.09873
0 0.82057 0.17675 0.07135 0.09395
0 0.88620 0.13575 0.05990 0.05653
0 0.91328 0.15127 0.05781 0.06369
0 0.84323 0.19069 0.07083 0.09634
0 0.87787 0.20979 0.06823 0.10111
0 0.94661 0.16680 0.06094 0.07245
0 0.91432 0.22890 0.06198 0.10430
0 0.97839 0.17914 0.04323 0.06529
0 0.94479 0.24920 0.06875 0.10669
0 0.97474 0.26393 0.05052 0.11226
0 0.66693 0.18233 0.07135 0.08917
0 0.68958 0.20024 0.05938 0.08201
0 0.71771 0.21457 0.06250 0.08041
0 0.75000 0.23089 0.06771 0.08599
0 0.76667 0.25876 0.07396 0.09554
0 0.80781 0.27428 0.07812 0.10430
0 0.84688 0.30414 0.08438 0.11146
0 0.88620 0.33320 0.08177 0.10908
0 0.93021 0.36783 0.08542 0.13376
0 0.98620 0.30693 0.02760 0.06290
0 0.96224 0.39729 0.07552 0.13217
0 0.98385 0.43193 0.03229 0.11385
0 0.01120 0.00637 0.02240 0.01274
0 0.01979 0.02189 0.03958 0.03105
0 0.01510 0.03861 0.03021 0.03105
0 0.03151 0.04658 0.06094 0.03264
0 0.04010 0.06369 0.06875 0.03344
0 0.05260 0.08280 0.06771 0.04140
0 0.01406 0.07046 0.02812 0.03424
0 0.05703 0.09116 0.06094 0.03424
0 0.06380 0.13177 0.07240 0.08997
0 0.02057 0.09912 0.04115 0.04857
0 0.02344 0.16839 0.04688 0.14888
0 0.10313 0.48845 0.07813 0.13296
0 0.12188 0.37898 0.08333 0.09713
0 0.12031 0.27468 0.09583 0.14331
0 0.09323 0.19984 0.08438 0.12898
0 0.04531 0.47572 0.04062 0.07086
0 0.01302 0.41640 0.02604 0.05255
0 0.01302 0.43989 0.02604 0.04697
0 0.05026 0.50597 0.04219 0.05653
0 0.06589 0.54658 0.03906 0.05175
0 0.08125 0.59634 0.05729 0.08758
0 0.09766 0.64849 0.04323 0.06449
0 0.12500 0.71656 0.06979 0.11465
0 0.15833 0.78702 0.02917 0.05016
0 0.01302 0.45342 0.02604 0.04379
0 0.02344 0.50199 0.04688 0.07404
0 0.02917 0.55653 0.05833 0.07643
0 0.04323 0.61306 0.08646 0.08280
0 0.05208 0.67715 0.10417 0.09952
0 0.07292 0.75000 0.14583 0.11306
0 0.18516 0.84833 0.07240 0.08997
0 0.09896 0.82683 0.12708 0.08201
0 0.26432 0.96895 0.04323 0.06210
0 0.23047 0.94108 0.05260 0.11783
0 0.13255 0.87858 0.16406 0.11067
0 0.20443 0.96338 0.07448 0.07325
0 0.02005 0.80255 0.04010 0.10032
0 0.02630 0.88774 0.05260 0.11783
0 0.09635 0.93591 0.18542 0.12818
0 0.01927 0.97213 0.03854 0.05573
0 0.28385 0.64889 0.01771 0.03981
0 0.30130 0.67834 0.02240 0.06369
0 0.32630 0.71696 0.03490 0.07882
0 0.35521 0.75319 0.03437 0.08280
0 0.38437 0.79737 0.03542 0.08360
0 0.40469 0.84276 0.02396 0.07245
0 0.43073 0.89690 0.04583 0.09952
0 0.46588 0.94666 0.04219 0.09713
0 0.50391 0.97611 0.04531 0.04777
0 0.25026 0.52190 0.03698 0.13455
0 0.27187 0.55613 0.03333 0.12819
0 0.29427 0.58400 0.04583 0.12659
0 0.32266 0.61186 0.04635 0.14570
0 0.35130 0.64849 0.05052 0.12978
0 0.37396 0.68431 0.04688 0.14411
0 0.40521 0.73607 0.05104 0.14252
0 0.43750 0.78463 0.06458 0.14252
0 0.46719 0.82922 0.05833 0.15685
0 0.51016 0.88615 0.07135 0.18631
0 0.55495 0.93033 0.07969 0.13933
0 0.60521 0.96338 0.08437 0.07325
0 0.57891 0.15645 0.03073 0.05016
0 0.55026 0.10112 0.06719 0.11783
0 0.50026 0.06887 0.08177 0.13774
0 0.43880 0.06967 0.07552 0.13933
0 0.38281 0.12341 0.08333 0.11943
0 0.26562 0.38416 0.05417 0.17118
0 0.29323 0.40924 0.06667 0.18471
0 0.32214 0.44825 0.07760 0.18790
0 0.35625 0.45342 0.05104 0.12182
0 0.37266 0.50756 0.07865 0.18392
0 0.40391 0.52707 0.07344 0.18790
0 0.43333 0.58121 0.08125 0.20064
0 0.47526 0.62739 0.10990 0.21178
0 0.51276 0.67914 0.09115 0.22930
0 0.55599 0.71736 0.10469 0.24841
0 0.60391 0.77707 0.10990 0.25478
0 0.65469 0.84634 0.12083 0.26433
0 0.71745 0.89809 0.14844 0.20382
0 0.82995 0.94745 0.13073 0.10510
0 0.54792 0.14729 0.03021 0.02707
0 0.57318 0.17038 0.02760 0.02070
0 0.60625 0.19148 0.03229 0.02627
0 0.63542 0.21656 0.03333 0.03025
0 0.48750 0.13973 0.03437 0.02309
0 0.52057 0.15605 0.05365 0.04777
0 0.54713 0.17834 0.06823 0.03662
0 0.57656 0.20143 0.06250 0.04299
0 0.61484 0.22970 0.05677 0.05016
0 0.65234 0.25438 0.07552 0.05653
0 0.68828 0.29140 0.08802 0.07962
0 0.73438 0.32086 0.08021 0.06529
0 0.78724 0.35828 0.10469 0.07484
0 0.84323 0.40884 0.11875 0.09793
0 0.39141 0.16919 0.07969 0.07086
0 0.43177 0.18193 0.09479 0.09634
0 0.46406 0.20183 0.09583 0.10748
0 0.49713 0.23288 0.10365 0.10589
0 0.52604 0.25796 0.10104 0.10669
0 0.56432 0.28344 0.10781 0.12261
0 0.59818 0.32444 0.10781 0.11067
0 0.63490 0.36624 0.10208 0.13376
0 0.68203 0.40406 0.11719 0.14570
0 0.72865 0.44307 0.12604 0.12819
0 0.78802 0.48845 0.11250 0.13296
0 0.31849 0.24881 0.08698 0.14092
0 0.35000 0.27070 0.09375 0.13854
0 0.37292 0.29339 0.10521 0.14888
0 0.40885 0.32723 0.10729 0.15924
0 0.43203 0.35549 0.11094 0.15207
0 0.46823 0.38137 0.11875 0.14650
0 0.50026 0.41998 0.12969 0.15207
0 0.54557 0.46417 0.14948 0.17357
0 0.59740 0.51791 0.13646 0.16959
0 0.66953 0.57524 0.13906 0.16959
0 0.73281 0.64690 0.15417 0.19347
0 0.89479 0.45541 0.10313 0.07006
0 0.99375 0.57086 0.01250 0.04459
0 0.95495 0.51035 0.09010 0.10510
0 0.85130 0.53981 0.12969 0.15605
0 0.92370 0.61823 0.15260 0.18073
0 0.96406 0.71776 0.07187 0.21417
0 0.94635 0.90645 0.10729 0.18710
0 0.79141 0.72810 0.16406 0.23010
0 0.87656 0.82524 0.17708 0.25398
