0 0.69297 0.40443 0.01406 0.00990
0 0.68594 0.55234 0.00781 0.00469
0 0.68516 0.54688 0.00781 0.00833
0 0.68008 0.54948 0.01172 0.00937
0 0.66875 0.53151 0.02656 0.00990
0 0.67539 0.54062 0.01641 0.01042
0 0.71016 0.47604 0.00781 0.00833
0 0.71094 0.46719 0.01094 0.00938
0 0.58633 0.43828 0.01484 0.00885
0 0.58633 0.43021 0.01797 0.01042
0 0.58359 0.40234 0.01094 0.01094
0 0.59336 0.39479 0.01484 0.00938
0 0.58555 0.41276 0.01328 0.00990
0 0.70273 0.47917 0.01328 0.01042
0 0.69961 0.47162 0.01641 0.01094
0 0.69805 0.46146 0.01797 0.01042
0 0.58984 0.50078 0.00781 0.00781
0 0.59023 0.50677 0.00859 0.00521
0 0.59961 0.51146 0.01172 0.00625
0 0.61563 0.51198 0.01719 0.01042
0 0.61289 0.50287 0.01016 0.00990
0 0.60039 0.50313 0.01953 0.01146
0 0.59961 0.49349 0.01641 0.00885
0 0.61602 0.47891 0.01641 0.00781
0 0.58867 0.44245 0.01484 0.00990
0 0.59414 0.46224 0.01797 0.00990
0 0.59141 0.45338 0.01562 0.00990
0 0.63164 0.46380 0.02109 0.00990
0 0.61172 0.46094 0.02344 0.00938
0 0.62852 0.45365 0.02109 0.01146
0 0.60664 0.45234 0.02109 0.01094
0 0.60508 0.44271 0.02266 0.01042
0 0.60273 0.43255 0.02109 0.01094
0 0.60039 0.42266 0.01953 0.00990
0 0.59609 0.40182 0.02031 0.01094
0 0.59883 0.41302 0.01953 0.01042
0 0.62461 0.44453 0.01953 0.01094
0 0.62305 0.43411 0.02109 0.00990
0 0.62148 0.42448 0.02266 0.01042
0 0.61797 0.41458 0.02187 0.01042
0 0.61211 0.47031 0.02109 0.00938
0 0.64375 0.50182 0.01562 0.01094
0 0.64023 0.49375 0.01484 0.01042
0 0.63711 0.48438 0.02422 0.01042
0 0.63516 0.47370 0.02344 0.01198
0 0.68203 0.48438 0.02500 0.01146
0 0.68047 0.47578 0.02344 0.01094
0 0.67930 0.46667 0.02266 0.01146
0 0.66094 0.49219 0.02500 0.01042
0 0.65859 0.48281 0.02500 0.00938
0 0.65820 0.47240 0.02422 0.01250
0 0.69531 0.45391 0.01562 0.00990
0 0.69336 0.44375 0.01641 0.01354
0 0.69102 0.43307 0.01797 0.01302
0 0.68672 0.42422 0.01875 0.01302
0 0.67695 0.45547 0.02109 0.01198
0 0.67578 0.44479 0.02344 0.01354
0 0.67148 0.43411 0.02109 0.01198
0 0.66797 0.42474 0.02031 0.01302
0 0.66367 0.41536 0.01953 0.01198
0 0.65508 0.46146 0.02734 0.01146
0 0.65273 0.45260 0.02578 0.01250
0 0.64922 0.44219 0.02500 0.01250
0 0.64805 0.43203 0.02266 0.01094
0 0.64414 0.42162 0.02422 0.01094
0 0.68867 0.39766 0.01328 0.01094
0 0.68633 0.38776 0.01641 0.01510
0 0.67813 0.35912 0.01406 0.00990
0 0.68242 0.37031 0.01641 0.01354
0 0.67578 0.35234 0.01094 0.01094
0 0.66992 0.34375 0.01797 0.01562
0 0.58164 0.38229 0.01328 0.01146
0 0.58086 0.37266 0.01328 0.01094
0 0.57930 0.36068 0.01016 0.00990
0 0.59375 0.38203 0.02031 0.01094
0 0.59375 0.37135 0.02188 0.01042
0 0.59023 0.36120 0.01797 0.01198
0 0.61484 0.40469 0.02344 0.01146
0 0.61289 0.39453 0.02109 0.01094
0 0.61016 0.38516 0.02344 0.01094
0 0.60898 0.37474 0.02266 0.01094
0 0.60586 0.36354 0.01953 0.01250
0 0.62188 0.35990 0.01875 0.01458
0 0.64102 0.41172 0.02422 0.01302
0 0.67813 0.40260 0.01875 0.01250
0 0.67383 0.39297 0.01797 0.01406
0 0.67031 0.38307 0.01875 0.01094
0 0.66875 0.37344 0.01719 0.01146
0 0.66680 0.36458 0.01797 0.00938
0 0.66367 0.35703 0.01797 0.01406
0 0.66094 0.40417 0.02031 0.01042
0 0.65391 0.39635 0.02031 0.01458
0 0.65000 0.38620 0.02187 0.01094
0 0.64844 0.37578 0.02031 0.01198
0 0.65078 0.36406 0.01875 0.01146
0 0.63633 0.40182 0.02422 0.01094
0 0.63359 0.39088 0.02344 0.01094
0 0.63008 0.37995 0.02109 0.00990
0 0.63008 0.36953 0.02266 0.01302
0 0.65937 0.34479 0.01875 0.01250
0 0.64570 0.35417 0.01797 0.01146
0 0.63789 0.36016 0.01797 0.01198
0 0.66680 0.33047 0.01484 0.01198
0 0.65469 0.33333 0.01719 0.01354
0 0.66172 0.31875 0.01250 0.01458
0 0.65664 0.30755 0.01328 0.01302
0 0.65234 0.29896 0.00781 0.00833
0 0.64453 0.29089 0.01562 0.01406
0 0.63086 0.28490 0.01328 0.00938
0 0.61719 0.28307 0.01562 0.00885
0 0.63945 0.29375 0.01641 0.01042
0 0.65117 0.32344 0.01641 0.01250
0 0.64844 0.31328 0.01562 0.01406
0 0.63477 0.31276 0.01953 0.01406
0 0.57344 0.34870 0.00781 0.00990
0 0.57812 0.35078 0.01094 0.01198
0 0.57422 0.33802 0.00937 0.01042
0 0.58047 0.34010 0.01406 0.01146
0 0.57344 0.32656 0.01094 0.01250
0 0.57891 0.32891 0.01094 0.01198
0 0.63711 0.32500 0.01797 0.01250
0 0.64336 0.34427 0.01641 0.01042
0 0.64180 0.33490 0.01641 0.01146
0 0.58984 0.35052 0.02031 0.01146
0 0.58984 0.34036 0.02031 0.01094
0 0.58984 0.32943 0.01875 0.01302
0 0.60664 0.35234 0.01953 0.00990
0 0.60742 0.34245 0.02266 0.00990
0 0.60508 0.33255 0.01953 0.01198
0 0.62852 0.34922 0.01953 0.01094
0 0.62422 0.33932 0.02188 0.01198
0 0.62148 0.32917 0.01953 0.01146
0 0.64453 0.30234 0.01562 0.00990
0 0.57422 0.31354 0.01094 0.01562
0 0.58086 0.31641 0.01484 0.01302
0 0.58789 0.31771 0.01797 0.01354
0 0.60234 0.32083 0.01719 0.01146
0 0.61797 0.31849 0.02344 0.01198
0 0.58438 0.30078 0.02187 0.01094
0 0.58320 0.30417 0.01484 0.01354
0 0.59648 0.30417 0.02266 0.01354
0 0.60195 0.30990 0.01797 0.01250
0 0.59883 0.28385 0.01641 0.01146
0 0.58516 0.29036 0.01562 0.01094
0 0.62188 0.28984 0.02031 0.01406
0 0.59687 0.29193 0.01875 0.01198
0 0.62773 0.30260 0.02109 0.01354
0 0.61133 0.29844 0.01641 0.01146
0 0.61641 0.30729 0.02031 0.01146
