0 0.96588 0.16076 0.05052 0.03542
0 0.98672 0.19618 0.02656 0.07708
0 0.93359 0.16632 0.03906 0.03125
0 0.88906 0.14236 0.04479 0.03750
0 0.85807 0.14375 0.04948 0.04306
0 0.96484 0.20174 0.05781 0.06042
0 0.91849 0.18333 0.04531 0.05833
0 0.88490 0.18889 0.05833 0.06944
0 0.99375 0.26736 0.01250 0.07083
0 0.96927 0.26181 0.05104 0.09861
0 0.92162 0.24931 0.05365 0.09444
0 0.89088 0.26597 0.05781 0.10000
0 0.54062 0.19549 0.05104 0.08125
0 0.80495 0.12847 0.05781 0.04167
0 0.75729 0.12917 0.05625 0.03750
0 0.71849 0.13333 0.04531 0.04444
0 0.68281 0.13715 0.05417 0.05069
0 0.63490 0.12847 0.05937 0.05278
0 0.58854 0.12049 0.04167 0.04514
0 0.52682 0.11076 0.05365 0.02014
0 0.47787 0.11042 0.05052 0.03472
0 0.42917 0.10660 0.05000 0.03264
0 0.39193 0.11563 0.04635 0.01458
0 0.34401 0.12882 0.05365 0.04097
0 0.26771 0.12118 0.04167 0.01875
0 0.30156 0.13368 0.04688 0.03542
0 0.25573 0.13854 0.05208 0.03958
0 0.20807 0.13681 0.06510 0.02639
0 0.15807 0.15139 0.04323 0.02778
0 0.20182 0.15694 0.06198 0.03889
0 0.14375 0.17361 0.05938 0.04722
0 0.57708 0.13160 0.06042 0.05208
0 0.53568 0.13993 0.06823 0.05764
0 0.48490 0.14028 0.05521 0.05278
0 0.43802 0.14896 0.06042 0.06597
0 0.39323 0.15417 0.06771 0.07639
0 0.34297 0.17083 0.06094 0.07222
0 0.29557 0.18056 0.06615 0.07917
0 0.24609 0.18229 0.06927 0.06458
0 0.19427 0.20556 0.06771 0.08056
0 0.83281 0.16701 0.05000 0.05625
0 0.79062 0.16979 0.05729 0.06597
0 0.75417 0.17153 0.05417 0.06528
0 0.71693 0.18368 0.05990 0.07569
0 0.66927 0.17292 0.05313 0.05972
0 0.62135 0.17674 0.06250 0.06736
0 0.58281 0.18576 0.05417 0.05903
0 0.84010 0.23924 0.05521 0.11042
0 0.80729 0.24688 0.05625 0.10208
0 0.75521 0.24132 0.05833 0.10208
0 0.72109 0.27326 0.05781 0.11458
0 0.67083 0.24514 0.05313 0.11667
0 0.62995 0.25521 0.05885 0.11319
0 0.58047 0.26528 0.07448 0.12778
0 0.49609 0.20208 0.07135 0.09306
0 0.45156 0.21285 0.06042 0.07708
0 0.39974 0.22014 0.06510 0.09028
0 0.35260 0.24618 0.05937 0.10208
0 0.29896 0.25382 0.05937 0.12153
0 0.25130 0.25313 0.07344 0.10347
0 0.09219 0.19792 0.06354 0.05139
0 0.14687 0.23021 0.07708 0.08819
0 0.02943 0.22986 0.03073 0.02222
0 0.08177 0.24583 0.09271 0.08472
0 0.02786 0.26250 0.05573 0.04861
0 0.21693 0.28576 0.07448 0.10625
0 0.16250 0.31007 0.07396 0.11458
0 0.10365 0.33021 0.07708 0.13264
0 0.03594 0.32778 0.07187 0.11111
0 0.53854 0.27465 0.06042 0.08403
0 0.49922 0.28507 0.07031 0.10347
0 0.44766 0.29444 0.08177 0.10972
0 0.40104 0.31181 0.06771 0.10278
0 0.34323 0.32708 0.08958 0.11111
0 0.02083 0.42535 0.04167 0.13403
0 0.85625 0.84583 0.05625 0.04722
0 0.91328 0.83958 0.06094 0.04722
0 0.97344 0.82882 0.05312 0.04375
0 0.98490 0.79826 0.03021 0.04236
0 0.94713 0.79826 0.05469 0.06875
0 0.90286 0.80521 0.04844 0.06597
0 0.85495 0.81285 0.05573 0.07014
0 0.80651 0.81563 0.05156 0.06736
0 0.74115 0.84757 0.03438 0.03403
0 0.67813 0.84861 0.05417 0.02917
0 0.61641 0.84167 0.02865 0.02917
0 0.72448 0.82639 0.04792 0.05694
0 0.76901 0.80938 0.05469 0.06319
0 0.68620 0.81910 0.06198 0.06597
0 0.64427 0.81944 0.03437 0.04028
0 0.60990 0.82569 0.04167 0.05278
0 0.53724 0.83090 0.04531 0.05903
0 0.57865 0.82187 0.05313 0.05486
0 0.65312 0.77049 0.04896 0.08403
0 0.98333 0.75417 0.03333 0.07500
0 0.94609 0.74132 0.05052 0.07569
0 0.90312 0.74132 0.05625 0.10069
0 0.85833 0.74722 0.05521 0.08889
0 0.81120 0.75521 0.04427 0.09514
0 0.73229 0.77674 0.04792 0.05208
0 0.77682 0.74410 0.05365 0.09792
0 0.70000 0.76354 0.06042 0.06458
0 0.61745 0.77014 0.04740 0.08194
0 0.57500 0.76458 0.05833 0.09028
0 0.53047 0.77639 0.04219 0.08333
0 0.44271 0.82674 0.04792 0.05903
0 0.48984 0.82396 0.05573 0.06736
0 0.38125 0.83889 0.04479 0.03472
0 0.29245 0.82326 0.06302 0.03542
0 0.34714 0.82778 0.05469 0.03194
0 0.40078 0.82014 0.06302 0.05278
0 0.48073 0.78264 0.05938 0.08333
0 0.43984 0.77257 0.06302 0.07708
0 0.28438 0.80069 0.05625 0.04722
0 0.34245 0.78715 0.06615 0.07292
0 0.38255 0.76910 0.05990 0.07014
0 0.75338 0.71667 0.05781 0.08472
0 0.71536 0.69722 0.05885 0.09583
0 0.67344 0.68924 0.05521 0.09792
0 0.63802 0.68472 0.05521 0.10417
0 0.59453 0.68750 0.05781 0.10139
0 0.54766 0.68715 0.05365 0.09931
0 0.50260 0.70764 0.05313 0.11389
0 0.12734 0.81493 0.05365 0.02153
0 0.18880 0.82465 0.04531 0.02986
0 0.23255 0.81806 0.05990 0.03194
0 0.17422 0.80799 0.05052 0.03542
0 0.06536 0.79514 0.04635 0.02361
0 0.04219 0.77361 0.04479 0.02500
0 0.11354 0.79757 0.06250 0.03542
0 0.07891 0.76979 0.05365 0.03264
0 0.13620 0.78056 0.06510 0.04722
0 0.19740 0.77569 0.06146 0.06806
0 0.25182 0.77500 0.06615 0.06944
0 0.30130 0.74236 0.07344 0.08472
0 0.36016 0.71667 0.05365 0.09306
0 0.40625 0.70278 0.06979 0.09583
0 0.46328 0.70069 0.06302 0.09167
0 0.97578 0.67431 0.04844 0.09722
0 0.94141 0.66493 0.05573 0.08681
0 0.89453 0.67396 0.05469 0.08681
0 0.84088 0.68576 0.05677 0.10208
0 0.79870 0.66285 0.05885 0.09792
0 0.75990 0.61736 0.06875 0.12083
0 0.72318 0.59826 0.06406 0.11042
0 0.67787 0.58472 0.05781 0.13194
0 0.62839 0.58854 0.04844 0.12431
0 0.58516 0.59479 0.05260 0.12292
0 0.53125 0.60938 0.06146 0.12569
0 0.48255 0.60764 0.05365 0.11250
0 0.43203 0.61250 0.05781 0.11111
0 0.37943 0.62743 0.06406 0.10347
0 0.33385 0.66042 0.06354 0.11389
0 0.23802 0.71424 0.06667 0.09514
0 0.27109 0.66840 0.06927 0.11458
0 0.17630 0.72292 0.06302 0.08889
0 0.00547 0.72951 0.01094 0.05069
0 0.04557 0.72847 0.08281 0.08750
0 0.12396 0.71354 0.09375 0.10764
0 0.99063 0.62778 0.01875 0.04583
0 0.99557 0.49549 0.00885 0.02292
0 0.97578 0.56285 0.04844 0.13125
0 0.93177 0.58333 0.06042 0.12083
0 0.88463 0.58819 0.05365 0.11389
0 0.84193 0.58021 0.05677 0.12986
0 0.79818 0.55903 0.07031 0.11667
0 0.76901 0.49722 0.06302 0.12500
0 0.71979 0.48889 0.06875 0.12222
0 0.68672 0.46215 0.05885 0.12153
0 0.64401 0.47569 0.04948 0.13056
0 0.59271 0.47986 0.05729 0.13056
0 0.54323 0.49167 0.05833 0.13056
0 0.49922 0.50278 0.06615 0.13333
0 0.44010 0.51111 0.06667 0.12222
0 0.38620 0.52049 0.06094 0.11736
0 0.33958 0.55069 0.06562 0.13889
0 0.27578 0.56111 0.07240 0.10972
0 0.24635 0.60764 0.06979 0.12083
0 0.19375 0.62778 0.07187 0.12222
0 0.02240 0.64514 0.04479 0.11806
0 0.07109 0.64861 0.08906 0.11389
0 0.12708 0.61111 0.08333 0.12500
0 0.01875 0.53646 0.03750 0.11319
0 0.06562 0.53889 0.08854 0.12639
0 0.98125 0.35590 0.03750 0.10625
0 0.94193 0.34931 0.06302 0.11806
0 0.89714 0.36667 0.06406 0.11667
0 0.97370 0.45278 0.05260 0.11250
0 0.93568 0.46840 0.07135 0.12569
0 0.88880 0.47674 0.06823 0.12292
0 0.84505 0.45764 0.06510 0.12222
0 0.85885 0.34479 0.04792 0.11458
0 0.82240 0.34896 0.05937 0.12292
0 0.79453 0.44306 0.06927 0.11806
0 0.77005 0.34861 0.06302 0.12639
0 0.73776 0.38611 0.05573 0.11389
0 0.69505 0.34965 0.06302 0.12431
0 0.65130 0.35938 0.06198 0.12153
0 0.60469 0.36771 0.05625 0.12153
0 0.55313 0.37118 0.06458 0.12569
0 0.50937 0.39375 0.06563 0.12639
0 0.45938 0.40347 0.06667 0.12639
0 0.40182 0.41285 0.06302 0.12431
0 0.27865 0.35938 0.07812 0.12153
0 0.34193 0.42708 0.07969 0.12778
0 0.30260 0.46701 0.06562 0.11458
0 0.23802 0.46111 0.08229 0.12639
0 0.20000 0.51250 0.08750 0.12500
0 0.21432 0.38194 0.07969 0.11667
0 0.14922 0.41111 0.09531 0.13472
0 0.11979 0.50208 0.09792 0.12361
0 0.09141 0.45556 0.00990 0.01111
0 0.06484 0.41979 0.09740 0.12153
