0 0.48463 0.73281 0.00885 0.02812
0 0.53698 0.83594 0.01250 0.02031
0 0.50807 0.31133 0.00885 0.01016
0 0.49687 0.29258 0.02604 0.04609
0 0.40000 0.35625 0.01875 0.04063
0 0.44844 0.25039 0.03125 0.04141
0 0.47656 0.26836 0.03438 0.04609
0 0.47344 0.31914 0.04375 0.06016
0 0.44974 0.29844 0.04010 0.06406
0 0.43333 0.34961 0.03958 0.05859
0 0.41250 0.39688 0.03333 0.05625
0 0.44193 0.40000 0.04010 0.05469
0 0.43151 0.44883 0.03490 0.05859
0 0.45495 0.43320 0.04115 0.04922
0 0.51979 0.44102 0.00625 0.02422
0 0.49870 0.34102 0.04219 0.05859
0 0.46641 0.37305 0.05052 0.05859
0 0.50521 0.37539 0.03125 0.04141
0 0.51484 0.40352 0.02344 0.05391
0 0.48229 0.41016 0.04688 0.05938
0 0.49635 0.44922 0.04583 0.05938
0 0.46536 0.46914 0.03698 0.05234
0 0.44635 0.49062 0.03646 0.05156
0 0.43542 0.50820 0.02812 0.06016
0 0.51094 0.47773 0.03021 0.05391
0 0.48385 0.50156 0.04167 0.06406
0 0.43620 0.54258 0.01198 0.01953
0 0.44792 0.55078 0.01771 0.04375
0 0.46536 0.52500 0.03281 0.04063
0 0.45573 0.61094 0.01458 0.03125
0 0.47318 0.59180 0.04531 0.04766
0 0.47083 0.55391 0.03750 0.05000
0 0.51302 0.51797 0.02708 0.04531
0 0.51953 0.55469 0.01510 0.04688
0 0.50156 0.56289 0.03437 0.05234
0 0.46693 0.65078 0.02448 0.04688
0 0.47839 0.62422 0.03594 0.04844
0 0.51146 0.60664 0.03958 0.05859
0 0.52500 0.59063 0.00938 0.03594
0 0.49479 0.65117 0.03958 0.04453
0 0.47708 0.69492 0.02396 0.05234
0 0.52240 0.64219 0.02187 0.05313
0 0.50130 0.68281 0.04115 0.05469
0 0.50417 0.72539 0.03542 0.04766
0 0.52474 0.69023 0.02135 0.06172
0 0.49922 0.75586 0.02135 0.05078
0 0.52031 0.76172 0.03021 0.03906
0 0.52917 0.74297 0.02396 0.05156
0 0.52682 0.79922 0.03594 0.05781
