0 0.41276 0.87734 0.02031 0.02500
0 0.41406 0.85391 0.03021 0.03438
0 0.41406 0.83164 0.02708 0.03516
0 0.41615 0.81016 0.02396 0.03438
0 0.42162 0.79805 0.02865 0.03203
0 0.42552 0.77617 0.03333 0.04141
0 0.39557 0.78008 0.01823 0.02734
0 0.39609 0.76055 0.01823 0.02578
0 0.42969 0.74961 0.03229 0.03672
0 0.39974 0.74102 0.02344 0.02891
0 0.38125 0.72852 0.01562 0.02891
0 0.36979 0.71172 0.00833 0.01875
0 0.37448 0.68984 0.01562 0.02656
0 0.38464 0.70859 0.01615 0.03281
0 0.40365 0.72031 0.02604 0.03750
0 0.45885 0.71875 0.01667 0.02969
0 0.45417 0.73906 0.01042 0.02344
0 0.43490 0.72930 0.03021 0.03516
0 0.41094 0.70391 0.02500 0.03906
0 0.38073 0.66406 0.01146 0.04531
0 0.38229 0.66328 0.00625 0.02812
0 0.39167 0.67969 0.01562 0.03750
0 0.39583 0.65586 0.01979 0.03828
0 0.41536 0.68437 0.02969 0.03750
0 0.43672 0.70156 0.02865 0.04062
0 0.47109 0.69609 0.03594 0.03281
0 0.40000 0.64180 0.01667 0.02891
0 0.40417 0.62148 0.02083 0.04297
0 0.38516 0.63477 0.00677 0.01797
0 0.38828 0.61875 0.00990 0.03438
0 0.39193 0.60156 0.00885 0.03438
0 0.40833 0.60312 0.01771 0.03906
0 0.42057 0.66484 0.02969 0.03750
0 0.42370 0.65078 0.02031 0.02500
0 0.42708 0.63281 0.02396 0.04063
0 0.42969 0.60703 0.02708 0.03281
0 0.44922 0.66875 0.02969 0.02969
0 0.47891 0.67500 0.02760 0.03438
0 0.50781 0.67578 0.03021 0.02969
0 0.51354 0.65781 0.02500 0.01562
0 0.52760 0.66680 0.01042 0.01484
0 0.53385 0.65195 0.01563 0.01328
0 0.48724 0.65156 0.03073 0.02812
0 0.45521 0.64531 0.03542 0.04531
0 0.45599 0.61797 0.02969 0.04375
0 0.48646 0.62266 0.03437 0.03906
0 0.51693 0.63594 0.03385 0.02969
0 0.53802 0.63398 0.01771 0.02266
0 0.51849 0.60586 0.03385 0.03828
0 0.58385 0.60625 0.01458 0.02969
0 0.53906 0.61094 0.01458 0.02656
0 0.58672 0.57383 0.00469 0.01641
0 0.58385 0.58867 0.00729 0.02734
0 0.57891 0.59375 0.00781 0.02813
0 0.51927 0.56797 0.03333 0.04219
0 0.54662 0.57578 0.03385 0.04531
0 0.58307 0.56484 0.01094 0.02188
0 0.58151 0.54414 0.01615 0.02734
0 0.57292 0.56875 0.01771 0.03906
0 0.58724 0.48945 0.00469 0.01016
0 0.58047 0.51289 0.01927 0.05078
0 0.56406 0.53164 0.02292 0.04922
0 0.54036 0.53711 0.03490 0.04609
0 0.51198 0.52188 0.03438 0.04219
0 0.52734 0.48438 0.01927 0.02656
0 0.55208 0.47305 0.02708 0.04922
0 0.56667 0.48086 0.02500 0.05234
0 0.58125 0.46953 0.01562 0.03750
0 0.56719 0.44023 0.01562 0.02578
0 0.54792 0.42344 0.01875 0.03906
0 0.52031 0.45703 0.03125 0.04062
0 0.50000 0.48477 0.03333 0.04297
0 0.47240 0.46562 0.02708 0.04375
0 0.45573 0.48242 0.02604 0.05078
0 0.44557 0.49531 0.02760 0.05156
0 0.47891 0.51602 0.03490 0.05078
0 0.49010 0.55664 0.03125 0.03672
0 0.48854 0.58867 0.03437 0.04922
0 0.45964 0.58125 0.02969 0.04844
0 0.46068 0.53555 0.02865 0.04766
0 0.44167 0.54648 0.02396 0.05234
0 0.42474 0.53711 0.01823 0.04922
0 0.43281 0.58125 0.02396 0.04844
0 0.41536 0.57812 0.01719 0.03437
0 0.39661 0.57578 0.01094 0.04531
0 0.40443 0.56484 0.01198 0.03281
0 0.41094 0.55156 0.01458 0.02969
0 0.41406 0.52617 0.01979 0.03984
0 0.40938 0.51836 0.00521 0.01484
0 0.41536 0.49805 0.00885 0.02109
0 0.42292 0.47734 0.01250 0.02969
0 0.42786 0.49688 0.01510 0.04219
0 0.43463 0.46211 0.01094 0.03984
0 0.44714 0.44766 0.02031 0.03750
0 0.45260 0.41953 0.01667 0.02812
