0 0.64376 0.52945 0.02194 0.01862
0 0.63655 0.50693 0.01905 0.02902
0 0.66888 0.62105 0.01674 0.01213
0 0.65040 0.55089 0.02252 0.02425
0 0.44688 0.17280 0.02079 0.00953
0 0.53609 0.20983 0.02136 0.01689
0 0.50289 0.19142 0.01617 0.01732
0 0.48008 0.18969 0.03637 0.02165
0 0.45381 0.18579 0.02656 0.01906
0 0.43158 0.18211 0.02714 0.02122
0 0.40733 0.18926 0.02714 0.01732
0 0.39809 0.20420 0.02945 0.01256
0 0.42754 0.20117 0.03060 0.02469
0 0.51472 0.20334 0.03291 0.02382
0 0.55254 0.22759 0.02425 0.02036
0 0.57304 0.24859 0.01328 0.02339
0 0.55601 0.24751 0.03002 0.03248
0 0.46161 0.47228 0.17610 0.14422
0 0.38222 0.22044 0.02079 0.01992
0 0.39983 0.21806 0.02945 0.01776
0 0.37385 0.24275 0.02136 0.02642
0 0.39174 0.23755 0.02136 0.02382
0 0.45699 0.20377 0.03406 0.01776
0 0.59007 0.34365 0.02194 0.02295
0 0.60450 0.38285 0.02540 0.02945
0 0.58516 0.36314 0.03176 0.03335
0 0.60219 0.40883 0.04273 0.02425
0 0.56033 0.48289 0.08256 0.21395
0 0.60826 0.43244 0.02829 0.03162
0 0.62616 0.47921 0.02483 0.02642
0 0.62125 0.45777 0.03002 0.01906
0 0.59584 0.45236 0.03349 0.02555
0 0.36201 0.39368 0.02540 0.02165
0 0.36259 0.37094 0.03118 0.02295
0 0.37356 0.38545 0.02309 0.03032
0 0.37038 0.44370 0.02829 0.03075
0 0.37096 0.41511 0.02945 0.02642
0 0.37789 0.51018 0.03060 0.02425
0 0.38684 0.48701 0.03811 0.03248
0 0.40416 0.49870 0.03926 0.02815
0 0.41801 0.47705 0.04042 0.02469
0 0.41282 0.45258 0.04157 0.03205
0 0.44342 0.46557 0.04619 0.03032
0 0.38424 0.55868 0.03868 0.03378
0 0.65704 0.58034 0.02309 0.02339
0 0.66599 0.64335 0.03060 0.03162
0 0.65762 0.88545 0.02540 0.02728
0 0.67379 0.86791 0.02540 0.01992
0 0.65416 0.86488 0.01963 0.02339
0 0.50981 0.90494 0.04273 0.02555
0 0.54648 0.91706 0.03291 0.01776
0 0.57679 0.91901 0.03002 0.02339
0 0.60739 0.91100 0.04273 0.02815
0 0.62789 0.89065 0.04446 0.02642
0 0.59093 0.89086 0.03522 0.02512
0 0.56842 0.90039 0.03637 0.02685
0 0.58458 0.87354 0.03637 0.02512
0 0.62471 0.86682 0.04734 0.03248
0 0.60364 0.84864 0.04215 0.02902
0 0.53811 0.89541 0.05658 0.03248
0 0.48990 0.88242 0.04215 0.02902
0 0.50520 0.87224 0.04734 0.02858
0 0.67321 0.84279 0.03580 0.03551
0 0.64665 0.84452 0.03695 0.02945
0 0.68736 0.75942 0.03637 0.03508
0 0.66080 0.70832 0.02829 0.03768
0 0.66859 0.74383 0.02540 0.03335
0 0.68966 0.78974 0.02598 0.03248
0 0.67436 0.81291 0.04157 0.03205
0 0.64521 0.81637 0.03176 0.03205
0 0.40647 0.83997 0.03118 0.02382
0 0.42985 0.83911 0.03868 0.02988
0 0.42552 0.81312 0.05081 0.02382
0 0.46738 0.79428 0.04792 0.03465
0 0.42870 0.79168 0.04561 0.02945
0 0.57102 0.27523 0.03926 0.03075
0 0.57621 0.30251 0.04042 0.02555
0 0.57390 0.32243 0.03926 0.02988
0 0.56178 0.34452 0.03926 0.03075
0 0.36778 0.27176 0.02656 0.02209
0 0.36923 0.29103 0.03637 0.02425
0 0.38770 0.26375 0.03868 0.02945
0 0.39348 0.28324 0.02829 0.02685
0 0.37356 0.30793 0.04042 0.02858
0 0.37615 0.32893 0.03637 0.02469
0 0.37529 0.35318 0.04042 0.03075
0 0.39376 0.36423 0.03233 0.03032
0 0.40589 0.33543 0.03926 0.02988
0 0.40531 0.30013 0.03695 0.02945
0 0.62673 0.53530 0.03637 0.03032
0 0.61836 0.50368 0.02771 0.02858
0 0.60277 0.47943 0.04042 0.02858
0 0.58487 0.46492 0.04042 0.03075
0 0.59382 0.49545 0.03868 0.02858
0 0.59729 0.52274 0.04330 0.03032
0 0.64665 0.63123 0.04042 0.02988
0 0.65935 0.60524 0.03811 0.03075
0 0.63308 0.56172 0.04099 0.02772
0 0.60046 0.55197 0.04042 0.03075
0 0.38395 0.52858 0.03233 0.02988
0 0.41166 0.52187 0.03695 0.02685
0 0.39550 0.55240 0.03349 0.03075
0 0.37991 0.58705 0.03464 0.03075
0 0.40704 0.58965 0.03926 0.03075
0 0.38308 0.76851 0.03060 0.02988
0 0.40560 0.77674 0.04099 0.02988
0 0.39001 0.74036 0.03868 0.03075
0 0.38366 0.69056 0.03406 0.03075
0 0.40329 0.71654 0.03984 0.03075
0 0.41051 0.74924 0.04042 0.03032
0 0.46449 0.74903 0.04099 0.03075
0 0.52540 0.22629 0.03580 0.02902
0 0.51617 0.24383 0.04042 0.02685
0 0.49076 0.22022 0.04042 0.02902
0 0.56553 0.40299 0.04330 0.03248
0 0.42177 0.35578 0.04330 0.02988
0 0.55081 0.87787 0.04273 0.03205
0 0.45987 0.86964 0.04330 0.03205
0 0.46565 0.83954 0.04330 0.03162
0 0.48152 0.82135 0.04273 0.03248
0 0.50722 0.84734 0.04330 0.03248
0 0.66282 0.78627 0.03811 0.03248
0 0.62846 0.78519 0.04330 0.03205
0 0.57275 0.53530 0.04273 0.03205
0 0.56524 0.50476 0.04273 0.03248
0 0.54475 0.54851 0.04330 0.03248
0 0.42869 0.57189 0.04330 0.03162
0 0.41628 0.54504 0.04042 0.03248
0 0.45670 0.54872 0.04273 0.03118
0 0.44573 0.52728 0.04388 0.03162
0 0.48730 0.50931 0.04273 0.03205
0 0.49336 0.54136 0.04330 0.03205
0 0.40733 0.25422 0.04330 0.03205
0 0.45497 0.22456 0.04157 0.03248
0 0.42263 0.23322 0.04273 0.03248
0 0.53407 0.35448 0.04273 0.03162
0 0.39145 0.39389 0.02771 0.02988
0 0.42061 0.38198 0.04099 0.02772
0 0.40531 0.41035 0.03349 0.03162
0 0.42350 0.41901 0.04215 0.03248
0 0.42119 0.27912 0.03406 0.03162
0 0.45381 0.25920 0.04273 0.02988
0 0.44024 0.28735 0.04215 0.03248
0 0.54070 0.26960 0.03522 0.03248
0 0.51386 0.29753 0.04273 0.03032
0 0.54301 0.31377 0.04215 0.03162
0 0.52771 0.32503 0.04273 0.03248
0 0.50866 0.33932 0.03926 0.03248
0 0.47286 0.34084 0.04273 0.03118
0 0.44140 0.33001 0.04330 0.03205
0 0.42350 0.31377 0.04330 0.03248
0 0.48297 0.24145 0.04330 0.03248
0 0.50981 0.27003 0.04273 0.03248
0 0.47662 0.31139 0.04330 0.03205
0 0.47373 0.27913 0.04330 0.03248
0 0.49711 0.36682 0.03926 0.03032
0 0.46045 0.36834 0.04330 0.03248
0 0.44024 0.39368 0.04330 0.03205
0 0.48239 0.39086 0.04215 0.03248
0 0.52223 0.38783 0.04330 0.03248
0 0.58372 0.42984 0.03926 0.03075
0 0.44313 0.43677 0.03984 0.03075
0 0.46016 0.41165 0.04042 0.03075
0 0.53695 0.41793 0.04042 0.03032
0 0.49798 0.42075 0.04099 0.03075
0 0.43880 0.49653 0.04734 0.03508
0 0.47113 0.48159 0.04273 0.03465
0 0.54850 0.47336 0.04503 0.03551
0 0.50693 0.47705 0.04734 0.03508
0 0.55860 0.44132 0.04561 0.03551
0 0.52021 0.44781 0.04619 0.03551
0 0.47460 0.44738 0.04734 0.03551
0 0.44313 0.71568 0.04677 0.03508
0 0.41484 0.69381 0.04677 0.03551
0 0.38972 0.64205 0.03926 0.03421
0 0.43938 0.64097 0.04388 0.03551
0 0.41686 0.65743 0.04734 0.03551
0 0.40993 0.62300 0.04734 0.03508
0 0.44515 0.59896 0.04734 0.03551
0 0.47402 0.57601 0.04734 0.03551
0 0.51617 0.56691 0.04850 0.03551
0 0.56813 0.56951 0.04734 0.03551
0 0.66166 0.67237 0.04157 0.03508
0 0.64030 0.68580 0.04734 0.03421
0 0.63164 0.58922 0.04734 0.03421
0 0.61865 0.60935 0.04446 0.03551
0 0.58603 0.63491 0.04734 0.03465
0 0.62962 0.65331 0.04677 0.03508
0 0.60508 0.66739 0.04734 0.03551
0 0.58920 0.60113 0.04561 0.03551
0 0.53522 0.61910 0.04734 0.02988
0 0.47517 0.62365 0.04734 0.03551
0 0.54994 0.59550 0.04677 0.03551
0 0.50606 0.59939 0.04677 0.03551
0 0.60595 0.81485 0.05254 0.04028
0 0.56553 0.84517 0.05370 0.04028
0 0.56726 0.80229 0.05254 0.04028
0 0.51876 0.79796 0.05370 0.03941
0 0.50491 0.76462 0.05370 0.04028
0 0.64838 0.75227 0.04388 0.03898
0 0.60710 0.75076 0.04446 0.03681
0 0.56928 0.76007 0.04734 0.04071
0 0.63510 0.71763 0.03349 0.03465
0 0.60797 0.70074 0.03233 0.03378
0 0.58689 0.72391 0.05254 0.02988
0 0.47315 0.70052 0.05139 0.03595
0 0.54157 0.73019 0.04388 0.03378
0 0.50548 0.71633 0.05254 0.03638
0 0.57044 0.68341 0.05081 0.03898
0 0.55110 0.64920 0.04215 0.03725
0 0.51674 0.67930 0.05658 0.04028
0 0.51299 0.64465 0.04792 0.03941
0 0.47517 0.66631 0.05081 0.03248
