0 0.79922 0.32011 0.00885 0.01178
0 0.79088 0.32286 0.00885 0.01100
0 0.78438 0.32757 0.00729 0.01414
0 0.77943 0.33818 0.00885 0.01335
0 0.77786 0.32914 0.00885 0.01100
0 0.77083 0.33229 0.00833 0.01414
0 0.77344 0.34486 0.00938 0.01571
0 0.76432 0.33503 0.00677 0.01335
0 0.75755 0.33896 0.00885 0.01650
0 0.75078 0.34289 0.00885 0.01650
0 0.74375 0.34486 0.00938 0.01728
0 0.73776 0.34800 0.00885 0.01728
0 0.73151 0.35153 0.00885 0.01493
0 0.72500 0.35467 0.00938 0.01807
0 0.71927 0.35978 0.01042 0.01885
0 0.70781 0.35703 0.00625 0.00707
0 0.71276 0.36528 0.00990 0.01885
0 0.75339 0.36842 0.00781 0.00943
0 0.74818 0.37235 0.00781 0.01257
0 0.74193 0.37863 0.00990 0.01728
0 0.73490 0.38256 0.00833 0.01571
0 0.72891 0.38767 0.00885 0.01650
0 0.72214 0.39238 0.00885 0.01807
0 0.71641 0.39749 0.00990 0.01885
0 0.76641 0.34839 0.00885 0.01807
0 0.76172 0.35232 0.00990 0.01807
0 0.75443 0.35585 0.00990 0.01885
0 0.74766 0.35742 0.00885 0.01728
0 0.74141 0.36135 0.00990 0.01885
0 0.73490 0.36685 0.01042 0.01885
0 0.70000 0.36096 0.01042 0.01021
0 0.69427 0.36410 0.00625 0.00864
0 0.68828 0.36685 0.00885 0.01100
0 0.68073 0.36999 0.00729 0.00943
0 0.70677 0.36842 0.00833 0.01728
0 0.70078 0.37431 0.00885 0.01964
0 0.69401 0.37549 0.00781 0.01728
0 0.71016 0.40181 0.00781 0.01807
0 0.70443 0.40652 0.00885 0.01964
0 0.69766 0.42105 0.00677 0.00943
0 0.69818 0.40848 0.00677 0.01885
0 0.69167 0.42459 0.00833 0.01493
0 0.69193 0.40966 0.00781 0.01807
0 0.68724 0.37863 0.00885 0.01885
0 0.67318 0.43676 0.00885 0.01414
0 0.67760 0.43284 0.00938 0.01571
0 0.67969 0.42694 0.00521 0.01021
0 0.68463 0.42852 0.00677 0.01493
0 0.68542 0.41359 0.00833 0.01807
0 0.67760 0.41595 0.00833 0.01964
0 0.67162 0.42027 0.00885 0.01728
0 0.68047 0.38138 0.00781 0.01650
0 0.67448 0.37313 0.00729 0.00943
0 0.66771 0.37745 0.00833 0.01178
0 0.67396 0.38531 0.00937 0.01807
0 0.66042 0.38256 0.00833 0.01414
0 0.66588 0.39042 0.00885 0.01571
0 0.65312 0.38649 0.00729 0.01571
0 0.65833 0.39670 0.00937 0.01571
0 0.64037 0.39002 0.00677 0.01335
0 0.64635 0.39081 0.00729 0.01493
0 0.64922 0.40181 0.01094 0.01493
0 0.65625 0.44855 0.00937 0.00786
0 0.65026 0.44344 0.00781 0.01493
0 0.65807 0.44148 0.00781 0.01257
0 0.66484 0.43951 0.00885 0.01493
0 0.66276 0.42498 0.00781 0.01728
0 0.65651 0.42773 0.00885 0.01807
0 0.64271 0.43441 0.00833 0.01571
0 0.64922 0.43087 0.00885 0.01650
0 0.63698 0.42302 0.00729 0.01493
0 0.64271 0.41830 0.00729 0.01807
0 0.72786 0.37235 0.00885 0.01571
0 0.72188 0.37706 0.00937 0.01571
0 0.71588 0.37981 0.00885 0.01650
0 0.70885 0.38492 0.01042 0.01728
0 0.70234 0.39042 0.00885 0.01571
0 0.69401 0.39238 0.00885 0.01807
0 0.68620 0.39552 0.01094 0.01807
0 0.67839 0.39945 0.00885 0.01650
0 0.67083 0.40338 0.00937 0.01807
0 0.66276 0.40770 0.00990 0.01885
0 0.65599 0.41163 0.00677 0.01571
0 0.65026 0.41477 0.00781 0.01728
