0 0.60898 0.89337 0.03047 0.04028
0 0.64219 0.89396 0.03281 0.02488
0 0.67422 0.89574 0.02656 0.01896
0 0.70547 0.89988 0.00781 0.00829
0 0.53086 0.86493 0.02266 0.01422
0 0.49648 0.86967 0.02734 0.02370
0 0.54219 0.89810 0.02969 0.05687
0 0.51172 0.90166 0.02969 0.04976
0 0.43945 0.91528 0.02891 0.05332
0 0.45977 0.87678 0.03203 0.02844
0 0.42383 0.88448 0.02891 0.02014
0 0.38867 0.89396 0.03203 0.02251
0 0.40781 0.92299 0.03125 0.05213
0 0.37656 0.92891 0.03125 0.04976
0 0.34531 0.93306 0.02813 0.05332
0 0.31602 0.94135 0.02891 0.05569
0 0.35781 0.89929 0.02031 0.01422
0 0.32734 0.90344 0.02344 0.02014
0 0.29844 0.91054 0.01562 0.01540
0 0.28789 0.94787 0.02734 0.05450
0 0.25977 0.95142 0.02734 0.05450
0 0.20000 0.96801 0.03125 0.04739
0 0.16992 0.98282 0.02578 0.03436
0 0.97695 0.39514 0.04609 0.07701
0 0.72656 0.01659 0.01406 0.02370
0 0.71602 0.01007 0.01016 0.02014
0 0.68359 0.01244 0.01562 0.02014
0 0.69883 0.02488 0.01953 0.02844
0 0.71367 0.03555 0.01797 0.02370
0 0.74297 0.01836 0.01094 0.01777
0 0.73477 0.03851 0.01484 0.02488
0 0.73906 0.07050 0.01719 0.03436
0 0.71836 0.06754 0.02422 0.03318
0 0.69375 0.06161 0.02187 0.03555
0 0.67734 0.04739 0.02344 0.03318
0 0.66328 0.03258 0.02344 0.03199
0 0.63828 0.05154 0.02656 0.03436
0 0.65703 0.06991 0.02656 0.03318
0 0.67461 0.08768 0.02422 0.03554
0 0.72305 0.10960 0.01953 0.04384
0 0.69844 0.10427 0.02969 0.04028
0 0.73789 0.10427 0.00859 0.01896
0 0.73008 0.13863 0.01328 0.02844
0 0.71055 0.14810 0.02422 0.03554
0 0.61250 0.07642 0.02969 0.05095
0 0.63477 0.09775 0.02891 0.03910
0 0.65547 0.11671 0.02500 0.03910
0 0.68359 0.13626 0.03125 0.04265
0 0.66328 0.16410 0.03281 0.04621
0 0.63516 0.14573 0.02656 0.03791
0 0.60898 0.12855 0.03203 0.04858
0 0.58516 0.10071 0.03594 0.05924
0 0.55625 0.12915 0.04063 0.05687
0 0.58125 0.16291 0.03438 0.05332
0 0.52891 0.15581 0.04062 0.05806
0 0.49961 0.18246 0.03984 0.05450
0 0.60820 0.18306 0.03672 0.04147
0 0.53086 0.21446 0.03359 0.05213
0 0.55469 0.18720 0.02969 0.04976
0 0.58086 0.21505 0.03047 0.03910
0 0.56055 0.24467 0.03359 0.04621
0 0.53555 0.27370 0.03672 0.05450
0 0.50117 0.24645 0.03516 0.05924
0 0.47344 0.21742 0.03437 0.06280
0 0.47422 0.28081 0.03750 0.05450
0 0.44453 0.24941 0.03594 0.06517
0 0.59961 0.26777 0.03672 0.05687
0 0.64180 0.19727 0.03672 0.05095
0 0.61992 0.23519 0.03828 0.05806
0 0.69453 0.17891 0.02812 0.03554
0 0.67734 0.21090 0.02656 0.04502
0 0.65742 0.24763 0.03359 0.05213
0 0.71680 0.17595 0.01016 0.02251
0 0.70312 0.21149 0.01562 0.02488
0 0.68359 0.25000 0.01875 0.02844
0 0.63516 0.28732 0.02969 0.04384
0 0.61406 0.32287 0.03438 0.05095
0 0.66367 0.28969 0.02266 0.03673
0 0.64414 0.32879 0.02891 0.03910
0 0.62344 0.36671 0.02969 0.03910
0 0.60156 0.40699 0.03281 0.03910
0 0.58281 0.44787 0.03125 0.03791
0 0.59492 0.36197 0.03984 0.05095
0 0.56953 0.39988 0.03906 0.06280
0 0.54805 0.43898 0.04297 0.06043
0 0.41641 0.28732 0.04063 0.06043
0 0.45352 0.31635 0.03516 0.05924
0 0.48945 0.34242 0.04297 0.05687
0 0.50937 0.30983 0.04219 0.05806
0 0.57617 0.30213 0.04453 0.06161
0 0.55508 0.33531 0.03984 0.05924
0 0.52969 0.37559 0.04688 0.06398
0 0.50703 0.41054 0.04531 0.06754
0 0.52422 0.47630 0.04219 0.05687
0 0.47813 0.44964 0.05156 0.06991
0 0.46562 0.37855 0.04219 0.06043
0 0.42148 0.35367 0.04141 0.06043
0 0.38477 0.32346 0.03828 0.06635
0 0.35859 0.36789 0.03438 0.05806
0 0.39492 0.39218 0.04453 0.05924
0 0.43750 0.42299 0.04375 0.06872
0 0.45273 0.49467 0.04453 0.06517
0 0.41055 0.45794 0.04141 0.06043
0 0.33633 0.40640 0.03516 0.05924
0 0.31172 0.44609 0.03594 0.06517
0 0.36875 0.43543 0.03750 0.06754
0 0.34531 0.47156 0.03750 0.06398
0 0.38711 0.49230 0.04297 0.06280
0 0.43086 0.53199 0.04922 0.07109
0 0.40547 0.57050 0.04688 0.06280
0 0.44844 0.59538 0.04688 0.05806
0 0.55977 0.48578 0.03359 0.03081
0 0.53516 0.52488 0.03750 0.04028
0 0.49805 0.51126 0.04141 0.06043
0 0.47695 0.55154 0.04609 0.05095
0 0.51211 0.56043 0.03203 0.02844
0 0.48633 0.59775 0.03672 0.03910
0 0.36055 0.53377 0.04453 0.06517
0 0.32031 0.51303 0.03594 0.05924
0 0.29297 0.55273 0.03906 0.06517
0 0.28555 0.49171 0.03516 0.05450
0 0.26055 0.53851 0.03047 0.06043
0 0.23398 0.57938 0.02578 0.05213
0 0.21367 0.61730 0.02578 0.04739
0 0.26680 0.59656 0.03516 0.06517
0 0.33672 0.57583 0.04844 0.06635
0 0.30977 0.61315 0.04766 0.06517
0 0.37695 0.60782 0.05078 0.06872
0 0.35313 0.64396 0.04375 0.06043
0 0.45508 0.63270 0.01953 0.02607
0 0.42266 0.63092 0.04062 0.05569
0 0.39570 0.66173 0.04141 0.04384
0 0.24492 0.63092 0.03359 0.05569
0 0.28516 0.65284 0.05000 0.06398
0 0.32930 0.68306 0.05234 0.07227
0 0.36797 0.69254 0.02656 0.03673
0 0.33984 0.72749 0.02813 0.03318
0 0.30430 0.71742 0.04766 0.06517
0 0.25742 0.68957 0.04453 0.06161
0 0.22227 0.67002 0.03359 0.05806
0 0.19531 0.65699 0.01719 0.03910
0 0.17188 0.77370 0.01250 0.03791
0 0.20000 0.70675 0.02969 0.05332
0 0.18633 0.73637 0.02266 0.04147
0 0.24023 0.72867 0.04297 0.05450
0 0.28320 0.75059 0.04453 0.05806
0 0.26133 0.77962 0.03516 0.04739
0 0.22070 0.75711 0.03984 0.05924
0 0.19883 0.79088 0.03828 0.06754
0 0.16328 0.86315 0.02813 0.05332
0 0.23203 0.80746 0.02344 0.04384
0 0.18164 0.82405 0.03984 0.05806
0 0.21094 0.84064 0.02031 0.03199
0 0.19023 0.87263 0.02422 0.04621
0 0.15117 0.90107 0.01797 0.01777
0 0.17031 0.89159 0.01562 0.02251
