0 0.53724 0.15764 0.00866 0.01039
0 0.54070 0.17952 0.00982 0.01949
0 0.53839 0.21221 0.01443 0.02512
0 0.53147 0.25379 0.00635 0.01126
0 0.53637 0.23647 0.01039 0.01646
0 0.53320 0.27046 0.01559 0.02295
0 0.53031 0.13902 0.02714 0.03638
0 0.52916 0.16761 0.01905 0.02339
0 0.52771 0.18861 0.02656 0.02642
0 0.52223 0.20463 0.02714 0.02555
0 0.52136 0.22521 0.03349 0.02425
0 0.51963 0.24340 0.03233 0.02165
0 0.51790 0.26072 0.02887 0.02252
0 0.52050 0.10567 0.02829 0.03291
0 0.50520 0.11044 0.03464 0.02685
0 0.48903 0.08662 0.04503 0.02685
0 0.45035 0.09095 0.04619 0.02425
0 0.47171 0.10546 0.04273 0.03248
0 0.43331 0.10936 0.04099 0.02555
0 0.39578 0.12689 0.03753 0.02165
0 0.41801 0.13123 0.04619 0.01906
0 0.39001 0.14508 0.03753 0.02512
0 0.37154 0.17194 0.01905 0.03032
0 0.35941 0.19749 0.01674 0.02165
0 0.35566 0.21633 0.02079 0.02382
0 0.39434 0.15071 0.03349 0.02339
0 0.38366 0.17107 0.03060 0.02252
0 0.38539 0.18644 0.03984 0.02295
0 0.37558 0.21048 0.03753 0.03032
0 0.35190 0.23517 0.02252 0.02165
0 0.34296 0.25530 0.01963 0.02295
0 0.36749 0.23863 0.03984 0.02599
0 0.42870 0.14833 0.04561 0.02728
0 0.42148 0.17064 0.04734 0.02512
0 0.41744 0.18623 0.03464 0.01559
0 0.41195 0.20723 0.04792 0.02815
0 0.39607 0.22391 0.05081 0.02165
0 0.39636 0.24534 0.05023 0.02642
0 0.50144 0.12993 0.04215 0.02512
0 0.50635 0.15136 0.04273 0.02382
0 0.50144 0.16847 0.04446 0.02339
0 0.49480 0.18644 0.04734 0.02295
0 0.49596 0.20550 0.04850 0.02295
0 0.49423 0.22564 0.04273 0.02252
0 0.48586 0.23928 0.04677 0.02469
0 0.48326 0.25595 0.05543 0.02512
0 0.46016 0.12451 0.04273 0.02469
0 0.46709 0.14443 0.03464 0.02555
0 0.46189 0.16804 0.04157 0.02858
0 0.45035 0.19316 0.04619 0.02599
0 0.44919 0.21806 0.05196 0.02815
0 0.43764 0.23560 0.05196 0.02425
0 0.43793 0.25379 0.04908 0.01992
0 0.33545 0.27609 0.01963 0.01949
0 0.32737 0.29623 0.01848 0.02252
0 0.32477 0.31464 0.01905 0.01862
0 0.32159 0.33283 0.02309 0.02036
0 0.31264 0.35513 0.01443 0.02512
0 0.30601 0.37635 0.00924 0.01386
0 0.30167 0.39714 0.01328 0.01559
0 0.29446 0.41598 0.01501 0.02122
0 0.29301 0.43417 0.02021 0.01862
0 0.29013 0.45020 0.02136 0.01862
0 0.28493 0.46817 0.02367 0.01819
0 0.36028 0.26094 0.03580 0.02555
0 0.35190 0.28259 0.03637 0.02122
0 0.34527 0.29905 0.03349 0.01949
0 0.33949 0.31810 0.03926 0.01949
0 0.33401 0.33781 0.04215 0.02079
0 0.32564 0.35643 0.03695 0.02079
0 0.32477 0.37462 0.03753 0.01819
0 0.31928 0.39000 0.03580 0.01776
0 0.31582 0.40775 0.04042 0.01949
0 0.31322 0.42421 0.03868 0.01949
0 0.30947 0.44088 0.03464 0.01819
0 0.30370 0.45821 0.03580 0.01819
0 0.39376 0.26700 0.04734 0.02555
0 0.38568 0.28259 0.04850 0.02036
0 0.37991 0.30208 0.05543 0.02122
0 0.37760 0.32005 0.05658 0.01906
0 0.37644 0.33846 0.05658 0.01949
0 0.36923 0.35622 0.05831 0.02122
0 0.36605 0.37484 0.06005 0.02036
0 0.35912 0.39389 0.05774 0.02295
0 0.35450 0.41576 0.05658 0.02425
0 0.35017 0.44045 0.05254 0.02512
0 0.34411 0.45994 0.05427 0.02339
0 0.52829 0.28800 0.01732 0.01732
0 0.52598 0.30316 0.01848 0.01992
0 0.52252 0.32113 0.01617 0.02122
0 0.51963 0.33976 0.01963 0.02036
0 0.51184 0.35925 0.02021 0.02122
0 0.51126 0.37809 0.01905 0.02165
0 0.50808 0.39887 0.02309 0.02165
0 0.51010 0.41966 0.01905 0.02079
0 0.50577 0.43677 0.02309 0.01949
0 0.50346 0.45344 0.01848 0.01472
0 0.49942 0.46903 0.02425 0.01992
0 0.49711 0.48571 0.02309 0.02036
0 0.49452 0.50346 0.01674 0.01516
0 0.49134 0.51884 0.02079 0.01906
0 0.49221 0.53530 0.01905 0.01732
0 0.49076 0.55240 0.01732 0.01949
0 0.51645 0.27891 0.02367 0.01992
0 0.50751 0.29385 0.03118 0.02209
0 0.50722 0.31291 0.02714 0.02036
0 0.50231 0.32806 0.03580 0.02555
0 0.50000 0.34582 0.02771 0.02728
0 0.49105 0.36791 0.03176 0.02555
0 0.49480 0.38805 0.02656 0.01906
0 0.49423 0.40862 0.02887 0.02036
0 0.49163 0.42681 0.02945 0.02036
0 0.48816 0.44608 0.03060 0.01819
0 0.48470 0.46340 0.02829 0.01906
0 0.48181 0.48138 0.03060 0.01776
0 0.47893 0.49978 0.03060 0.01906
0 0.47748 0.51624 0.03002 0.01819
0 0.48355 0.27566 0.04561 0.02469
0 0.47662 0.29623 0.04792 0.02512
0 0.47258 0.31810 0.04561 0.02728
0 0.47200 0.34344 0.04561 0.03291
0 0.46045 0.37094 0.05023 0.02469
0 0.45843 0.39043 0.04042 0.01862
0 0.45468 0.40689 0.05716 0.02382
0 0.45554 0.42832 0.05658 0.02685
0 0.44919 0.44868 0.05196 0.02339
0 0.44659 0.46579 0.05254 0.02122
0 0.44313 0.48376 0.04792 0.02079
0 0.43707 0.50022 0.05427 0.02599
0 0.43938 0.27111 0.04503 0.02252
0 0.43389 0.28454 0.04677 0.01992
0 0.42985 0.30121 0.05254 0.02209
0 0.42869 0.31724 0.05370 0.02382
0 0.42725 0.33499 0.05196 0.02122
0 0.42234 0.35340 0.05831 0.02425
0 0.41455 0.37094 0.05196 0.02209
0 0.41224 0.39000 0.05427 0.02209
0 0.40300 0.40559 0.05427 0.02036
0 0.40214 0.42334 0.05947 0.02122
0 0.40069 0.44218 0.05196 0.02252
0 0.39290 0.45951 0.05139 0.02165
0 0.38828 0.47813 0.05370 0.02252
0 0.38684 0.49740 0.06005 0.02555
0 0.38510 0.51472 0.05658 0.02036
0 0.27771 0.48549 0.01732 0.01906
0 0.27685 0.50303 0.02252 0.01689
0 0.27050 0.51841 0.01559 0.01732
0 0.26703 0.53400 0.01674 0.01732
0 0.26357 0.55089 0.01905 0.01906
0 0.26010 0.56735 0.01790 0.01559
0 0.25462 0.58402 0.01848 0.02122
0 0.25116 0.60069 0.01617 0.01992
0 0.24884 0.61672 0.01732 0.01732
0 0.24538 0.63404 0.02194 0.01906
0 0.23990 0.65115 0.01905 0.01689
0 0.29936 0.47510 0.03753 0.01906
0 0.33343 0.47856 0.04792 0.02339
0 0.29648 0.49372 0.04215 0.02339
0 0.33314 0.50000 0.04850 0.02209
0 0.33372 0.51754 0.04503 0.01732
0 0.29417 0.51343 0.04215 0.01776
0 0.29013 0.53032 0.03868 0.01862
0 0.28464 0.54634 0.03580 0.01862
0 0.28551 0.56236 0.03984 0.01776
0 0.28291 0.58185 0.04503 0.02382
0 0.27338 0.59788 0.03984 0.02122
0 0.27050 0.61477 0.04099 0.02036
0 0.26761 0.63382 0.03984 0.01949
0 0.26530 0.65136 0.04446 0.02252
0 0.23239 0.66825 0.01559 0.01732
0 0.23124 0.68449 0.01559 0.01429
0 0.22950 0.70009 0.02367 0.01689
0 0.25433 0.66955 0.03984 0.02252
0 0.24942 0.69251 0.03695 0.02599
0 0.20872 0.75617 0.01097 0.02339
0 0.21276 0.78324 0.03060 0.03075
0 0.21940 0.71676 0.01848 0.01732
0 0.21247 0.73733 0.00808 0.01862
0 0.22200 0.76245 0.03060 0.03335
0 0.22546 0.73668 0.02829 0.03291
0 0.24336 0.71806 0.04099 0.02772
0 0.25346 0.74210 0.04850 0.02815
0 0.25289 0.76678 0.04850 0.02555
0 0.32737 0.53118 0.04965 0.02122
0 0.32361 0.54894 0.05485 0.02122
0 0.32390 0.56778 0.05081 0.01992
0 0.31928 0.58727 0.05312 0.02339
0 0.31120 0.60697 0.04965 0.02382
0 0.30774 0.62776 0.05196 0.03075
0 0.29215 0.66631 0.04965 0.02902
0 0.28609 0.68926 0.05485 0.02469
0 0.28291 0.70918 0.05427 0.01949
0 0.28637 0.72910 0.05312 0.02382
0 0.29561 0.75141 0.05312 0.02599
0 0.29273 0.77674 0.05427 0.02815
0 0.48614 0.56843 0.01732 0.02036
0 0.48008 0.58315 0.01674 0.02036
0 0.48008 0.60069 0.01674 0.01992
0 0.47719 0.61780 0.01443 0.02036
0 0.46940 0.63621 0.02194 0.01732
0 0.46305 0.65136 0.02309 0.01906
0 0.46103 0.66761 0.02367 0.01949
0 0.46103 0.68341 0.01559 0.01646
0 0.45554 0.70009 0.02425 0.01862
0 0.45872 0.71893 0.01790 0.01906
0 0.45237 0.73625 0.02136 0.02252
0 0.44717 0.75682 0.02252 0.02295
0 0.44111 0.77978 0.02540 0.02815
0 0.42956 0.80403 0.02425 0.02555
0 0.40935 0.82698 0.03926 0.02295
0 0.47027 0.53378 0.03868 0.01949
0 0.46940 0.54981 0.03349 0.01862
0 0.46507 0.56583 0.03291 0.01862
0 0.46305 0.58380 0.03695 0.01992
0 0.45756 0.60156 0.04330 0.01819
0 0.45583 0.61932 0.04446 0.02079
0 0.44833 0.63426 0.03637 0.02295
0 0.44399 0.65158 0.04273 0.02122
0 0.44140 0.67020 0.03637 0.01949
0 0.43678 0.68774 0.04908 0.02425
0 0.43938 0.70875 0.03926 0.01949
0 0.43303 0.72585 0.04388 0.02079
0 0.42898 0.74578 0.04042 0.02079
0 0.42465 0.76657 0.03868 0.02252
0 0.41715 0.79233 0.03291 0.02382
0 0.40791 0.81832 0.03753 0.02815
0 0.43707 0.52035 0.04734 0.02036
0 0.43880 0.53790 0.04503 0.01732
0 0.43678 0.55479 0.05370 0.02339
0 0.42552 0.57059 0.05312 0.02209
0 0.42667 0.58922 0.05196 0.02036
0 0.41946 0.60697 0.05716 0.02382
0 0.41051 0.62495 0.05774 0.02252
0 0.40445 0.64184 0.05139 0.01992
0 0.39838 0.65938 0.05774 0.02295
0 0.39636 0.67865 0.05254 0.02079
0 0.39174 0.71416 0.05254 0.02079
0 0.39810 0.69814 0.04908 0.01819
0 0.39030 0.73365 0.05081 0.02165
0 0.39174 0.75574 0.05023 0.02165
0 0.39261 0.77739 0.04734 0.02512
0 0.38597 0.53443 0.05716 0.02165
0 0.37846 0.55089 0.05139 0.01992
0 0.37529 0.56951 0.05427 0.02425
0 0.37269 0.58965 0.05600 0.02382
0 0.36230 0.61000 0.05370 0.02642
0 0.35450 0.63296 0.05312 0.02555
0 0.34093 0.65115 0.06178 0.02295
0 0.34122 0.66761 0.05889 0.02555
0 0.33949 0.68926 0.05427 0.02036
0 0.33574 0.70875 0.05716 0.02036
0 0.33920 0.72910 0.06062 0.02209
0 0.34440 0.75033 0.05023 0.02382
0 0.34440 0.77393 0.05485 0.02772
0 0.38568 0.79883 0.04388 0.02382
0 0.33834 0.79732 0.04734 0.02858
0 0.36403 0.84885 0.05716 0.03205
0 0.36923 0.82222 0.04561 0.02728
0 0.22055 0.81984 0.03811 0.03725
0 0.24134 0.83911 0.04273 0.02902
0 0.27973 0.84539 0.04446 0.03118
0 0.22806 0.80360 0.04503 0.04114
0 0.25202 0.79212 0.05139 0.03205
0 0.26732 0.82308 0.05543 0.02988
0 0.31264 0.84669 0.05600 0.03465
0 0.31726 0.81940 0.05370 0.02858
0 0.29042 0.79948 0.04388 0.02339
