0 0.97995 0.10195 0.04010 0.07422
0 0.95130 0.12266 0.04740 0.10469
0 0.90338 0.12422 0.06198 0.10156
0 0.98177 0.22734 0.03646 0.11406
0 0.94453 0.24648 0.07135 0.13984
0 0.85156 0.14375 0.06458 0.12344
0 0.89297 0.26250 0.07760 0.13281
0 0.84219 0.28633 0.06562 0.12578
0 0.78880 0.30586 0.07448 0.12891
0 0.79766 0.17539 0.05781 0.11953
0 0.97786 0.36523 0.04427 0.05547
0 0.93464 0.38555 0.05990 0.06484
0 0.88021 0.41133 0.06667 0.06953
0 0.83021 0.42891 0.05521 0.07813
0 0.75182 0.21953 0.05365 0.10000
0 0.73463 0.33750 0.06719 0.14531
0 0.77969 0.45000 0.06042 0.09063
0 0.70078 0.24141 0.05469 0.09844
0 0.73516 0.46992 0.04948 0.07266
0 0.69115 0.49414 0.06250 0.07266
0 0.68177 0.36602 0.07500 0.15391
0 0.65938 0.26914 0.05521 0.08203
0 0.62891 0.39688 0.08490 0.14219
0 0.61328 0.28906 0.05260 0.07656
0 0.57656 0.42227 0.07708 0.13516
0 0.56510 0.32188 0.06354 0.07500
0 0.51094 0.35625 0.06042 0.07656
0 0.45469 0.38281 0.05833 0.05781
0 0.40417 0.41094 0.04792 0.04219
0 0.53594 0.45273 0.06250 0.13359
0 0.48802 0.46406 0.06771 0.15000
0 0.44010 0.48320 0.06563 0.15859
0 0.38932 0.49844 0.06198 0.14219
0 0.63984 0.51328 0.05990 0.08437
0 0.59818 0.53359 0.05885 0.08281
0 0.55313 0.56406 0.05729 0.06563
0 0.50963 0.58750 0.04948 0.06406
0 0.46823 0.60742 0.05729 0.06016
0 0.42526 0.62422 0.06302 0.06875
0 0.34609 0.52695 0.06823 0.14297
0 0.30312 0.54102 0.06354 0.13672
0 0.37474 0.63203 0.05156 0.07969
0 0.32734 0.64844 0.06615 0.08125
0 0.25599 0.56250 0.06406 0.14062
0 0.27839 0.66875 0.06510 0.10156
0 0.21224 0.59258 0.06719 0.14766
0 0.23151 0.69063 0.05156 0.07969
0 0.16224 0.61797 0.06094 0.13281
0 0.19062 0.70781 0.05833 0.08906
0 0.11563 0.64727 0.05938 0.11328
0 0.14062 0.72617 0.05521 0.07578
0 0.07240 0.67813 0.05312 0.08281
0 0.09271 0.74219 0.05937 0.07500
0 0.02891 0.70039 0.05781 0.06797
0 0.03880 0.76328 0.06198 0.06250
0 0.00599 0.72305 0.01198 0.04609
0 0.00807 0.77422 0.01615 0.05625
