0 0.03839 0.89974 0.00982 0.01862
0 0.03666 0.88220 0.01097 0.02425
0 0.07881 0.76570 0.01212 0.01992
0 0.08632 0.74859 0.01212 0.02382
0 0.09353 0.72802 0.01270 0.01906
0 0.10537 0.71221 0.02021 0.02469
0 0.11547 0.69619 0.01848 0.02815
0 0.12471 0.67887 0.01386 0.02469
0 0.13222 0.65894 0.01386 0.02295
0 0.14145 0.64162 0.01155 0.02209
0 0.15271 0.62278 0.01559 0.02339
0 0.16426 0.60373 0.01674 0.02079
0 0.04503 0.86423 0.02656 0.03162
0 0.05543 0.84560 0.03695 0.03595
0 0.06380 0.82655 0.03406 0.03335
0 0.07737 0.81334 0.04042 0.03898
0 0.08863 0.79255 0.04215 0.03551
0 0.09902 0.77544 0.04215 0.03075
0 0.10883 0.75379 0.04561 0.04201
0 0.12413 0.72954 0.04965 0.04114
0 0.14174 0.70767 0.04446 0.03725
0 0.15098 0.68406 0.04792 0.03335
0 0.15993 0.66501 0.04734 0.03335
0 0.16888 0.64487 0.04908 0.03465
0 0.18505 0.62408 0.05370 0.03465
0 0.17725 0.58640 0.01848 0.01992
0 0.18707 0.57124 0.01732 0.02425
0 0.19659 0.55479 0.02252 0.02685
0 0.20468 0.53681 0.01905 0.02209
0 0.21536 0.52187 0.02079 0.02599
0 0.22662 0.50520 0.02021 0.02642
0 0.23701 0.48268 0.02021 0.02469
0 0.24769 0.46319 0.01732 0.02295
0 0.25837 0.44435 0.02367 0.02512
0 0.19631 0.60546 0.05081 0.03898
0 0.20958 0.58575 0.04619 0.03854
0 0.22864 0.56388 0.05081 0.03898
0 0.23701 0.54569 0.04792 0.03898
0 0.24971 0.52274 0.05023 0.03378
0 0.25837 0.50238 0.04792 0.03291
0 0.27136 0.48679 0.05312 0.03378
0 0.05745 0.92702 0.03868 0.03941
0 0.09238 0.94976 0.05312 0.02512
0 0.06755 0.91771 0.05427 0.03898
0 0.07015 0.89454 0.05947 0.04028
0 0.08430 0.88003 0.06005 0.04071
0 0.09382 0.86358 0.05947 0.04331
0 0.10797 0.84950 0.05889 0.04028
0 0.12038 0.83391 0.06524 0.03681
0 0.13193 0.81551 0.06986 0.03898
0 0.14203 0.79926 0.06467 0.03681
0 0.15214 0.78129 0.06524 0.03378
0 0.15560 0.76288 0.05600 0.03421
0 0.16830 0.74881 0.06178 0.03898
0 0.18043 0.73149 0.06409 0.04071
0 0.19688 0.71633 0.07159 0.03811
0 0.20641 0.69489 0.06986 0.03768
0 0.21738 0.67540 0.06986 0.03681
0 0.22315 0.65526 0.06409 0.04071
0 0.24105 0.64032 0.06293 0.03681
0 0.24740 0.62040 0.06293 0.03335
0 0.25953 0.60221 0.06755 0.04461
0 0.28147 0.59073 0.08025 0.03725
0 0.24654 0.92053 0.03233 0.02382
0 0.25693 0.90126 0.03349 0.02425
0 0.28407 0.57449 0.06351 0.03421
0 0.26732 0.88458 0.03118 0.01949
0 0.27367 0.86704 0.03349 0.02339
0 0.28609 0.84517 0.03060 0.02382
0 0.29475 0.82828 0.02367 0.01429
0 0.30427 0.81485 0.02771 0.01862
0 0.31091 0.79948 0.03637 0.02252
0 0.32044 0.78389 0.03002 0.01646
0 0.32939 0.76332 0.03176 0.02815
0 0.33776 0.74491 0.02771 0.01559
0 0.34758 0.72932 0.02540 0.01732
0 0.36028 0.71026 0.02309 0.02339
0 0.36432 0.69251 0.02656 0.01732
0 0.37442 0.67713 0.02252 0.01602
0 0.38568 0.66003 0.02309 0.01992
0 0.39463 0.64205 0.02598 0.02036
0 0.40762 0.62343 0.02656 0.02036
0 0.41801 0.60437 0.02656 0.02036
0 0.42523 0.58640 0.02367 0.01992
0 0.33083 0.60394 0.03926 0.02122
0 0.20410 0.95756 0.01790 0.00953
0 0.16830 0.95517 0.06178 0.02642
0 0.22373 0.94110 0.03868 0.02858
0 0.18101 0.93894 0.06062 0.03638
0 0.20092 0.92508 0.06236 0.02772
0 0.20814 0.90277 0.06640 0.03508
0 0.22113 0.88653 0.06582 0.03118
0 0.18562 0.83694 0.06524 0.03508
0 0.23124 0.86726 0.06524 0.02815
0 0.24452 0.84972 0.05947 0.03032
0 0.25375 0.83326 0.06178 0.02512
0 0.26415 0.81615 0.06062 0.02209
0 0.27050 0.79645 0.05947 0.03032
0 0.28262 0.77631 0.06178 0.02815
0 0.29590 0.75444 0.05831 0.03032
0 0.30918 0.73473 0.05600 0.02728
0 0.32044 0.71416 0.06005 0.02945
0 0.32910 0.69597 0.05196 0.02858
0 0.33891 0.67822 0.05427 0.02512
0 0.35219 0.66219 0.05081 0.02512
0 0.35681 0.64249 0.05543 0.02642
0 0.36778 0.62473 0.06120 0.02728
0 0.20092 0.81897 0.06928 0.03205
0 0.20987 0.80338 0.06986 0.02858
0 0.21507 0.78151 0.07333 0.03421
0 0.22893 0.76700 0.06986 0.03205
0 0.24047 0.74794 0.06293 0.03465
0 0.25404 0.73213 0.06236 0.02988
0 0.26299 0.71373 0.06409 0.03205
0 0.27194 0.69164 0.06582 0.03291
0 0.28464 0.67085 0.06697 0.03465
0 0.30052 0.65245 0.06409 0.03681
0 0.30889 0.62646 0.06236 0.03595
0 0.43707 0.56518 0.02540 0.02425
0 0.44833 0.54309 0.01905 0.02079
0 0.46276 0.52079 0.02483 0.02642
0 0.47055 0.50303 0.03118 0.01949
0 0.48383 0.48484 0.02656 0.02122
0 0.50231 0.46557 0.01732 0.01819
0 0.51415 0.44716 0.01905 0.01776
0 0.54561 0.38848 0.01848 0.01732
0 0.53782 0.40905 0.01674 0.01949
0 0.52367 0.42746 0.01848 0.02339
0 0.37846 0.60611 0.05947 0.03075
0 0.39203 0.58835 0.04965 0.02988
0 0.40704 0.56821 0.04850 0.02772
0 0.41801 0.54591 0.04734 0.03162
0 0.43505 0.51884 0.04215 0.03465
0 0.45150 0.49047 0.03926 0.03508
0 0.47315 0.47055 0.04330 0.02902
0 0.48326 0.44738 0.04734 0.03032
0 0.49942 0.42356 0.04273 0.03378
0 0.51617 0.40061 0.04157 0.03378
0 0.53089 0.37354 0.04215 0.03421
0 0.54042 0.35102 0.05427 0.03768
0 0.57217 0.31485 0.03233 0.03032
0 0.55254 0.32330 0.05658 0.03335
0 0.58025 0.29082 0.04042 0.02728
0 0.65416 0.13209 0.02771 0.03811
0 0.63655 0.18016 0.02714 0.03291
0 0.62327 0.20983 0.03868 0.04028
0 0.61230 0.24210 0.04099 0.02945
0 0.59960 0.26440 0.03984 0.02988
0 0.27194 0.42703 0.02079 0.02685
0 0.28580 0.40689 0.02309 0.02209
0 0.29792 0.38891 0.02425 0.02339
0 0.31091 0.37310 0.02829 0.02988
0 0.32621 0.35600 0.02540 0.03032
0 0.33920 0.58077 0.06062 0.04071
0 0.35421 0.56150 0.06524 0.03421
0 0.36807 0.53941 0.06409 0.03681
0 0.38453 0.52469 0.06005 0.02642
0 0.38713 0.49892 0.06640 0.03725
0 0.40820 0.48484 0.06120 0.03595
0 0.41917 0.46319 0.06697 0.03681
0 0.43331 0.44435 0.06178 0.03638
0 0.44515 0.42638 0.06236 0.03335
0 0.45785 0.40754 0.06813 0.04071
0 0.47517 0.38740 0.06351 0.03854
0 0.49076 0.36942 0.05543 0.03205
0 0.28868 0.55305 0.06467 0.03378
0 0.30312 0.53616 0.06813 0.03984
0 0.31553 0.51646 0.07102 0.03768
0 0.32217 0.50043 0.06928 0.03854
0 0.27627 0.46189 0.04792 0.03248
0 0.29273 0.44803 0.04619 0.03681
0 0.30485 0.42724 0.05081 0.03854
0 0.32073 0.40992 0.04792 0.03681
0 0.33314 0.39433 0.04734 0.04114
0 0.32881 0.48029 0.06640 0.03551
0 0.34527 0.46102 0.06467 0.03854
0 0.35652 0.44370 0.06062 0.03768
0 0.37529 0.42854 0.06351 0.03941
0 0.38655 0.40754 0.06640 0.04071
0 0.40271 0.39000 0.06524 0.03941
0 0.34844 0.37419 0.04792 0.03465
0 0.33920 0.32958 0.03060 0.02858
0 0.36085 0.30598 0.03349 0.03162
0 0.38048 0.27739 0.03464 0.03681
0 0.39694 0.25097 0.01790 0.02036
0 0.41166 0.23300 0.02887 0.03811
0 0.43014 0.20528 0.03349 0.02858
0 0.36172 0.35578 0.05023 0.03595
0 0.37731 0.33759 0.05831 0.03595
0 0.38972 0.31594 0.05543 0.03768
0 0.40589 0.29775 0.05774 0.03681
0 0.41917 0.27739 0.06005 0.03508
0 0.43476 0.25660 0.06236 0.04028
0 0.45092 0.23603 0.06005 0.04504
0 0.41830 0.36964 0.06755 0.03854
0 0.43707 0.35102 0.06582 0.04114
0 0.44630 0.32915 0.06467 0.03638
0 0.46334 0.30554 0.06524 0.03768
0 0.47835 0.28107 0.06178 0.04244
0 0.50346 0.25184 0.06120 0.04461
0 0.47027 0.21200 0.05831 0.03768
0 0.46103 0.15028 0.03060 0.02945
0 0.45670 0.17843 0.04734 0.03725
0 0.48470 0.15938 0.05485 0.04244
0 0.52742 0.08207 0.01328 0.01776
0 0.55254 0.07579 0.04734 0.03291
0 0.50173 0.10524 0.03002 0.02339
0 0.49913 0.13079 0.04677 0.03898
0 0.53551 0.11022 0.05831 0.04547
0 0.57939 0.11390 0.05600 0.04331
0 0.17696 0.85578 0.06524 0.03378
0 0.15156 0.88653 0.06986 0.03638
0 0.16253 0.86964 0.06293 0.03118
0 0.11865 0.94045 0.06640 0.03162
0 0.12846 0.91815 0.07448 0.04244
0 0.14261 0.90342 0.07275 0.03291
