0 0.46849 0.42569 0.01823 0.00972
0 0.44740 0.42951 0.01875 0.01042
0 0.45391 0.43611 0.02760 0.02083
0 0.48958 0.43090 0.02812 0.01736
0 0.50911 0.43125 0.01823 0.01250
0 0.52812 0.42986 0.02188 0.01389
0 0.54792 0.43229 0.01875 0.01042
0 0.56380 0.43854 0.01198 0.01042
0 0.58385 0.44201 0.01354 0.00903
0 0.60260 0.45799 0.01250 0.02569
0 0.59323 0.45451 0.01771 0.02292
0 0.57500 0.45069 0.01979 0.02778
0 0.55885 0.44931 0.01771 0.02778
0 0.54062 0.44514 0.02187 0.03056
0 0.52292 0.44896 0.01979 0.03403
0 0.50573 0.45069 0.01875 0.03750
0 0.48958 0.44896 0.01979 0.03403
0 0.46953 0.44375 0.02240 0.02778
0 0.60052 0.57153 0.01667 0.01667
0 0.61302 0.54062 0.01354 0.02014
0 0.59688 0.47917 0.02396 0.04028
0 0.57604 0.47812 0.02188 0.04236
0 0.55573 0.47882 0.02500 0.04375
0 0.53359 0.47674 0.02552 0.04097
0 0.51224 0.48160 0.02448 0.04236
0 0.49167 0.48264 0.02292 0.04167
0 0.47005 0.48021 0.02552 0.04931
0 0.47839 0.59757 0.01927 0.01736
0 0.49453 0.59236 0.01823 0.02361
0 0.50990 0.58819 0.02187 0.02778
0 0.52917 0.59028 0.01667 0.02639
0 0.54635 0.58542 0.01979 0.02500
0 0.56797 0.58125 0.02135 0.02639
0 0.58698 0.57153 0.01667 0.02639
0 0.60312 0.52813 0.00938 0.01875
0 0.60312 0.55278 0.01667 0.02917
0 0.59193 0.54167 0.02552 0.03611
0 0.57266 0.55174 0.02448 0.03958
0 0.55365 0.55694 0.02083 0.04167
0 0.53359 0.55833 0.02135 0.04444
0 0.51667 0.56389 0.01979 0.04028
0 0.59245 0.51007 0.02656 0.03542
0 0.57213 0.51667 0.02344 0.04306
0 0.55339 0.51771 0.02135 0.04514
0 0.53438 0.51632 0.02396 0.04653
0 0.51693 0.52222 0.02448 0.04444
0 0.49818 0.51806 0.02240 0.04306
0 0.47656 0.51875 0.02292 0.04306
0 0.49740 0.55868 0.02604 0.04514
0 0.43984 0.57639 0.02240 0.02639
0 0.46380 0.58507 0.02760 0.03125
0 0.48229 0.56771 0.02187 0.04653
0 0.47135 0.55174 0.02500 0.04375
0 0.44948 0.55486 0.02292 0.04167
0 0.42891 0.55069 0.02552 0.03889
0 0.40938 0.53090 0.01979 0.04097
0 0.42865 0.43993 0.02500 0.02847
0 0.43047 0.45833 0.02656 0.03750
0 0.45365 0.45625 0.02500 0.03194
0 0.44974 0.48403 0.02865 0.03472
0 0.45260 0.51771 0.02917 0.03542
0 0.42682 0.51736 0.02656 0.03611
0 0.40885 0.49236 0.01875 0.03889
0 0.42526 0.48681 0.02344 0.03056
