0 0.44821 0.00592 0.11819 0.01185
0 0.56441 0.01001 0.12218 0.02002
0 0.66667 0.01001 0.10624 0.02002
0 0.77822 0.01164 0.14077 0.02328
0 0.96348 0.01042 0.07304 0.02083
0 0.89044 0.01144 0.11023 0.02288
0 0.09628 0.75735 0.11023 0.02941
0 0.04582 0.93648 0.09163 0.03799
0 0.03519 0.90543 0.07039 0.03064
0 0.03121 0.87765 0.06242 0.03064
0 0.02324 0.85294 0.04648 0.02451
0 0.01461 0.82659 0.02922 0.02982
0 0.01992 0.79575 0.03984 0.03350
0 0.02988 0.76450 0.05976 0.03064
0 0.08433 0.78983 0.13413 0.04208
0 0.08898 0.82373 0.16468 0.03472
0 0.09296 0.85192 0.16202 0.03227
0 0.09960 0.88235 0.15405 0.03513
0 0.11620 0.91095 0.15804 0.03268
0 0.13679 0.93954 0.15405 0.02778
0 0.29947 0.97937 0.15007 0.03227
0 0.29017 0.95119 0.16335 0.03227
0 0.25896 0.92749 0.18061 0.02982
0 0.23971 0.89849 0.16069 0.03309
0 0.22709 0.86867 0.17530 0.03554
0 0.22576 0.83844 0.16999 0.03554
0 0.21979 0.80719 0.16866 0.03105
0 0.20850 0.78105 0.17264 0.02696
0 0.85989 0.99306 0.03586 0.01389
0 0.87317 0.97672 0.07835 0.02451
0 0.93161 0.98815 0.11554 0.02369
0 0.67928 0.98734 0.10226 0.02533
0 0.56175 0.98774 0.17264 0.02451
0 0.69987 0.96242 0.10890 0.03105
0 0.58499 0.96344 0.17131 0.03554
0 0.43161 0.98529 0.16467 0.02941
0 0.98074 0.96916 0.03851 0.02410
0 0.86587 0.95813 0.03984 0.02655
0 0.99203 0.94036 0.01594 0.02859
0 0.86720 0.93770 0.05046 0.03636
0 0.88048 0.90891 0.04250 0.03431
0 0.98473 0.90870 0.03054 0.03636
0 0.89708 0.87970 0.05976 0.03064
0 0.89841 0.85192 0.04914 0.03064
0 0.90837 0.82414 0.06109 0.02900
0 0.92032 0.79779 0.07437 0.02941
0 0.93692 0.96119 0.12085 0.02859
0 0.93625 0.93730 0.10624 0.03227
0 0.93493 0.90666 0.12483 0.03554
0 0.94754 0.87480 0.10491 0.03636
0 0.94754 0.84416 0.10491 0.02900
0 0.95020 0.81985 0.09960 0.02941
0 0.95684 0.79351 0.08632 0.02982
0 0.76760 0.94097 0.07171 0.02574
0 0.79416 0.91319 0.06640 0.03145
0 0.81142 0.88521 0.07437 0.02696
0 0.82072 0.86070 0.09031 0.02941
0 0.82869 0.83762 0.09296 0.02737
0 0.83333 0.81189 0.09163 0.02410
0 0.83665 0.78717 0.08499 0.02614
0 0.72178 0.93525 0.12882 0.03309
0 0.71514 0.90768 0.14475 0.03350
0 0.71381 0.88317 0.16069 0.03513
0 0.72178 0.85743 0.15272 0.03186
0 0.72112 0.83395 0.17530 0.03472
0 0.72377 0.80882 0.17264 0.02533
0 0.73904 0.78452 0.16866 0.03145
0 0.58300 0.93689 0.16733 0.03064
0 0.57968 0.91299 0.16866 0.03513
0 0.56042 0.88828 0.18327 0.03145
0 0.56574 0.86029 0.18327 0.03186
0 0.56574 0.83395 0.17796 0.02655
0 0.55312 0.81168 0.18725 0.03186
0 0.56972 0.78656 0.18327 0.02410
0 0.43758 0.95895 0.15272 0.03554
0 0.42563 0.92933 0.16600 0.03186
0 0.40239 0.90196 0.18327 0.03431
0 0.40040 0.87194 0.18725 0.03309
0 0.38712 0.84702 0.16069 0.02819
0 0.36919 0.82190 0.19124 0.03105
0 0.38247 0.79228 0.16999 0.02982
0 0.01859 0.70221 0.03718 0.03513
0 0.07437 0.70180 0.13015 0.02941
0 0.07769 0.66932 0.15538 0.03472
0 0.05710 0.64543 0.11421 0.02941
0 0.06042 0.61928 0.12085 0.03268
0 0.06109 0.59171 0.12218 0.02900
0 0.06707 0.56454 0.13413 0.03676
0 0.06109 0.52083 0.12218 0.03105
0 0.06574 0.47100 0.13147 0.02778
0 0.06441 0.44383 0.12882 0.03064
0 0.07835 0.41748 0.13811 0.02451
0 0.19323 0.75613 0.18194 0.02614
0 0.18924 0.72978 0.17928 0.03227
0 0.21182 0.70854 0.18991 0.02819
0 0.22244 0.68178 0.20584 0.02533
0 0.20850 0.65503 0.19655 0.02900
0 0.19787 0.63215 0.18858 0.02819
0 0.18725 0.60580 0.18327 0.02859
0 0.19787 0.58211 0.20186 0.02778
0 0.21381 0.55494 0.21514 0.02492
0 0.18991 0.48019 0.19920 0.03227
0 0.20518 0.45731 0.18194 0.02737
0 0.20252 0.43444 0.19256 0.03064
0 0.38446 0.76532 0.20319 0.03309
0 0.38645 0.73713 0.18858 0.03309
0 0.40903 0.70874 0.20452 0.03676
0 0.41567 0.68709 0.19920 0.02696
0 0.40837 0.66095 0.20584 0.03023
0 0.39841 0.63623 0.20452 0.02900
0 0.38977 0.61070 0.24303 0.02941
0 0.40704 0.58476 0.20319 0.02819
0 0.41633 0.55984 0.21381 0.02574
0 0.40969 0.53676 0.21647 0.02206
0 0.40637 0.51552 0.20983 0.02941
0 0.39575 0.48938 0.21248 0.02451
0 0.40372 0.46385 0.21514 0.03145
0 0.40040 0.43872 0.20584 0.02941
0 0.98805 0.54126 0.02390 0.02369
0 0.98805 0.56781 0.02390 0.02778
0 0.97344 0.59600 0.05312 0.02941
0 0.96680 0.62561 0.06640 0.03309
0 0.96414 0.65503 0.07171 0.03064
0 0.96481 0.68219 0.07039 0.02859
0 0.95219 0.70915 0.07437 0.03105
0 0.93825 0.74224 0.07570 0.03023
0 0.92829 0.77328 0.07437 0.02941
0 0.98141 0.68546 0.03718 0.02206
0 0.97012 0.70935 0.05976 0.02574
0 0.96481 0.73489 0.07039 0.03023
0 0.96082 0.76450 0.07835 0.02982
0 0.84196 0.76328 0.07968 0.02574
0 0.85923 0.74101 0.08499 0.02614
0 0.86189 0.71609 0.09296 0.03105
0 0.87517 0.68975 0.09562 0.02982
0 0.88048 0.66503 0.09827 0.02778
0 0.88911 0.64257 0.07570 0.03105
0 0.87782 0.61254 0.07703 0.02900
0 0.88977 0.58701 0.08499 0.03186
0 0.90372 0.56230 0.10226 0.02737
0 0.91169 0.53819 0.11819 0.02982
0 0.90837 0.51144 0.12483 0.02778
0 0.90970 0.48652 0.12218 0.02288
0 0.90239 0.46753 0.13944 0.03064
0 0.92298 0.44138 0.13280 0.02492
0 0.74170 0.75858 0.18194 0.02859
0 0.73904 0.73775 0.17663 0.03023
0 0.76361 0.71221 0.15405 0.02900
0 0.76826 0.68811 0.16335 0.02819
0 0.77955 0.66217 0.17530 0.03105
0 0.78486 0.63950 0.17530 0.03064
0 0.77888 0.61458 0.16600 0.02492
0 0.78021 0.58987 0.16335 0.03595
0 0.77955 0.56066 0.16202 0.02737
0 0.78951 0.53288 0.16866 0.03145
0 0.78220 0.50694 0.17264 0.03268
0 0.78486 0.48080 0.18061 0.02859
0 0.77623 0.45466 0.18194 0.02778
0 0.79748 0.43015 0.17663 0.02778
0 0.56175 0.76654 0.16467 0.02083
0 0.56707 0.74694 0.18327 0.02655
0 0.59827 0.72100 0.19522 0.03023
0 0.60027 0.69587 0.17795 0.02737
0 0.61023 0.67218 0.17663 0.02819
0 0.60823 0.64747 0.18327 0.02696
0 0.60624 0.62378 0.17663 0.02451
0 0.60691 0.59865 0.20451 0.02819
0 0.61620 0.57190 0.19124 0.02778
0 0.61952 0.54657 0.20584 0.02533
0 0.61952 0.52737 0.19256 0.02288
0 0.61687 0.50225 0.19788 0.02982
0 0.60159 0.47692 0.18858 0.02737
0 0.59230 0.45425 0.17795 0.02533
0 0.60890 0.42647 0.20850 0.03513
0 0.09429 0.39420 0.15936 0.02369
0 0.07503 0.36887 0.13147 0.02941
0 0.08433 0.34355 0.13944 0.03268
0 0.09031 0.31515 0.12749 0.03064
0 0.09761 0.28677 0.12882 0.03105
0 0.11687 0.25776 0.12483 0.03595
0 0.17862 0.22100 0.22975 0.04412
0 0.21248 0.40788 0.19655 0.02655
0 0.20916 0.38358 0.19522 0.02451
0 0.20783 0.35948 0.18991 0.03186
0 0.22045 0.33272 0.18592 0.02982
0 0.23904 0.30699 0.20451 0.02982
0 0.23174 0.28023 0.19256 0.02533
0 0.25232 0.26021 0.20186 0.03431
0 0.26162 0.23162 0.20717 0.03513
0 0.93227 0.41667 0.13280 0.03350
0 0.92895 0.38746 0.14210 0.02900
0 0.93493 0.36438 0.13015 0.02941
0 0.93028 0.33926 0.13944 0.02410
0 0.92696 0.31495 0.14608 0.02859
0 0.93094 0.28779 0.13811 0.02900
0 0.93426 0.26226 0.13147 0.02941
0 0.92497 0.23591 0.15007 0.02737
0 0.98274 0.21589 0.03453 0.02492
0 0.92630 0.20997 0.14210 0.03268
0 0.98141 0.19220 0.03718 0.02247
0 0.95485 0.16034 0.09031 0.03391
0 0.89708 0.17974 0.14475 0.03105
0 0.79283 0.40482 0.17530 0.03186
0 0.78420 0.37439 0.19256 0.03309
0 0.77888 0.34559 0.18194 0.03840
0 0.78951 0.31863 0.15804 0.02696
0 0.80611 0.29146 0.16999 0.03227
0 0.81076 0.25940 0.15272 0.03513
0 0.78951 0.20772 0.15538 0.04453
0 0.60691 0.39645 0.18327 0.02819
0 0.61952 0.37153 0.18991 0.02900
0 0.60823 0.34824 0.16733 0.02328
0 0.62815 0.32904 0.20717 0.03227
0 0.62683 0.30106 0.20451 0.02941
0 0.63546 0.27451 0.18991 0.03268
0 0.65737 0.24735 0.22311 0.03145
0 0.63745 0.21466 0.19389 0.03962
0 0.40637 0.41258 0.20451 0.03105
0 0.41235 0.38848 0.18991 0.02533
0 0.40505 0.36009 0.19920 0.03391
0 0.41302 0.33170 0.20983 0.03350
0 0.43227 0.30862 0.18725 0.02492
0 0.43360 0.28350 0.20053 0.03268
0 0.45153 0.25143 0.20186 0.03309
0 0.44622 0.21834 0.18858 0.03962
0 0.53121 0.18811 0.21779 0.03717
0 0.70053 0.17647 0.21381 0.03513
0 0.68061 0.15094 0.22444 0.03391
0 0.81076 0.12153 0.20584 0.04208
