0 0.33430 0.16695 0.02425 0.01602
0 0.35883 0.16306 0.02483 0.01256
0 0.38164 0.16003 0.02079 0.00563
0 0.36749 0.16934 0.03060 0.01819
0 0.40618 0.16782 0.02367 0.01343
0 0.39088 0.16717 0.03002 0.01213
0 0.39174 0.17757 0.03176 0.01559
0 0.42004 0.17410 0.03060 0.01559
0 0.41715 0.18536 0.03637 0.01992
0 0.44313 0.17735 0.02252 0.01169
0 0.46363 0.18233 0.01155 0.01039
0 0.45035 0.18406 0.02309 0.01386
0 0.44140 0.19316 0.02829 0.01819
0 0.46161 0.19814 0.02714 0.01776
0 0.47027 0.18796 0.01790 0.01472
0 0.48181 0.18623 0.01212 0.00866
0 0.49105 0.19381 0.02483 0.01256
0 0.48152 0.20572 0.03118 0.02165
0 0.33834 0.16934 0.02771 0.01472
0 0.32073 0.18644 0.02714 0.02382
0 0.34440 0.18558 0.02945 0.02555
0 0.36894 0.18883 0.02887 0.02685
0 0.38770 0.19640 0.03060 0.02642
0 0.40762 0.20442 0.03118 0.02945
0 0.42639 0.20961 0.02714 0.02858
0 0.44342 0.21503 0.02771 0.02728
0 0.46016 0.22217 0.02887 0.02858
0 0.47835 0.22889 0.02714 0.02728
0 0.49856 0.23517 0.02598 0.02772
0 0.49798 0.21221 0.02483 0.01992
0 0.50837 0.20139 0.02483 0.01559
0 0.52714 0.20442 0.01617 0.00780
0 0.52425 0.20897 0.01848 0.01169
0 0.51559 0.21828 0.02309 0.01992
0 0.51617 0.24188 0.02540 0.03075
0 0.52973 0.24816 0.02367 0.02858
0 0.54821 0.25357 0.02829 0.02902
0 0.53118 0.22499 0.01848 0.02036
0 0.54099 0.20940 0.01732 0.00823
0 0.55369 0.21438 0.01617 0.00606
0 0.54388 0.21763 0.02194 0.01083
0 0.54648 0.23062 0.02136 0.01949
0 0.56005 0.21936 0.01386 0.00650
0 0.57102 0.22066 0.01155 0.00563
0 0.56351 0.22434 0.01848 0.01039
0 0.56380 0.23733 0.02021 0.01992
0 0.56034 0.26029 0.02483 0.02772
0 0.58141 0.26592 0.03233 0.02685
0 0.57766 0.24470 0.02021 0.01906
0 0.58054 0.22975 0.02252 0.01343
0 0.59613 0.23885 0.02367 0.01862
0 0.61172 0.24296 0.01790 0.01386
0 0.61028 0.24643 0.01617 0.00606
0 0.59325 0.25097 0.02136 0.02122
0 0.59122 0.27523 0.02771 0.02902
0 0.60566 0.28151 0.02771 0.02772
0 0.60999 0.25769 0.02367 0.02079
0 0.62616 0.25032 0.01559 0.01386
0 0.62529 0.26657 0.01848 0.02036
0 0.62182 0.28865 0.03118 0.02728
0 0.64174 0.25162 0.01790 0.00866
0 0.63886 0.25682 0.01790 0.01386
0 0.63799 0.27198 0.01848 0.01992
0 0.63655 0.29385 0.02598 0.02469
0 0.65704 0.25855 0.01963 0.01039
0 0.65387 0.26353 0.01790 0.01169
0 0.65214 0.27848 0.01790 0.02079
0 0.64867 0.30143 0.02714 0.02512
0 0.67119 0.27176 0.02021 0.01862
0 0.66455 0.28627 0.02079 0.02079
0 0.66282 0.30879 0.02771 0.02512
0 0.67869 0.31572 0.02945 0.02599
0 0.68072 0.29233 0.02079 0.02252
0 0.68303 0.27739 0.01732 0.01862
0 0.69861 0.28346 0.02194 0.01602
0 0.69544 0.30165 0.01905 0.02209
0 0.69197 0.32633 0.02714 0.02815
0 0.70872 0.33153 0.02483 0.02642
0 0.71016 0.30749 0.02079 0.02252
0 0.71247 0.29082 0.01963 0.01862
0 0.72488 0.29255 0.01443 0.00736
0 0.72373 0.29991 0.01559 0.01429
0 0.72084 0.33932 0.02598 0.02555
0 0.72488 0.31637 0.01905 0.02122
0 0.73614 0.30749 0.01501 0.01299
0 0.73787 0.29991 0.01617 0.00823
0 0.75058 0.30706 0.01501 0.00780
0 0.75000 0.31399 0.01501 0.01213
0 0.73845 0.32330 0.02194 0.01949
0 0.73297 0.34539 0.02945 0.02642
0 0.74625 0.35448 0.03060 0.02642
0 0.75202 0.33153 0.01905 0.02295
0 0.76299 0.31485 0.01559 0.00866
0 0.76386 0.32265 0.01501 0.01472
0 0.76415 0.33846 0.01905 0.02036
0 0.75924 0.36098 0.02771 0.02469
0 0.77598 0.32763 0.01501 0.01949
0 0.77627 0.34582 0.02021 0.02122
0 0.78695 0.33478 0.01386 0.01992
0 0.80081 0.34214 0.01617 0.01906
0 0.78926 0.35275 0.01963 0.01862
0 0.77483 0.36791 0.02656 0.02555
0 0.78608 0.37549 0.02945 0.02772
0 0.80167 0.38415 0.02483 0.02252
0 0.80225 0.36119 0.01790 0.02339
0 0.81322 0.35123 0.01443 0.01732
0 0.82564 0.35708 0.01732 0.01689
0 0.81207 0.36942 0.01790 0.02425
0 0.81813 0.39454 0.02194 0.02512
0 0.82419 0.37376 0.02021 0.02252
0 0.83834 0.36379 0.01617 0.01472
0 0.83401 0.38003 0.01674 0.02382
0 0.83054 0.40320 0.02252 0.02339
0 0.84729 0.37181 0.01328 0.01516
0 0.84469 0.38826 0.01848 0.02209
0 0.84093 0.41078 0.02367 0.02382
0 0.85364 0.41815 0.02945 0.02382
0 0.85826 0.37830 0.01559 0.01862
0 0.85652 0.39584 0.01559 0.02079
0 0.86923 0.38588 0.01328 0.01472
0 0.87760 0.39519 0.01270 0.01776
0 0.86923 0.40147 0.01905 0.02425
0 0.86749 0.42789 0.02598 0.02858
0 0.88713 0.40017 0.01097 0.01386
0 0.87760 0.41122 0.01732 0.01689
0 0.87760 0.43395 0.02309 0.02599
0 0.88770 0.41750 0.01559 0.02079
0 0.89578 0.40948 0.00982 0.01429
0 0.90242 0.41988 0.00924 0.01429
0 0.89665 0.42378 0.01386 0.01689
0 0.88655 0.44088 0.02483 0.02599
0 0.84988 0.44976 0.02656 0.02209
0 0.84007 0.44002 0.03349 0.02685
0 0.82679 0.43266 0.03002 0.02425
0 0.81669 0.42443 0.02945 0.02339
0 0.80658 0.41576 0.02771 0.02512
0 0.79417 0.40710 0.03060 0.02512
0 0.78147 0.40104 0.02714 0.02339
0 0.76934 0.39303 0.02598 0.02555
0 0.75635 0.38545 0.02656 0.02512
0 0.74221 0.37938 0.02829 0.02339
0 0.72777 0.37376 0.03060 0.02425
0 0.71651 0.36466 0.03002 0.02599
0 0.70179 0.35643 0.02714 0.02512
0 0.68534 0.34972 0.03118 0.02209
0 0.66686 0.33954 0.03118 0.02425
0 0.65069 0.33131 0.03118 0.02339
0 0.63481 0.32417 0.03291 0.02469
0 0.62240 0.31680 0.02771 0.02902
0 0.60797 0.31009 0.02425 0.02772
0 0.59180 0.30316 0.02887 0.02685
0 0.57563 0.29753 0.02771 0.02685
0 0.56236 0.28909 0.03002 0.02815
0 0.54504 0.28302 0.02656 0.02555
0 0.53060 0.27609 0.02771 0.02728
0 0.51357 0.27046 0.02598 0.02642
0 0.49856 0.26353 0.02945 0.02642
0 0.47979 0.25920 0.02656 0.02642
0 0.46276 0.25357 0.02945 0.02815
0 0.44688 0.24621 0.03002 0.02988
0 0.42985 0.23907 0.02945 0.02858
0 0.41195 0.23257 0.02945 0.02685
0 0.39319 0.22391 0.03118 0.02599
0 0.37182 0.21741 0.03233 0.02599
0 0.35422 0.20897 0.02714 0.02295
0 0.33199 0.20442 0.02771 0.02425
0 0.31351 0.21806 0.03118 0.02902
0 0.30427 0.24534 0.02194 0.02122
0 0.32015 0.24080 0.02598 0.02079
0 0.34151 0.22759 0.03637 0.02555
0 0.32304 0.25855 0.02021 0.01646
0 0.34180 0.27133 0.02309 0.02036
0 0.34296 0.25076 0.03118 0.02425
0 0.36518 0.24015 0.03060 0.02469
0 0.38655 0.24924 0.03060 0.02555
0 0.36432 0.26180 0.03002 0.01949
0 0.36316 0.27999 0.03002 0.01776
0 0.38164 0.27090 0.02771 0.01949
0 0.37616 0.28930 0.02598 0.01819
0 0.40676 0.25747 0.02945 0.02382
0 0.42639 0.26505 0.03060 0.02512
0 0.44284 0.27328 0.02425 0.02512
0 0.45699 0.27869 0.02714 0.02295
0 0.47546 0.28432 0.02945 0.02902
0 0.49249 0.28995 0.03002 0.02728
0 0.50808 0.29558 0.02656 0.02382
0 0.52252 0.30208 0.03002 0.02642
0 0.53782 0.30879 0.03176 0.02685
0 0.55254 0.31529 0.03118 0.02599
0 0.56784 0.32243 0.03060 0.02469
0 0.58458 0.32958 0.03406 0.02599
0 0.60277 0.33673 0.03233 0.02728
0 0.62096 0.34647 0.03406 0.02252
0 0.63713 0.35340 0.03406 0.02252
0 0.65156 0.36033 0.03406 0.02339
0 0.66282 0.36791 0.03002 0.02815
0 0.67696 0.37289 0.03060 0.02599
0 0.68736 0.38025 0.03176 0.02252
0 0.70121 0.38826 0.03176 0.02382
0 0.71363 0.39628 0.03233 0.02252
0 0.72835 0.40255 0.03176 0.02382
0 0.74134 0.40927 0.03349 0.02425
0 0.75375 0.41576 0.03406 0.02252
0 0.76328 0.42399 0.03580 0.02079
0 0.77512 0.43049 0.03637 0.02079
0 0.78609 0.43742 0.03522 0.01992
0 0.79734 0.44500 0.03580 0.02122
0 0.80831 0.45301 0.03464 0.02079
0 0.81928 0.46059 0.03464 0.02036
0 0.39434 0.29558 0.02656 0.01602
0 0.40242 0.27934 0.03002 0.02339
0 0.41166 0.29948 0.02656 0.02036
0 0.42610 0.28670 0.03349 0.02079
0 0.42206 0.31117 0.02194 0.00909
0 0.43014 0.30208 0.02309 0.01862
0 0.44111 0.31117 0.02656 0.02295
0 0.45468 0.29818 0.03060 0.02122
0 0.45439 0.31832 0.02540 0.01992
0 0.47517 0.30728 0.02771 0.01862
0 0.46882 0.32460 0.02771 0.01949
0 0.47604 0.33261 0.01097 0.00953
0 0.49423 0.31399 0.03002 0.02252
0 0.48845 0.33088 0.01848 0.01299
0 0.50779 0.32092 0.02829 0.02165
0 0.49105 0.33976 0.01790 0.00823
0 0.50289 0.33759 0.01848 0.01256
0 0.51039 0.34430 0.02425 0.01126
0 0.52165 0.32785 0.03060 0.02425
0 0.52194 0.34799 0.02540 0.01602
0 0.53637 0.33326 0.02540 0.02122
0 0.53580 0.35275 0.02540 0.01862
0 0.54821 0.33846 0.02598 0.02122
0 0.55225 0.36033 0.02252 0.01559
0 0.56149 0.34560 0.02598 0.02425
0 0.57823 0.35210 0.03060 0.02079
0 0.56524 0.36856 0.02309 0.01472
0 0.59093 0.35990 0.03176 0.02079
0 0.57852 0.37505 0.02194 0.01559
0 0.59353 0.38242 0.02425 0.01386
0 0.60422 0.36488 0.03406 0.02295
0 0.61952 0.37072 0.03002 0.02425
0 0.60883 0.38913 0.02829 0.01602
0 0.63308 0.37787 0.03406 0.02382
0 0.62384 0.39606 0.03522 0.01343
0 0.64203 0.38631 0.03002 0.01819
0 0.63713 0.41100 0.01328 0.00606
0 0.63568 0.40255 0.03464 0.01169
0 0.65675 0.39195 0.03291 0.02079
0 0.65560 0.41208 0.02829 0.01862
0 0.66946 0.39931 0.03291 0.01906
0 0.66513 0.41706 0.02656 0.01472
0 0.68418 0.40667 0.03118 0.01992
0 0.67610 0.42269 0.02540 0.01386
0 0.68533 0.42984 0.02540 0.01343
0 0.70035 0.41533 0.03464 0.01906
0 0.71507 0.42291 0.03522 0.02036
0 0.69746 0.43699 0.02656 0.01472
0 0.70352 0.44673 0.01443 0.00909
0 0.71161 0.44262 0.02367 0.01039
0 0.72633 0.43157 0.03349 0.02209
0 0.72373 0.44954 0.02829 0.01126
0 0.73932 0.43872 0.03291 0.01819
0 0.73095 0.45648 0.02887 0.01126
0 0.75260 0.44586 0.03291 0.01689
0 0.74249 0.46319 0.02771 0.01256
0 0.76328 0.45279 0.03695 0.01949
0 0.75318 0.46947 0.03291 0.01126
0 0.77281 0.45929 0.03637 0.01776
0 0.76588 0.47553 0.02945 0.00866
0 0.78580 0.46644 0.03349 0.01732
0 0.77656 0.48094 0.02656 0.00909
0 0.79619 0.47293 0.03349 0.01646
0 0.78868 0.48722 0.02425 0.01039
0 0.80283 0.49112 0.02021 0.00606
0 0.80716 0.47943 0.03464 0.01732
0 0.83256 0.46903 0.03464 0.01819
0 0.81899 0.48549 0.03176 0.01732
0 0.83343 0.48874 0.02483 0.01169
0 0.84353 0.47618 0.02771 0.01602
0 0.86143 0.45561 0.02656 0.02685
0 0.87182 0.47380 0.01963 0.01386
0 0.87125 0.46275 0.02887 0.02815
0 0.85826 0.48246 0.02714 0.01732
