0 0.91944 0.13385 0.02639 0.02188
0 0.91910 0.11875 0.02569 0.01667
0 0.92813 0.10911 0.03264 0.02135
0 0.43125 0.53021 0.01667 0.02500
0 0.44028 0.55234 0.01944 0.02031
0 0.44688 0.56901 0.01875 0.01719
0 0.46493 0.58646 0.03403 0.02187
0 0.46944 0.60365 0.03889 0.02500
0 0.62361 0.60625 0.00972 0.02292
0 0.63194 0.56719 0.00694 0.01042
0 0.61875 0.58333 0.03056 0.03021
0 0.54826 0.57682 0.05903 0.02865
0 0.50139 0.57448 0.05000 0.02604
0 0.62431 0.53438 0.01250 0.02292
0 0.61354 0.55938 0.03681 0.03229
0 0.58333 0.55885 0.04583 0.02813
0 0.60660 0.53984 0.02986 0.01719
0 0.62153 0.51250 0.01806 0.02396
0 0.61771 0.49219 0.02014 0.02083
0 0.60451 0.52161 0.03958 0.02760
0 0.46076 0.56302 0.03542 0.03125
0 0.49653 0.55625 0.04722 0.02500
0 0.45278 0.53724 0.03472 0.02760
0 0.48854 0.53412 0.04514 0.02760
0 0.53819 0.55807 0.04444 0.02448
0 0.57361 0.53802 0.04167 0.02604
0 0.56458 0.51745 0.05000 0.02865
0 0.52951 0.53958 0.04792 0.02812
0 0.52118 0.51875 0.04792 0.02604
0 0.47917 0.51615 0.04167 0.02604
0 0.44444 0.51641 0.02917 0.02656
0 0.47118 0.49896 0.04375 0.02292
0 0.51111 0.49922 0.04722 0.02656
0 0.55382 0.49714 0.04375 0.02656
0 0.59583 0.50000 0.03889 0.02500
0 0.61007 0.47708 0.01875 0.02083
0 0.58403 0.47995 0.04306 0.02656
0 0.54410 0.47396 0.04514 0.03021
0 0.50347 0.47969 0.04167 0.02292
0 0.57500 0.45885 0.04722 0.02396
0 0.60486 0.45703 0.01944 0.02240
0 0.59306 0.43724 0.02500 0.02135
0 0.61319 0.39870 0.01944 0.01927
0 0.59861 0.41953 0.04306 0.02552
0 0.56285 0.44349 0.03958 0.02865
0 0.53194 0.45417 0.02361 0.01667
0 0.51146 0.46615 0.02153 0.01146
0 0.43437 0.44792 0.01875 0.01771
0 0.42708 0.46797 0.01806 0.02240
0 0.44375 0.43490 0.01806 0.01354
0 0.46701 0.43906 0.01597 0.00625
0 0.44792 0.45052 0.03056 0.02604
0 0.50347 0.41510 0.03194 0.01562
0 0.47049 0.42422 0.03958 0.02760
0 0.57778 0.34115 0.01944 0.01562
0 0.58438 0.36562 0.01458 0.01875
0 0.58125 0.35339 0.01528 0.01406
0 0.51181 0.38646 0.01111 0.00625
0 0.50208 0.40078 0.03472 0.02344
0 0.53368 0.39870 0.03681 0.02031
0 0.56771 0.37812 0.03542 0.02292
0 0.55972 0.34818 0.02778 0.01302
0 0.55486 0.36380 0.04583 0.02552
0 0.53264 0.37813 0.04028 0.02708
0 0.50729 0.15104 0.01319 0.01146
0 0.51632 0.16510 0.02014 0.02083
0 0.50243 0.16719 0.01875 0.02500
0 0.55382 0.21120 0.01181 0.02344
0 0.54375 0.19766 0.01528 0.01510
0 0.53958 0.18385 0.01111 0.01875
0 0.52083 0.17734 0.02778 0.01510
0 0.52778 0.19479 0.02500 0.02292
0 0.48507 0.18568 0.03542 0.02969
0 0.49444 0.19427 0.05000 0.03021
0 0.53715 0.21484 0.02986 0.02552
0 0.49861 0.20859 0.05278 0.02031
0 0.52951 0.23281 0.02431 0.03021
0 0.49688 0.22448 0.04931 0.02813
0 0.55903 0.22318 0.01528 0.01510
0 0.54931 0.23125 0.01944 0.01667
0 0.46632 0.20469 0.01042 0.00938
0 0.46632 0.22109 0.01458 0.02552
0 0.59028 0.30781 0.01806 0.01562
0 0.58056 0.30963 0.00833 0.01510
0 0.57014 0.31667 0.01806 0.01250
0 0.54757 0.32161 0.02847 0.01615
0 0.54167 0.31328 0.02361 0.01094
0 0.52639 0.32526 0.01667 0.01615
0 0.50625 0.32578 0.02778 0.02552
0 0.55521 0.28802 0.03542 0.02396
0 0.56285 0.30703 0.02986 0.02135
0 0.53507 0.30495 0.03681 0.02552
0 0.50868 0.26328 0.04236 0.02969
0 0.50625 0.24479 0.05278 0.02396
0 0.47014 0.24349 0.02639 0.02344
0 0.47500 0.26588 0.03194 0.02760
0 0.45903 0.32396 0.02361 0.02708
0 0.49688 0.34453 0.01875 0.01094
0 0.48681 0.34427 0.01389 0.01250
0 0.48090 0.35391 0.00903 0.00677
0 0.44792 0.34531 0.00694 0.01562
0 0.47917 0.28568 0.03472 0.02031
0 0.46840 0.10625 0.02292 0.01667
0 0.41007 0.10755 0.01875 0.01719
0 0.39687 0.26771 0.02847 0.02396
0 0.37222 0.26693 0.02500 0.02656
0 0.35764 0.27578 0.01389 0.02031
0 0.47882 0.30182 0.01875 0.01823
0 0.46389 0.29948 0.02222 0.02500
0 0.39410 0.29089 0.01736 0.02760
0 0.37604 0.28646 0.02708 0.02396
0 0.38194 0.30573 0.02361 0.02396
0 0.38229 0.32266 0.00625 0.01302
0 0.37118 0.31510 0.01736 0.01771
0 0.36111 0.29505 0.01528 0.01927
0 0.37222 0.33125 0.01806 0.02187
0 0.37465 0.35052 0.01042 0.01250
0 0.41354 0.24323 0.01458 0.02396
0 0.39375 0.24427 0.03194 0.03021
0 0.36979 0.24453 0.03125 0.02448
0 0.35486 0.25573 0.01389 0.02188
0 0.35208 0.23412 0.01250 0.02031
0 0.37361 0.22760 0.03889 0.02187
0 0.35764 0.20703 0.01806 0.02240
0 0.37986 0.20859 0.03889 0.03385
0 0.41042 0.22266 0.03611 0.02552
0 0.42569 0.20104 0.01806 0.02083
0 0.41250 0.19870 0.04028 0.02969
0 0.37917 0.18463 0.03194 0.02344
0 0.40903 0.17578 0.04167 0.02760
0 0.35625 0.18724 0.02083 0.02031
0 0.35590 0.16745 0.01597 0.01927
0 0.43438 0.18125 0.02292 0.01875
0 0.46111 0.14088 0.01667 0.01927
0 0.41493 0.15469 0.04514 0.03125
0 0.44687 0.15807 0.02986 0.02865
0 0.37396 0.14792 0.04514 0.02187
0 0.37674 0.16328 0.03542 0.02656
0 0.38507 0.07552 0.02292 0.01875
0 0.38264 0.09427 0.03056 0.02708
0 0.45868 0.08229 0.02569 0.01979
0 0.41181 0.07604 0.04444 0.02917
0 0.43333 0.10729 0.04167 0.02604
0 0.45764 0.12318 0.03333 0.02865
0 0.38160 0.12526 0.04514 0.02552
0 0.43507 0.13411 0.05347 0.03281
0 0.47222 0.62344 0.02917 0.02396
0 0.47639 0.64609 0.02222 0.02448
0 0.48264 0.66693 0.01806 0.02240
0 0.61319 0.65417 0.03889 0.03229
0 0.60799 0.63099 0.04236 0.02969
0 0.60035 0.61198 0.04514 0.03021
0 0.59410 0.59036 0.04375 0.02969
0 0.49792 0.65495 0.04583 0.02552
0 0.48819 0.62812 0.03333 0.03021
0 0.50382 0.59557 0.04931 0.02448
0 0.51910 0.61380 0.05347 0.02552
0 0.53264 0.65703 0.04167 0.02760
0 0.52292 0.63437 0.04722 0.02604
0 0.57465 0.65781 0.04514 0.02708
0 0.56597 0.63698 0.04722 0.02500
0 0.55764 0.61667 0.04861 0.02604
0 0.55243 0.59661 0.05069 0.02448
0 0.61979 0.67682 0.02986 0.02865
0 0.62188 0.71250 0.01319 0.01042
0 0.62153 0.69844 0.01806 0.02396
0 0.50278 0.70365 0.01528 0.01562
0 0.49375 0.68542 0.01806 0.02188
0 0.50486 0.67448 0.03333 0.02396
0 0.51736 0.69609 0.04028 0.02865
0 0.54097 0.67760 0.04444 0.02708
0 0.58368 0.67969 0.04653 0.02917
0 0.59444 0.70260 0.04306 0.03229
0 0.52708 0.71823 0.03611 0.03021
0 0.55521 0.69687 0.04097 0.02604
0 0.56875 0.71849 0.05000 0.02969
0 0.55972 0.75677 0.01806 0.01667
0 0.57708 0.76432 0.02222 0.01719
0 0.56840 0.75104 0.01319 0.01354
0 0.54688 0.73776 0.03542 0.02656
0 0.58333 0.77839 0.02917 0.02448
0 0.59826 0.77344 0.02569 0.02500
0 0.61528 0.72630 0.01667 0.02344
0 0.58333 0.73412 0.04722 0.03281
0 0.59549 0.74818 0.04236 0.03281
0 0.84444 0.10443 0.01389 0.00990
0 0.85347 0.10182 0.01111 0.01094
0 0.85382 0.09010 0.01875 0.01562
0 0.18194 0.21693 0.01806 0.00990
0 0.18993 0.18672 0.01042 0.01719
0 0.18507 0.20365 0.01736 0.02187
0 0.17639 0.30312 0.00694 0.01250
0 0.17674 0.31641 0.01042 0.01823
0 0.15833 0.37630 0.02500 0.02240
0 0.16597 0.39167 0.02361 0.03438
0 0.14687 0.39922 0.01597 0.02760
0 0.16181 0.42552 0.01667 0.03021
0 0.15104 0.42656 0.01875 0.02917
0 0.15660 0.44974 0.01319 0.02240
0 0.14687 0.18516 0.01319 0.01823
0 0.11771 0.27266 0.03264 0.02969
0 0.11146 0.24792 0.01597 0.02188
0 0.12639 0.24453 0.01944 0.02656
0 0.11875 0.22865 0.01944 0.01667
0 0.13854 0.20026 0.02569 0.02031
0 0.13368 0.21536 0.02847 0.02865
