0 0.39088 0.72044 0.01039 0.01602
0 0.38251 0.70723 0.01674 0.01732
0 0.37442 0.69251 0.01328 0.01646
0 0.37760 0.68060 0.01963 0.01602
0 0.39232 0.70290 0.02598 0.01906
0 0.39405 0.69121 0.02714 0.02252
0 0.42552 0.73798 0.02079 0.01559
0 0.40820 0.73062 0.02194 0.01386
0 0.40445 0.71958 0.02714 0.02209
0 0.42408 0.72651 0.01328 0.01256
0 0.41339 0.70940 0.02425 0.02685
0 0.44602 0.73365 0.02714 0.02685
0 0.43793 0.71979 0.02829 0.02685
0 0.42610 0.70074 0.03002 0.02599
0 0.36547 0.66284 0.01501 0.01949
0 0.35912 0.64747 0.00808 0.01299
0 0.36403 0.63750 0.01443 0.01646
0 0.37067 0.65223 0.01617 0.01992
0 0.36518 0.63123 0.01097 0.01343
0 0.36490 0.61823 0.01386 0.01602
0 0.36114 0.60286 0.01212 0.01472
0 0.35797 0.58900 0.01270 0.01559
0 0.37067 0.59550 0.02079 0.02079
0 0.35768 0.56215 0.00866 0.01299
0 0.36057 0.57514 0.01559 0.01992
0 0.35970 0.55219 0.01270 0.01386
0 0.36865 0.56518 0.01790 0.01819
0 0.37529 0.58185 0.01963 0.01862
0 0.37298 0.61130 0.01848 0.01602
0 0.37442 0.62841 0.02021 0.01819
0 0.37702 0.64400 0.01963 0.01732
0 0.39521 0.62559 0.02367 0.01689
0 0.39463 0.61065 0.02829 0.01906
0 0.39261 0.59679 0.02425 0.01646
0 0.39636 0.58532 0.02598 0.01776
0 0.39174 0.57059 0.02483 0.01776
0 0.36605 0.54114 0.02194 0.01862
0 0.37182 0.55262 0.01386 0.01646
0 0.39088 0.55544 0.02656 0.02036
0 0.38308 0.54201 0.02483 0.01862
0 0.36086 0.52512 0.01963 0.01862
0 0.37298 0.52555 0.01501 0.02036
0 0.35566 0.50736 0.01039 0.01776
0 0.36461 0.50823 0.01790 0.01689
0 0.35479 0.49156 0.00866 0.01559
0 0.49336 0.74145 0.02252 0.02858
0 0.47258 0.74339 0.03291 0.02902
0 0.47113 0.72672 0.02887 0.02252
0 0.46189 0.71243 0.03002 0.02079
0 0.45814 0.70117 0.02829 0.01472
0 0.45756 0.69186 0.02829 0.00996
0 0.47488 0.67345 0.02367 0.02339
0 0.55601 0.72910 0.02309 0.02295
0 0.50779 0.73538 0.03176 0.02772
0 0.50346 0.72326 0.03580 0.02512
0 0.50895 0.70420 0.04099 0.03291
0 0.60133 0.64660 0.01328 0.01386
0 0.57737 0.69316 0.03118 0.02815
0 0.56755 0.70832 0.02771 0.03508
0 0.53637 0.72217 0.03002 0.02902
0 0.54561 0.70572 0.03695 0.03075
0 0.58256 0.67367 0.03464 0.01862
0 0.54590 0.68644 0.03868 0.02425
0 0.49913 0.68796 0.03637 0.02555
0 0.49885 0.67150 0.02656 0.02209
0 0.39665 0.64184 0.02079 0.01559
0 0.38251 0.66955 0.02367 0.01992
0 0.39405 0.66111 0.02367 0.01949
0 0.40156 0.68103 0.02598 0.02122
0 0.42898 0.68904 0.02887 0.02079
0 0.45612 0.68146 0.02887 0.02209
0 0.44457 0.66717 0.02309 0.01776
0 0.42004 0.67388 0.02598 0.01906
0 0.41426 0.65635 0.02252 0.01516
0 0.42350 0.64747 0.03060 0.01992
0 0.42350 0.63079 0.02829 0.01776
0 0.42552 0.61693 0.02656 0.01516
0 0.42321 0.60459 0.02540 0.01386
0 0.42206 0.59160 0.02656 0.01906
0 0.41801 0.57622 0.02540 0.01776
0 0.41426 0.55933 0.02136 0.02122
0 0.45612 0.65461 0.03118 0.01862
0 0.47258 0.64227 0.01097 0.01473
0 0.46334 0.62408 0.01443 0.01299
0 0.45294 0.63837 0.02945 0.02252
0 0.45352 0.61802 0.02598 0.02079
0 0.44919 0.60329 0.02540 0.01473
0 0.44804 0.59008 0.02887 0.01689
0 0.44457 0.57298 0.03002 0.01906
0 0.43707 0.55544 0.03580 0.02295
0 0.36345 0.48463 0.01905 0.01732
0 0.36807 0.49524 0.01905 0.01949
0 0.37991 0.50585 0.02194 0.01992
0 0.38943 0.52295 0.02598 0.01862
0 0.40300 0.53855 0.02309 0.02036
0 0.42379 0.54158 0.02079 0.01602
0 0.41253 0.52577 0.02598 0.02512
0 0.40502 0.50606 0.03176 0.02469
0 0.38251 0.48614 0.02367 0.02122
0 0.36143 0.44456 0.01963 0.02555
0 0.36374 0.46449 0.02309 0.02555
0 0.36403 0.42053 0.01674 0.02079
0 0.37182 0.42594 0.02425 0.02122
0 0.37904 0.43612 0.03060 0.02339
0 0.37991 0.45626 0.02771 0.01949
0 0.38770 0.46882 0.02598 0.02036
0 0.40502 0.46081 0.02136 0.01732
0 0.45266 0.46665 0.02194 0.02036
0 0.58949 0.65721 0.02771 0.01949
0 0.60912 0.61087 0.01155 0.01602
0 0.62384 0.57362 0.00866 0.01516
0 0.61749 0.54764 0.02136 0.01602
0 0.62067 0.53032 0.01848 0.02122
0 0.61403 0.58402 0.01559 0.01862
0 0.60999 0.57362 0.02136 0.02036
0 0.60999 0.55608 0.01905 0.01992
0 0.58516 0.64617 0.02367 0.01992
0 0.59931 0.63123 0.01963 0.01689
0 0.59180 0.61715 0.02771 0.02252
0 0.60162 0.60048 0.02540 0.01949
0 0.59382 0.59095 0.02829 0.02382
0 0.59353 0.57038 0.01963 0.02079
0 0.59786 0.55110 0.02136 0.02036
0 0.60595 0.53313 0.02021 0.01906
0 0.57159 0.58987 0.02309 0.01386
0 0.57131 0.57471 0.02714 0.02425
0 0.57939 0.56128 0.02483 0.02252
0 0.57766 0.60632 0.02252 0.01906
0 0.57650 0.63166 0.02714 0.02209
0 0.54792 0.66760 0.03233 0.02382
0 0.55312 0.64595 0.02887 0.01949
0 0.56553 0.62170 0.02945 0.01862
0 0.54677 0.63361 0.03002 0.02252
0 0.51963 0.66436 0.03349 0.02425
0 0.48816 0.65461 0.02714 0.01776
0 0.48816 0.63815 0.03176 0.01776
0 0.51876 0.64487 0.03406 0.01992
0 0.52078 0.62884 0.03349 0.01906
0 0.48932 0.62408 0.02945 0.02252
0 0.47835 0.61260 0.02829 0.01776
0 0.47488 0.59961 0.03060 0.01862
0 0.47835 0.58510 0.03291 0.01819
0 0.55572 0.60308 0.02945 0.02382
0 0.52396 0.61369 0.03291 0.01559
0 0.51299 0.60611 0.03522 0.02122
0 0.50722 0.59398 0.03176 0.02122
0 0.51184 0.57731 0.03753 0.01646
0 0.54186 0.59311 0.02945 0.02122
0 0.55456 0.56193 0.02483 0.01602
0 0.54446 0.57319 0.03002 0.02122
0 0.56264 0.54786 0.02714 0.01906
0 0.58401 0.53638 0.02945 0.02382
0 0.57217 0.52144 0.03233 0.02425
0 0.54706 0.53811 0.02136 0.01343
0 0.53724 0.55327 0.02829 0.02382
0 0.51039 0.56193 0.03118 0.01602
0 0.47719 0.56951 0.03522 0.01906
0 0.47113 0.55825 0.03233 0.01906
0 0.46420 0.54504 0.03233 0.02122
0 0.49596 0.54937 0.02425 0.02295
0 0.48701 0.53551 0.02252 0.01602
0 0.47171 0.52317 0.03580 0.02339
0 0.44284 0.53162 0.03695 0.02209
0 0.43534 0.51581 0.03233 0.02252
0 0.46478 0.50650 0.02887 0.01776
0 0.42494 0.49848 0.02771 0.02079
0 0.40502 0.48051 0.02252 0.02382
0 0.42869 0.47900 0.03176 0.02079
0 0.45150 0.48961 0.03118 0.02382
0 0.51617 0.54114 0.02771 0.02122
0 0.54042 0.52837 0.03233 0.02165
0 0.53262 0.51234 0.02714 0.01819
0 0.50722 0.52404 0.02945 0.02252
0 0.50087 0.50693 0.03406 0.02209
0 0.48961 0.49004 0.03233 0.02555
0 0.47344 0.47575 0.03695 0.02382
0 0.42841 0.45842 0.03695 0.02209
0 0.37731 0.40580 0.02252 0.01992
0 0.40676 0.40429 0.02021 0.01429
0 0.38828 0.40992 0.02829 0.02555
0 0.39781 0.42378 0.02771 0.02815
0 0.40589 0.44067 0.02656 0.02555
0 0.42552 0.41880 0.03580 0.02599
0 0.43476 0.43525 0.03811 0.02252
0 0.45901 0.42334 0.03349 0.02036
0 0.46391 0.44392 0.03637 0.02339
0 0.48066 0.45323 0.03060 0.02036
0 0.51068 0.46838 0.03637 0.02642
0 0.52742 0.48722 0.03291 0.02685
0 0.54475 0.49935 0.02021 0.01732
0 0.56322 0.50974 0.03291 0.02425
0 0.59729 0.51971 0.02714 0.02079
0 0.61634 0.51256 0.02136 0.02382
0 0.60017 0.50087 0.02483 0.02382
0 0.58256 0.49654 0.02540 0.02469
0 0.56207 0.48701 0.03637 0.02728
0 0.59960 0.48354 0.01905 0.01429
0 0.62789 0.47423 0.01790 0.02079
0 0.62009 0.48982 0.02656 0.02165
0 0.61923 0.45539 0.01790 0.01949
0 0.61114 0.46773 0.02367 0.02599
0 0.58747 0.47207 0.03522 0.02945
0 0.60624 0.43547 0.01848 0.02469
0 0.59584 0.45063 0.03002 0.02036
0 0.58545 0.41750 0.03349 0.02252
0 0.58343 0.43785 0.03406 0.02685
0 0.54590 0.46817 0.03753 0.02512
0 0.56524 0.45258 0.03233 0.02772
0 0.48961 0.42551 0.03233 0.02728
0 0.50779 0.44392 0.03637 0.02772
0 0.53984 0.44002 0.03002 0.03118
0 0.52165 0.42009 0.03753 0.02599
0 0.55629 0.42356 0.03753 0.03032
0 0.54417 0.39173 0.03176 0.01429
0 0.57044 0.39887 0.03580 0.02339
0 0.54388 0.40299 0.03118 0.02469
