0 0.66425 0.98850 0.02150 0.01400
0 0.64500 0.98375 0.01900 0.00750
0 0.62875 0.97825 0.01750 0.00750
0 0.61475 0.97350 0.01350 0.00700
0 0.60075 0.96775 0.01350 0.00750
0 0.58825 0.96300 0.01150 0.00600
0 0.57375 0.95750 0.00650 0.00400
0 0.53700 0.93775 0.01400 0.01350
0 0.55100 0.94475 0.01900 0.01550
0 0.56725 0.94925 0.01650 0.01650
0 0.58225 0.95200 0.01550 0.02000
0 0.59750 0.95725 0.01800 0.01750
0 0.61475 0.96425 0.02050 0.01650
0 0.62975 0.96925 0.01750 0.02150
0 0.66450 0.97950 0.02000 0.02100
0 0.64725 0.97575 0.02050 0.02050
0 0.68025 0.96700 0.02050 0.02800
0 0.65975 0.96050 0.02850 0.02900
0 0.64025 0.95450 0.02150 0.02500
0 0.62500 0.94675 0.01900 0.02750
0 0.61000 0.94225 0.02100 0.03150
0 0.57800 0.93350 0.01000 0.01700
0 0.59200 0.93800 0.02100 0.02800
0 0.69825 0.94125 0.02850 0.02950
0 0.67800 0.93975 0.02700 0.03350
0 0.66350 0.93125 0.02300 0.03550
0 0.64475 0.92825 0.02450 0.03450
0 0.52400 0.93300 0.01700 0.01900
0 0.51050 0.92750 0.01500 0.01400
0 0.49875 0.92525 0.01550 0.01150
0 0.48500 0.91825 0.01700 0.01650
0 0.47050 0.91300 0.01800 0.01600
0 0.45800 0.90850 0.01800 0.01400
0 0.44150 0.90375 0.01800 0.01250
0 0.43100 0.89950 0.01400 0.00900
0 0.41750 0.89500 0.01700 0.00900
0 0.40225 0.88850 0.01350 0.01100
0 0.38900 0.88425 0.01400 0.01250
0 0.37800 0.87850 0.01800 0.01300
0 0.36250 0.87075 0.01700 0.01450
0 0.56800 0.93150 0.02100 0.02500
0 0.55375 0.92550 0.02150 0.03000
0 0.53575 0.91925 0.02350 0.03150
0 0.52100 0.91150 0.02200 0.03100
0 0.50975 0.90675 0.01650 0.02850
0 0.49750 0.90775 0.01900 0.02750
0 0.48200 0.90050 0.02200 0.02900
0 0.46800 0.89425 0.02100 0.02650
0 0.45250 0.89175 0.01900 0.02650
0 0.43775 0.88775 0.01750 0.02550
0 0.42700 0.88475 0.02000 0.02250
0 0.41275 0.88050 0.01950 0.02500
0 0.39825 0.87450 0.02050 0.02400
0 0.38325 0.86975 0.02050 0.02450
0 0.36825 0.86350 0.01950 0.02400
0 0.63200 0.92025 0.01900 0.03250
0 0.61700 0.91700 0.02200 0.03500
0 0.60100 0.91200 0.02000 0.03500
0 0.58675 0.91000 0.02150 0.03500
0 0.57250 0.90350 0.02400 0.03700
0 0.55625 0.89675 0.02450 0.03350
0 0.53950 0.89050 0.02300 0.03100
0 0.52100 0.88525 0.02200 0.03250
0 0.50350 0.88100 0.02100 0.03300
0 0.48825 0.87550 0.01850 0.03100
0 0.47475 0.87150 0.01750 0.03300
0 0.46200 0.86875 0.02200 0.03250
0 0.44625 0.86500 0.02150 0.03400
0 0.43075 0.85900 0.02150 0.03400
0 0.41575 0.85400 0.02150 0.03200
0 0.40050 0.84975 0.01900 0.03150
0 0.38700 0.84225 0.02000 0.03450
0 0.37300 0.83825 0.02000 0.03050
0 0.70000 0.90750 0.02600 0.04200
0 0.68150 0.90475 0.02500 0.04050
0 0.66475 0.89825 0.02150 0.03650
0 0.64925 0.89250 0.02250 0.04000
0 0.63525 0.88675 0.02250 0.03850
0 0.62125 0.87900 0.02350 0.04200
0 0.60575 0.87700 0.02050 0.03700
0 0.59050 0.87375 0.02000 0.03550
0 0.57425 0.87025 0.01950 0.03450
0 0.55950 0.86550 0.02100 0.03500
0 0.54500 0.86125 0.01800 0.03250
0 0.53125 0.85750 0.01950 0.03400
0 0.51550 0.85500 0.02100 0.03400
0 0.50025 0.84850 0.02150 0.03500
0 0.48525 0.84275 0.02250 0.03350
0 0.46700 0.83725 0.02500 0.03150
0 0.44850 0.83250 0.02600 0.03700
0 0.35050 0.86850 0.01500 0.01200
0 0.33800 0.86475 0.01400 0.01050
0 0.32625 0.85875 0.01450 0.01250
0 0.31275 0.85475 0.01350 0.01150
0 0.29900 0.85050 0.01400 0.01100
0 0.28675 0.84525 0.01150 0.01150
0 0.27450 0.84350 0.01400 0.00800
0 0.26200 0.83725 0.01700 0.01250
0 0.35200 0.85525 0.01900 0.02250
0 0.33525 0.85150 0.01650 0.02200
0 0.31975 0.84600 0.01650 0.02400
0 0.30475 0.84075 0.01750 0.02350
0 0.29175 0.83375 0.01250 0.02550
0 0.27875 0.83150 0.01950 0.02500
0 0.26400 0.82775 0.01700 0.02450
0 0.24900 0.82525 0.01600 0.02250
0 0.23675 0.82050 0.01450 0.02300
0 0.22350 0.81800 0.01700 0.02100
0 0.19750 0.80950 0.00600 0.00600
0 0.20850 0.81250 0.01900 0.01900
0 0.19000 0.80250 0.02000 0.01800
0 0.35850 0.83275 0.01900 0.03350
0 0.34525 0.82900 0.01850 0.03300
0 0.33025 0.82750 0.01850 0.03000
0 0.31875 0.82150 0.01850 0.02900
0 0.30500 0.81525 0.02100 0.03250
0 0.29050 0.81025 0.01800 0.03050
0 0.27750 0.80700 0.01700 0.02900
0 0.26350 0.80475 0.01400 0.03050
0 0.24975 0.80475 0.01650 0.02650
0 0.23775 0.79925 0.01550 0.02650
0 0.22450 0.79725 0.02000 0.02850
0 0.19450 0.79100 0.01700 0.02500
0 0.20800 0.79575 0.01700 0.02650
0 0.17100 0.79000 0.01800 0.02400
0 0.17900 0.78375 0.01700 0.02350
0 0.55800 0.77275 0.01800 0.01050
0 0.53975 0.76650 0.01550 0.00700
0 0.52750 0.76400 0.00900 0.00600
0 0.51725 0.76025 0.01150 0.00950
0 0.49925 0.75375 0.01250 0.00850
0 0.48950 0.75125 0.00700 0.00550
0 0.47525 0.74725 0.02150 0.01350
0 0.45875 0.74350 0.01250 0.00800
0 0.44900 0.74150 0.00800 0.00500
0 0.43575 0.73750 0.01150 0.00700
0 0.42400 0.73400 0.01300 0.00900
0 0.41100 0.72875 0.01200 0.00650
0 0.39675 0.72700 0.01250 0.01000
0 0.38425 0.72275 0.01550 0.00650
0 0.35875 0.71825 0.01450 0.01050
0 0.34300 0.71325 0.01300 0.00750
0 0.32800 0.71025 0.00900 0.00650
0 0.31275 0.70625 0.01150 0.00550
0 0.58925 0.79025 0.01550 0.01650
0 0.57625 0.78600 0.01450 0.01800
0 0.56200 0.78375 0.01600 0.01750
0 0.54525 0.77775 0.02050 0.02050
0 0.53100 0.77400 0.01600 0.01800
0 0.51925 0.77125 0.01350 0.01850
0 0.50700 0.76475 0.01600 0.02250
0 0.49400 0.76175 0.01200 0.01950
0 0.47950 0.75925 0.02000 0.02150
0 0.46150 0.75625 0.02000 0.02150
0 0.44925 0.75100 0.01650 0.01600
0 0.43700 0.74675 0.01900 0.01650
0 0.42550 0.74350 0.01200 0.01400
0 0.41325 0.73975 0.01750 0.01950
0 0.40050 0.73575 0.01500 0.01750
0 0.38475 0.73300 0.01850 0.01900
0 0.36950 0.72925 0.01900 0.01950
0 0.35650 0.72625 0.01600 0.01650
0 0.34425 0.72175 0.01750 0.01650
0 0.33025 0.71800 0.01850 0.01700
0 0.31500 0.71525 0.01900 0.01950
0 0.57300 0.80275 0.01800 0.02350
0 0.55750 0.80075 0.01800 0.02550
0 0.54050 0.79850 0.02000 0.02900
0 0.52575 0.79150 0.01950 0.02800
0 0.51175 0.78800 0.01750 0.02800
0 0.49875 0.78250 0.01850 0.02900
0 0.48375 0.77975 0.01750 0.02950
0 0.46775 0.77975 0.01750 0.02950
0 0.44975 0.77200 0.02050 0.03000
0 0.43300 0.76825 0.02200 0.02950
0 0.41775 0.76000 0.02350 0.02700
0 0.40200 0.75650 0.02000 0.02700
0 0.38775 0.75250 0.01850 0.02600
0 0.37300 0.74950 0.01900 0.02400
0 0.35875 0.74625 0.02150 0.02550
0 0.34475 0.74250 0.01850 0.03000
0 0.33075 0.73775 0.01750 0.02250
0 0.31650 0.73450 0.02000 0.02300
0 0.29950 0.73175 0.02200 0.02650
0 0.64375 0.80900 0.01550 0.01800
0 0.63075 0.80325 0.01450 0.01250
0 0.61725 0.79875 0.01550 0.01750
0 0.58575 0.80950 0.01750 0.02900
0 0.60100 0.80625 0.01900 0.04350
0 0.61575 0.81600 0.01850 0.02800
0 0.67300 0.82050 0.01800 0.01600
0 0.65800 0.81675 0.01700 0.01650
0 0.70425 0.83425 0.01450 0.01250
0 0.68800 0.82900 0.01900 0.01900
0 0.62950 0.82200 0.02100 0.03000
0 0.64375 0.82825 0.01850 0.03050
0 0.65725 0.83250 0.01450 0.02200
0 0.67100 0.83675 0.02000 0.02450
0 0.71875 0.84450 0.02050 0.01600
0 0.71875 0.85775 0.02350 0.03050
0 0.68700 0.84175 0.01600 0.02150
0 0.70250 0.84925 0.01600 0.02750
0 0.71275 0.87975 0.03050 0.03750
0 0.68800 0.86825 0.02500 0.03550
0 0.67125 0.86325 0.02350 0.03450
0 0.65475 0.85700 0.02050 0.03100
0 0.64000 0.85300 0.02100 0.03100
0 0.62300 0.84725 0.02000 0.03050
0 0.60550 0.84225 0.02400 0.03450
0 0.58875 0.83825 0.02150 0.03450
0 0.57175 0.83600 0.02050 0.03200
0 0.55650 0.83000 0.02300 0.03400
0 0.53975 0.82725 0.01850 0.03150
0 0.52375 0.82250 0.01950 0.03400
0 0.50975 0.81875 0.01650 0.03050
0 0.49650 0.81300 0.02300 0.03500
0 0.48275 0.81050 0.01650 0.03100
0 0.47050 0.80650 0.01900 0.03300
0 0.45650 0.80200 0.01800 0.03300
0 0.43850 0.79975 0.02400 0.03550
0 0.43200 0.83050 0.01700 0.02800
0 0.41750 0.82400 0.02400 0.03400
0 0.40275 0.81525 0.02150 0.03650
0 0.38850 0.81175 0.02000 0.03550
0 0.37325 0.80925 0.02050 0.03350
0 0.35775 0.80475 0.02050 0.03150
0 0.34050 0.79900 0.02300 0.03200
0 0.32300 0.79300 0.02200 0.03200
0 0.30575 0.78800 0.02250 0.03000
0 0.28800 0.78300 0.02100 0.02900
0 0.27075 0.78100 0.01850 0.02700
0 0.42500 0.79250 0.02200 0.03000
0 0.41300 0.78675 0.02200 0.03150
0 0.40075 0.78325 0.01750 0.03050
0 0.38625 0.77975 0.02250 0.03350
0 0.37100 0.77600 0.02000 0.03300
0 0.35625 0.77200 0.01950 0.03100
0 0.34125 0.77025 0.01750 0.02850
0 0.32925 0.76500 0.01950 0.03100
0 0.31600 0.75975 0.01900 0.03050
0 0.30125 0.75650 0.01950 0.03300
0 0.28500 0.75525 0.01800 0.03050
0 0.30150 0.70400 0.01100 0.00700
0 0.29950 0.71400 0.02000 0.01800
0 0.29050 0.70575 0.01300 0.01250
0 0.27675 0.70050 0.01550 0.01000
0 0.22875 0.70375 0.00950 0.01550
0 0.25900 0.69850 0.02100 0.01200
0 0.24100 0.69875 0.01900 0.01250
0 0.28475 0.71125 0.01950 0.01950
0 0.27275 0.71050 0.01550 0.01800
0 0.25875 0.70825 0.02150 0.02050
0 0.24100 0.70575 0.01900 0.01950
0 0.28250 0.73075 0.02100 0.02550
0 0.26375 0.72850 0.02250 0.02500
0 0.26975 0.75425 0.01950 0.03150
0 0.25550 0.75300 0.02200 0.03000
0 0.25150 0.77900 0.02300 0.02700
0 0.24350 0.74900 0.02200 0.03400
0 0.24500 0.72350 0.02300 0.02300
0 0.23500 0.77500 0.02000 0.02900
0 0.22150 0.77200 0.02300 0.02900
0 0.20525 0.77050 0.02150 0.02900
0 0.18800 0.76700 0.02200 0.03000
0 0.19775 0.74350 0.02050 0.03200
0 0.21425 0.74475 0.01750 0.03050
0 0.22850 0.74600 0.02000 0.02900
0 0.22700 0.72200 0.02100 0.02400
0 0.21125 0.72025 0.01950 0.02450
0 0.16000 0.77450 0.02300 0.02500
0 0.77625 0.76875 0.01550 0.01550
0 0.76175 0.76525 0.02350 0.01850
0 0.79600 0.75400 0.01400 0.01800
0 0.81850 0.69625 0.01500 0.02150
0 0.83325 0.66000 0.00750 0.01200
0 0.83775 0.63925 0.00550 0.00850
0 0.84175 0.61425 0.01150 0.00950
0 0.80475 0.73725 0.01550 0.01750
0 0.80975 0.72175 0.01450 0.01450
0 0.81225 0.70750 0.01450 0.01700
0 0.81600 0.69100 0.01700 0.01600
0 0.82125 0.67650 0.01650 0.01500
0 0.82375 0.66325 0.01650 0.01550
0 0.83025 0.64825 0.01650 0.01650
0 0.78325 0.75575 0.02050 0.01850
0 0.78875 0.74100 0.02050 0.01600
0 0.79325 0.72575 0.02550 0.01550
0 0.79525 0.71225 0.02350 0.01450
0 0.79825 0.69675 0.02550 0.01650
0 0.80200 0.68100 0.02700 0.01700
0 0.80475 0.66675 0.02650 0.01750
0 0.81050 0.65250 0.02600 0.01400
0 0.73400 0.76450 0.01900 0.01900
0 0.74600 0.75550 0.02400 0.02400
0 0.76625 0.74675 0.02650 0.02550
0 0.77000 0.73175 0.02800 0.02150
0 0.77350 0.71650 0.02600 0.01700
0 0.77625 0.70150 0.02650 0.01900
0 0.77700 0.68600 0.02700 0.01600
0 0.77825 0.67225 0.02850 0.01750
0 0.78350 0.66025 0.03000 0.01750
0 0.71300 0.76375 0.02300 0.01850
0 0.68800 0.64925 0.00600 0.01150
0 0.69200 0.63100 0.01200 0.00700
0 0.69225 0.66450 0.01250 0.01400
0 0.68750 0.67875 0.00900 0.01550
0 0.69175 0.69925 0.01650 0.01050
0 0.69175 0.71850 0.01650 0.01100
0 0.70000 0.74575 0.01600 0.01850
0 0.71450 0.76000 0.02100 0.02100
0 0.69400 0.72725 0.01700 0.02050
0 0.69300 0.70875 0.01600 0.01850
0 0.69150 0.69175 0.01200 0.01650
0 0.69575 0.67650 0.01350 0.01700
0 0.69425 0.65600 0.01150 0.01500
0 0.70800 0.74050 0.02000 0.02000
0 0.72800 0.74250 0.02200 0.02800
0 0.70950 0.72425 0.02400 0.01950
0 0.70850 0.70750 0.02200 0.01700
0 0.70550 0.69225 0.02400 0.01750
0 0.70625 0.67500 0.02450 0.01600
0 0.70850 0.66300 0.02400 0.01700
0 0.70775 0.65175 0.01950 0.01150
0 0.73025 0.72050 0.02550 0.02200
0 0.72775 0.70350 0.02450 0.01800
0 0.72800 0.68575 0.02900 0.02050
0 0.72875 0.66950 0.02950 0.01900
0 0.73175 0.65500 0.03150 0.02200
0 0.74900 0.71150 0.02500 0.01800
0 0.74950 0.69625 0.02600 0.01750
0 0.75200 0.68100 0.02700 0.01700
0 0.75525 0.66750 0.02850 0.01900
0 0.75900 0.65350 0.02900 0.01800
0 0.86400 0.50025 0.00800 0.01150
0 0.86750 0.48675 0.00500 0.01250
0 0.86675 0.47425 0.00650 0.00850
0 0.86825 0.42825 0.01350 0.01050
0 0.83200 0.63400 0.01600 0.01500
0 0.83650 0.62050 0.01600 0.01700
0 0.84175 0.60700 0.01450 0.01100
0 0.84275 0.59450 0.01550 0.02100
0 0.84650 0.57775 0.01600 0.01650
0 0.84975 0.56250 0.01650 0.01600
0 0.85200 0.54900 0.01500 0.01500
0 0.85200 0.53625 0.01600 0.01350
0 0.85625 0.52400 0.01550 0.01800
0 0.85700 0.50850 0.01500 0.01600
0 0.86125 0.49400 0.01050 0.01400
0 0.86150 0.48075 0.01200 0.01650
0 0.86375 0.46550 0.01350 0.01600
0 0.86400 0.45075 0.01600 0.01550
0 0.86525 0.43650 0.01550 0.01700
0 0.81375 0.63975 0.02650 0.01550
0 0.81725 0.62400 0.02650 0.01700
0 0.82200 0.61000 0.02900 0.01600
0 0.82550 0.59725 0.02700 0.01750
0 0.82850 0.58125 0.02600 0.01550
0 0.82550 0.56475 0.03600 0.01750
0 0.82725 0.55050 0.03650 0.01700
0 0.83000 0.53875 0.03700 0.01850
0 0.83925 0.52425 0.02350 0.01650
0 0.84325 0.51025 0.02350 0.01850
0 0.84600 0.49475 0.02600 0.01550
0 0.84750 0.47975 0.02400 0.01850
0 0.84925 0.46350 0.02350 0.01700
0 0.78875 0.64575 0.02850 0.01650
0 0.79125 0.63100 0.03150 0.01700
0 0.79450 0.61675 0.02900 0.01750
0 0.79900 0.60225 0.02800 0.01950
0 0.80400 0.58650 0.02700 0.01700
0 0.80575 0.57150 0.03050 0.02000
0 0.75950 0.63825 0.03100 0.01650
0 0.76400 0.62500 0.03100 0.01900
0 0.76875 0.61075 0.03150 0.01950
0 0.77275 0.59825 0.03050 0.01750
0 0.77600 0.58375 0.03300 0.01850
0 0.77750 0.56875 0.03200 0.01950
0 0.68725 0.62150 0.00750 0.01600
0 0.69000 0.60700 0.00900 0.01600
0 0.69225 0.59125 0.00650 0.01350
0 0.69350 0.57725 0.00600 0.01150
0 0.69425 0.56700 0.00650 0.01400
0 0.69575 0.55350 0.00950 0.01600
0 0.69650 0.53900 0.00900 0.01400
0 0.69725 0.52750 0.00950 0.01500
0 0.70000 0.51425 0.01300 0.01550
0 0.69975 0.50050 0.01050 0.01500
0 0.70075 0.48825 0.00950 0.01550
0 0.70150 0.47450 0.00900 0.01500
0 0.70350 0.46100 0.01100 0.01700
0 0.69575 0.64075 0.01950 0.01650
0 0.69675 0.62450 0.01750 0.01600
0 0.69650 0.61050 0.01600 0.01700
0 0.70100 0.59650 0.01900 0.01800
0 0.70150 0.58250 0.01700 0.01700
0 0.70275 0.56950 0.01650 0.01800
0 0.70525 0.55625 0.01450 0.01550
0 0.70725 0.54525 0.01750 0.01650
0 0.70800 0.53125 0.02000 0.01550
0 0.71025 0.51800 0.02150 0.01800
0 0.71200 0.50425 0.01900 0.01750
0 0.71300 0.49000 0.02200 0.01800
0 0.71350 0.47600 0.02000 0.01700
0 0.71600 0.46100 0.02300 0.01600
0 0.70950 0.63925 0.02400 0.01950
0 0.71325 0.62525 0.02350 0.01850
0 0.71550 0.61125 0.02700 0.01950
0 0.72000 0.59575 0.03000 0.02050
0 0.72300 0.58300 0.02900 0.01700
0 0.72200 0.57000 0.02900 0.02000
0 0.73225 0.64025 0.02650 0.02050
0 0.73725 0.62675 0.02750 0.01850
0 0.74075 0.61275 0.02850 0.01850
0 0.74325 0.60075 0.02650 0.01850
0 0.74700 0.58625 0.02900 0.01850
0 0.74925 0.57300 0.02750 0.01900
0 0.75075 0.55875 0.02950 0.01950
0 0.72250 0.55400 0.02600 0.01800
0 0.73000 0.54275 0.03100 0.01850
0 0.72925 0.52725 0.02850 0.01750
0 0.73300 0.51500 0.03000 0.01900
0 0.73350 0.50175 0.02900 0.01950
0 0.73475 0.48725 0.03050 0.01950
0 0.73450 0.47150 0.03000 0.01900
0 0.73675 0.45650 0.03150 0.01800
0 0.75900 0.54625 0.03100 0.01850
0 0.75725 0.53000 0.03350 0.01900
0 0.75950 0.51750 0.02600 0.01400
0 0.76100 0.50425 0.03400 0.01850
0 0.76250 0.48900 0.03000 0.01900
0 0.76625 0.47275 0.03450 0.01750
0 0.76825 0.45650 0.03350 0.01600
0 0.79025 0.54225 0.03050 0.01650
0 0.78675 0.52775 0.02950 0.01650
0 0.78950 0.51350 0.03200 0.01800
0 0.79150 0.49825 0.03000 0.01850
0 0.79325 0.48225 0.03050 0.01950
0 0.79575 0.46600 0.03050 0.01900
0 0.81500 0.52825 0.02700 0.01850
0 0.81875 0.51525 0.02850 0.02150
0 0.82175 0.49925 0.03050 0.02150
0 0.82425 0.48400 0.03350 0.02100
0 0.82575 0.46850 0.03150 0.01900
0 0.86700 0.42150 0.01500 0.01300
0 0.86900 0.40925 0.01400 0.01450
0 0.87175 0.39425 0.01350 0.01650
0 0.87200 0.37900 0.01400 0.01700
0 0.87750 0.34250 0.00500 0.00900
0 0.87775 0.32675 0.00650 0.00850
0 0.87725 0.30850 0.00850 0.00800
0 0.88000 0.29500 0.00400 0.00700
0 0.87175 0.36275 0.01450 0.01650
0 0.87225 0.34875 0.01250 0.01450
0 0.87300 0.33400 0.01300 0.01600
0 0.87400 0.31775 0.01500 0.01650
0 0.87400 0.30150 0.01500 0.01500
0 0.87650 0.28675 0.01300 0.01550
0 0.87550 0.27100 0.01500 0.01800
0 0.87600 0.25500 0.01200 0.01700
0 0.87575 0.23825 0.01450 0.02050
0 0.86925 0.19850 0.01550 0.01900
0 0.87450 0.21775 0.01200 0.02350
0 0.84775 0.44875 0.02250 0.01550
0 0.85100 0.43350 0.02300 0.01500
0 0.85125 0.41925 0.02550 0.01450
0 0.85650 0.40500 0.02300 0.01500
0 0.85700 0.39150 0.02200 0.01500
0 0.85750 0.37625 0.02600 0.01650
0 0.86050 0.35950 0.02400 0.01700
0 0.85975 0.34350 0.02350 0.01600
0 0.85975 0.32725 0.02450 0.01750
0 0.86000 0.31050 0.02700 0.01800
0 0.86000 0.29425 0.02500 0.01850
0 0.86250 0.27525 0.02400 0.02350
0 0.86200 0.25525 0.02100 0.02450
0 0.86275 0.23325 0.02050 0.02550
0 0.85075 0.19350 0.03250 0.02000
0 0.85975 0.21300 0.02150 0.02400
0 0.82525 0.45400 0.02950 0.01500
0 0.82450 0.43875 0.03400 0.01650
0 0.82875 0.42475 0.03050 0.01850
0 0.83075 0.40925 0.02950 0.01650
0 0.83425 0.39800 0.03150 0.01800
0 0.83400 0.38100 0.03400 0.01900
0 0.83600 0.36425 0.03400 0.01850
0 0.83575 0.34875 0.03450 0.01950
0 0.83500 0.33225 0.03500 0.01650
0 0.83325 0.31800 0.03650 0.01800
0 0.83375 0.29975 0.03750 0.02150
0 0.83600 0.28500 0.03000 0.01300
0 0.83950 0.27075 0.03500 0.02050
0 0.84200 0.25350 0.03000 0.02000
0 0.84150 0.23475 0.03300 0.02250
0 0.83950 0.21250 0.03200 0.02500
0 0.79625 0.44700 0.02950 0.02200
0 0.80000 0.43000 0.03300 0.02300
0 0.80125 0.41250 0.03550 0.02000
0 0.80250 0.39650 0.03200 0.01700
0 0.80375 0.38100 0.03350 0.01600
0 0.80500 0.36425 0.03400 0.02150
0 0.80375 0.34500 0.03450 0.02100
0 0.80675 0.32325 0.03050 0.02650
0 0.70300 0.44625 0.01100 0.01550
0 0.70650 0.43300 0.01300 0.01500
0 0.70750 0.41800 0.01300 0.01400
0 0.70975 0.40225 0.01650 0.01750
0 0.71025 0.38500 0.01350 0.01500
0 0.71075 0.37025 0.01550 0.01550
0 0.71025 0.35400 0.01450 0.01600
0 0.71150 0.33825 0.01600 0.01650
0 0.71250 0.32200 0.01900 0.01600
0 0.71550 0.30800 0.01900 0.01300
0 0.71350 0.29375 0.01600 0.01750
0 0.71400 0.27650 0.01400 0.01800
0 0.71400 0.25975 0.01400 0.01750
0 0.71625 0.44650 0.02150 0.01700
0 0.71950 0.43100 0.02400 0.01800
0 0.72150 0.41350 0.02000 0.01700
0 0.72175 0.39800 0.02350 0.01700
0 0.72525 0.38250 0.02750 0.01600
0 0.72625 0.36700 0.02750 0.01900
0 0.72425 0.35200 0.02150 0.01500
0 0.72625 0.33550 0.02250 0.01900
0 0.72925 0.31850 0.02350 0.01900
0 0.73150 0.30575 0.02000 0.01150
0 0.73000 0.29350 0.02300 0.01900
0 0.73150 0.27575 0.02600 0.02050
0 0.73325 0.25675 0.02850 0.02150
0 0.73825 0.44225 0.02950 0.01550
0 0.74200 0.42775 0.03100 0.01950
0 0.74400 0.41125 0.03200 0.02150
0 0.74500 0.39275 0.02800 0.02050
0 0.74775 0.37225 0.02550 0.02250
0 0.74750 0.35200 0.02900 0.02500
0 0.74850 0.33000 0.03100 0.02500
0 0.75225 0.30950 0.03150 0.02200
0 0.75250 0.29000 0.03000 0.02200
0 0.75425 0.27025 0.02650 0.02150
0 0.76700 0.44225 0.03300 0.01750
0 0.77000 0.42550 0.02900 0.02100
0 0.77175 0.40650 0.03350 0.02100
0 0.77225 0.38800 0.03450 0.02000
0 0.77425 0.37325 0.03150 0.01750
0 0.77400 0.35800 0.03400 0.01800
0 0.77575 0.34200 0.03350 0.01700
0 0.77825 0.32650 0.03250 0.02100
0 0.78300 0.31050 0.03600 0.01700
0 0.77975 0.29600 0.03350 0.01700
0 0.77950 0.27950 0.03500 0.01800
0 0.78075 0.26300 0.03350 0.01800
0 0.80925 0.29775 0.03050 0.02650
0 0.80950 0.27275 0.03400 0.02450
0 0.81200 0.25100 0.03400 0.02300
0 0.81525 0.23075 0.03350 0.02350
0 0.72050 0.24125 0.02300 0.02250
0 0.71700 0.22100 0.00900 0.02000
0 0.73050 0.20575 0.01700 0.00850
0 0.72425 0.21900 0.01650 0.02500
0 0.73750 0.23725 0.02600 0.02050
0 0.73925 0.21700 0.02150 0.02700
0 0.75675 0.25100 0.02550 0.02100
0 0.75850 0.23025 0.02900 0.02250
0 0.75975 0.20950 0.02450 0.02200
0 0.78125 0.24575 0.03250 0.01850
0 0.78725 0.22675 0.03150 0.02250
0 0.78650 0.20675 0.03100 0.02750
0 0.77000 0.19200 0.03400 0.02200
