0 0.15130 0.26250 0.01823 0.04375
0 0.22578 0.17617 0.03281 0.02891
0 0.25339 0.18203 0.03490 0.03125
0 0.32708 0.23789 0.01146 0.02266
0 0.31276 0.22305 0.02135 0.04453
0 0.28724 0.20352 0.03490 0.03984
0 0.41276 0.39922 0.01302 0.02656
0 0.40234 0.37969 0.00990 0.02500
0 0.39037 0.35859 0.01510 0.03750
0 0.37891 0.33945 0.01094 0.03672
0 0.36667 0.31523 0.01562 0.04297
0 0.35130 0.29102 0.01927 0.05234
0 0.33151 0.26875 0.02552 0.04688
0 0.29896 0.24492 0.04063 0.04766
0 0.27266 0.23477 0.02969 0.05234
0 0.15234 0.35039 0.01615 0.05078
0 0.15547 0.30547 0.03281 0.05000
0 0.49661 0.57344 0.01198 0.02969
0 0.48776 0.55664 0.00885 0.02734
0 0.47786 0.53984 0.01198 0.03281
0 0.46719 0.51562 0.01354 0.04531
0 0.45729 0.49805 0.00938 0.04453
0 0.44870 0.48047 0.01302 0.04844
0 0.43620 0.46094 0.01719 0.05000
0 0.42292 0.44648 0.01771 0.05078
0 0.41224 0.43437 0.01823 0.06094
0 0.53177 0.66172 0.02188 0.05000
0 0.52109 0.63711 0.01823 0.03828
0 0.51510 0.62227 0.00833 0.03516
0 0.40312 0.41406 0.01771 0.05781
0 0.39141 0.39531 0.02031 0.06406
0 0.38073 0.38398 0.01979 0.06328
0 0.36745 0.36523 0.02344 0.06172
0 0.35573 0.34961 0.02708 0.06797
0 0.33854 0.32227 0.03229 0.06328
0 0.27161 0.29766 0.02969 0.04844
0 0.31875 0.30000 0.03438 0.06406
0 0.29870 0.28516 0.03385 0.06250
0 0.50260 0.61445 0.01875 0.05234
0 0.49167 0.60391 0.01771 0.06250
0 0.48255 0.58594 0.01823 0.06406
0 0.47292 0.57500 0.01667 0.05625
0 0.46588 0.55703 0.01615 0.05625
0 0.45469 0.54297 0.01875 0.05781
0 0.44453 0.52656 0.02031 0.06094
0 0.43568 0.51055 0.01927 0.06328
0 0.42630 0.50039 0.01823 0.06172
0 0.41510 0.49609 0.02083 0.06406
0 0.52240 0.70898 0.02917 0.06172
0 0.51510 0.69687 0.03125 0.06250
0 0.50990 0.66992 0.02396 0.06484
0 0.49661 0.67227 0.02865 0.06484
0 0.48333 0.66328 0.03125 0.06250
0 0.47370 0.64844 0.03177 0.06406
0 0.46641 0.63984 0.02969 0.06406
0 0.45729 0.62305 0.03333 0.06484
0 0.44818 0.60430 0.03281 0.06953
0 0.43281 0.59023 0.03958 0.07109
0 0.42135 0.57383 0.03646 0.06953
0 0.41641 0.55820 0.02656 0.06641
0 0.39583 0.56406 0.03750 0.05937
0 0.16823 0.42617 0.02083 0.04922
0 0.18750 0.47813 0.00938 0.02344
0 0.21667 0.53633 0.00938 0.02422
0 0.22786 0.56172 0.01094 0.02344
0 0.25469 0.61758 0.01354 0.02109
0 0.24219 0.59531 0.01250 0.02344
0 0.23750 0.57461 0.01042 0.02734
0 0.25287 0.60625 0.01198 0.02344
0 0.26432 0.62266 0.01198 0.02344
0 0.27812 0.64609 0.01979 0.03438
0 0.29479 0.67695 0.01875 0.03203
0 0.31016 0.70039 0.02240 0.03516
0 0.34583 0.76094 0.01042 0.01562
0 0.35417 0.77617 0.00833 0.02578
0 0.36380 0.79883 0.01198 0.02734
0 0.37969 0.81797 0.02083 0.03594
0 0.39740 0.83398 0.01771 0.03203
0 0.41302 0.84883 0.01667 0.02422
0 0.44271 0.85352 0.04479 0.03828
0 0.43516 0.83359 0.04531 0.04375
0 0.42370 0.81758 0.04531 0.04766
0 0.40781 0.80625 0.04167 0.03906
0 0.39037 0.78633 0.04531 0.04453
0 0.37734 0.77383 0.04531 0.03359
0 0.37083 0.75352 0.04271 0.03672
0 0.35625 0.73633 0.04479 0.03828
0 0.34740 0.70938 0.04583 0.04063
0 0.33177 0.69414 0.04167 0.03828
0 0.31641 0.67227 0.03490 0.02891
0 0.29713 0.64805 0.03073 0.03047
0 0.28151 0.62539 0.02656 0.02422
0 0.27109 0.60625 0.02969 0.02656
0 0.25495 0.58203 0.02865 0.03594
0 0.24505 0.56367 0.02448 0.01953
0 0.23359 0.53906 0.02865 0.03750
0 0.21302 0.49922 0.04271 0.05938
0 0.19479 0.45508 0.03437 0.04141
0 0.18698 0.42539 0.02604 0.03359
0 0.17162 0.38672 0.03281 0.04844
0 0.16667 0.33867 0.02917 0.06172
0 0.47083 0.80781 0.03854 0.05937
0 0.46328 0.78555 0.04010 0.06328
0 0.44609 0.77617 0.03594 0.05234
0 0.42995 0.77070 0.04010 0.04453
0 0.42240 0.74805 0.04479 0.06016
0 0.41016 0.73594 0.04219 0.05469
0 0.39844 0.72031 0.04375 0.04531
0 0.39115 0.69766 0.05104 0.04844
0 0.37474 0.67813 0.04219 0.05312
0 0.36146 0.66406 0.04063 0.05156
0 0.34583 0.65117 0.04271 0.04922
0 0.32838 0.63477 0.04427 0.05078
0 0.31406 0.62344 0.04063 0.04375
0 0.30573 0.59609 0.04479 0.05000
0 0.28828 0.57734 0.04219 0.05000
0 0.27786 0.56133 0.04115 0.04453
0 0.26641 0.53437 0.04531 0.05000
0 0.25521 0.51484 0.04479 0.04062
0 0.24713 0.48594 0.04219 0.04375
0 0.23125 0.45937 0.04167 0.04375
0 0.49713 0.75742 0.03594 0.05234
0 0.49193 0.73203 0.03281 0.05781
0 0.47708 0.72773 0.03125 0.06016
0 0.45938 0.72148 0.03854 0.06328
0 0.45026 0.70547 0.03490 0.06250
0 0.43828 0.68516 0.03906 0.06563
0 0.42838 0.67227 0.04115 0.05391
0 0.41797 0.65312 0.04531 0.05625
0 0.40469 0.63672 0.03854 0.05156
0 0.39427 0.62031 0.03750 0.05781
0 0.37839 0.61367 0.03698 0.05234
0 0.36172 0.60195 0.03490 0.05391
0 0.34818 0.58438 0.04219 0.05781
0 0.33307 0.56133 0.04219 0.05234
0 0.32135 0.53672 0.04062 0.04688
0 0.30339 0.50508 0.04740 0.05391
0 0.27943 0.47500 0.04115 0.05000
0 0.26510 0.43555 0.04583 0.05859
0 0.22031 0.43477 0.04479 0.04453
0 0.19870 0.39414 0.03594 0.04453
0 0.23750 0.39961 0.04688 0.06328
0 0.19271 0.33867 0.03750 0.06484
0 0.22266 0.35352 0.04010 0.06797
0 0.23880 0.29453 0.04010 0.05938
0 0.26016 0.34141 0.03698 0.06406
0 0.38802 0.54609 0.04271 0.06719
0 0.37213 0.52773 0.04219 0.06328
0 0.35703 0.50391 0.04010 0.06719
0 0.34453 0.49297 0.04010 0.05469
0 0.33281 0.47461 0.04063 0.05391
0 0.31901 0.45234 0.04115 0.05469
0 0.30599 0.42891 0.04010 0.05937
0 0.29297 0.40312 0.03802 0.05938
0 0.40026 0.48867 0.02760 0.05234
0 0.38984 0.46719 0.03177 0.06250
0 0.37969 0.44961 0.03229 0.06328
0 0.36667 0.43789 0.03229 0.06484
0 0.35573 0.41719 0.03437 0.06094
0 0.33958 0.39297 0.03229 0.05781
0 0.32578 0.36758 0.03490 0.06328
0 0.30286 0.34609 0.04115 0.05781
0 0.27734 0.37070 0.03490 0.06172
