0 0.82333 0.82828 0.01155 0.01516
0 0.82015 0.83673 0.01443 0.01559
0 0.80976 0.82806 0.02136 0.02252
0 0.80976 0.80836 0.02136 0.02295
0 0.80139 0.78454 0.01501 0.01429
0 0.79994 0.79558 0.01790 0.01992
0 0.79186 0.81464 0.02136 0.02685
0 0.76876 0.70658 0.00635 0.00996
0 0.78262 0.72737 0.00635 0.01256
0 0.79792 0.77220 0.01155 0.01732
0 0.78955 0.76288 0.02483 0.02555
0 0.78493 0.78324 0.02252 0.02642
0 0.78609 0.74318 0.00866 0.02079
0 0.77425 0.74816 0.02540 0.01602
0 0.76848 0.76353 0.02194 0.02425
0 0.74682 0.94175 0.01443 0.01602
0 0.76761 0.94565 0.02829 0.01689
0 0.81438 0.92854 0.01559 0.01992
0 0.79965 0.93460 0.02309 0.02165
0 0.78839 0.93157 0.02829 0.02165
0 0.72662 0.93027 0.02829 0.02079
0 0.73990 0.92681 0.02598 0.01559
0 0.76184 0.93374 0.02829 0.02599
0 0.83054 0.89822 0.00866 0.01992
0 0.82275 0.91295 0.01617 0.01559
0 0.82159 0.90234 0.01386 0.02382
0 0.82506 0.86812 0.01155 0.01429
0 0.82246 0.87830 0.01790 0.02599
0 0.81697 0.85275 0.02656 0.02685
0 0.80803 0.85123 0.02367 0.02209
0 0.79099 0.83759 0.02425 0.02339
0 0.81005 0.89649 0.02656 0.02512
0 0.80572 0.87375 0.02252 0.02642
0 0.80283 0.91425 0.02483 0.02165
0 0.77598 0.91923 0.02887 0.02209
0 0.79099 0.90255 0.02771 0.02165
0 0.78724 0.88285 0.02483 0.02382
0 0.78897 0.85946 0.02714 0.02382
0 0.70554 0.90970 0.02887 0.02642
0 0.72344 0.91165 0.01963 0.02079
0 0.74654 0.91533 0.02887 0.02295
0 0.76357 0.90212 0.03060 0.02685
0 0.73441 0.90342 0.03118 0.01992
0 0.68909 0.89086 0.03868 0.02425
0 0.67292 0.86964 0.01328 0.01906
0 0.66109 0.85167 0.02425 0.02122
0 0.68967 0.87895 0.02367 0.01689
0 0.68591 0.86011 0.02540 0.02339
0 0.71420 0.88718 0.03002 0.02122
0 0.73730 0.88610 0.02887 0.02079
0 0.76213 0.88047 0.03233 0.02512
0 0.62096 0.78930 0.03060 0.01429
0 0.61172 0.76288 0.02367 0.01689
0 0.63655 0.77588 0.01790 0.02209
0 0.61461 0.77631 0.02714 0.01949
0 0.65589 0.77458 0.02425 0.02382
0 0.63164 0.80663 0.03002 0.03162
0 0.65098 0.82785 0.02021 0.02728
0 0.67379 0.84387 0.03002 0.02295
0 0.66166 0.82157 0.02540 0.02512
0 0.70958 0.87051 0.03002 0.02252
0 0.70641 0.85037 0.02945 0.02382
0 0.73412 0.86423 0.03176 0.02642
0 0.76270 0.85795 0.03233 0.02339
0 0.76443 0.83759 0.03233 0.01906
0 0.73787 0.83846 0.03349 0.01992
0 0.71045 0.82828 0.03406 0.02382
0 0.74076 0.82330 0.03002 0.02599
0 0.71998 0.81074 0.02771 0.02339
0 0.76674 0.81724 0.02887 0.02512
0 0.76415 0.78237 0.02714 0.02469
0 0.75346 0.80013 0.03118 0.02036
0 0.72748 0.79039 0.02887 0.02425
0 0.68620 0.83434 0.02714 0.02555
0 0.64867 0.80100 0.02945 0.02642
0 0.67725 0.81269 0.02887 0.02295
0 0.66368 0.79190 0.03060 0.02815
0 0.69457 0.79710 0.02887 0.02469
0 0.67985 0.77848 0.02714 0.02642
0 0.70872 0.77978 0.03176 0.02555
0 0.72200 0.61347 0.02136 0.01343
0 0.74076 0.63707 0.02194 0.01992
0 0.72893 0.62538 0.02252 0.01559
0 0.74711 0.65375 0.01732 0.01862
0 0.73383 0.65570 0.02656 0.02079
0 0.75260 0.67280 0.01905 0.02122
0 0.76501 0.69316 0.01039 0.01949
0 0.75375 0.69229 0.02367 0.02122
0 0.74394 0.67475 0.02714 0.02079
0 0.72575 0.67150 0.03349 0.01602
0 0.72315 0.63989 0.02598 0.01949
0 0.76819 0.71871 0.02367 0.01429
0 0.77021 0.73408 0.02656 0.02425
0 0.75231 0.74794 0.02425 0.02685
0 0.74711 0.76851 0.02887 0.02469
0 0.69717 0.76310 0.02945 0.02339
0 0.72575 0.76180 0.02656 0.02252
0 0.75520 0.71026 0.02887 0.02165
0 0.74798 0.72802 0.01905 0.02425
0 0.72662 0.73907 0.02829 0.02642
0 0.73845 0.69835 0.02540 0.02815
0 0.72806 0.71741 0.03118 0.02382
0 0.66975 0.75661 0.03002 0.02512
0 0.68793 0.73733 0.03060 0.02469
0 0.71911 0.70420 0.02598 0.02165
0 0.70381 0.72131 0.02656 0.02382
0 0.69342 0.70182 0.03118 0.02382
0 0.71189 0.68406 0.03233 0.02382
0 0.68216 0.68320 0.02829 0.02122
0 0.58863 0.73755 0.03176 0.02339
0 0.64261 0.75357 0.02309 0.02599
0 0.59238 0.70983 0.03811 0.03465
0 0.60624 0.72585 0.02771 0.02079
0 0.62760 0.72174 0.02887 0.02555
0 0.62356 0.69857 0.03233 0.02425
0 0.62500 0.74296 0.02829 0.02295
0 0.65387 0.73278 0.03176 0.02425
0 0.67754 0.72001 0.02945 0.02295
0 0.65012 0.71113 0.02887 0.02165
0 0.65820 0.69272 0.03233 0.02122
0 0.56784 0.68839 0.01905 0.02122
0 0.55918 0.67583 0.02483 0.01689
0 0.55167 0.65331 0.01674 0.01602
0 0.57102 0.66825 0.02309 0.01906
0 0.58660 0.68493 0.03233 0.02469
0 0.63857 0.68060 0.03464 0.02036
0 0.61028 0.67648 0.02540 0.02339
0 0.65531 0.66587 0.02425 0.02295
0 0.65098 0.64833 0.02829 0.01906
0 0.71449 0.65245 0.01790 0.02382
0 0.70092 0.66414 0.02540 0.02122
0 0.67667 0.66544 0.02540 0.02209
0 0.62962 0.66176 0.03060 0.02512
0 0.62875 0.64162 0.03349 0.02209
0 0.58863 0.66154 0.03060 0.02555
0 0.56813 0.64963 0.02540 0.02079
0 0.57535 0.63382 0.02829 0.01169
0 0.59902 0.64530 0.03060 0.02339
0 0.70006 0.64314 0.02252 0.02425
0 0.67667 0.64400 0.02887 0.02858
0 0.70872 0.62386 0.02252 0.01862
0 0.68736 0.62408 0.02829 0.02339
0 0.65300 0.62928 0.03118 0.02079
0 0.60277 0.62733 0.03233 0.02382
0 0.72286 0.59636 0.01617 0.02425
0 0.70323 0.56107 0.01501 0.00996
0 0.70699 0.56951 0.01790 0.01126
0 0.70843 0.58207 0.02079 0.01992
0 0.71045 0.60286 0.02136 0.02425
0 0.69544 0.60697 0.02714 0.02036
0 0.69226 0.59073 0.01963 0.01906
0 0.69515 0.55154 0.01732 0.02122
0 0.68966 0.57146 0.02483 0.02295
0 0.67927 0.55673 0.02136 0.01343
0 0.62818 0.62148 0.03233 0.02339
0 0.67061 0.59441 0.03176 0.01776
0 0.67408 0.57774 0.02945 0.02425
0 0.66368 0.61347 0.03060 0.02469
0 0.64867 0.58445 0.03060 0.02295
0 0.63741 0.60178 0.03118 0.02555
0 0.61085 0.60849 0.03349 0.01992
0 0.51819 0.58813 0.03753 0.02165
0 0.57939 0.55695 0.03406 0.02685
0 0.56784 0.54049 0.03753 0.03205
0 0.59931 0.49784 0.03811 0.02642
0 0.56409 0.44326 0.03695 0.02988
0 0.42985 0.42291 0.01790 0.01083
0 0.42061 0.41057 0.01443 0.01472
0 0.43736 0.41533 0.02714 0.02079
0 0.39550 0.35210 0.02425 0.01906
0 0.38857 0.33434 0.02540 0.02512
0 0.40531 0.36531 0.02887 0.02728
0 0.42783 0.37938 0.03002 0.02685
0 0.41946 0.35643 0.03060 0.02339
0 0.42985 0.39714 0.02945 0.01646
0 0.46305 0.41901 0.02425 0.02295
0 0.45294 0.40299 0.02945 0.02209
0 0.37067 0.28757 0.01386 0.01559
0 0.38106 0.28735 0.01386 0.01516
0 0.38020 0.31897 0.02483 0.01776
0 0.37154 0.30229 0.01328 0.01559
0 0.38770 0.30684 0.02945 0.02815
0 0.42206 0.34214 0.03118 0.02685
0 0.40618 0.32590 0.03060 0.02209
0 0.42177 0.31637 0.02829 0.02469
0 0.40185 0.30793 0.02887 0.02079
0 0.48874 0.38675 0.02021 0.02339
0 0.50779 0.36574 0.02136 0.01689
0 0.50779 0.37549 0.02021 0.02079
0 0.45035 0.38328 0.02425 0.02165
0 0.46911 0.38740 0.02252 0.02295
0 0.44342 0.35210 0.02425 0.02165
0 0.46363 0.36704 0.02887 0.02036
0 0.47604 0.35058 0.02483 0.02036
0 0.44197 0.33174 0.03060 0.02165
0 0.43995 0.30944 0.02656 0.01949
0 0.47258 0.33131 0.03176 0.01992
0 0.45612 0.31767 0.02425 0.02209
0 0.51645 0.33196 0.03406 0.02209
0 0.54330 0.32590 0.02309 0.02122
0 0.55081 0.31420 0.02194 0.01776
0 0.55976 0.30035 0.02136 0.01343
0 0.54186 0.29775 0.02714 0.02469
0 0.52281 0.31117 0.03176 0.02036
0 0.49682 0.31789 0.02598 0.01992
0 0.47315 0.31356 0.02483 0.02079
0 0.39579 0.28584 0.01905 0.02339
0 0.41339 0.28909 0.02540 0.02122
0 0.43360 0.29298 0.02540 0.02122
0 0.45958 0.29558 0.03002 0.02295
0 0.48672 0.29537 0.02656 0.02425
0 0.57333 0.30901 0.03002 0.02295
0 0.65618 0.31594 0.03868 0.02555
0 0.57679 0.29060 0.02540 0.01472
0 0.58545 0.28172 0.02425 0.02036
0 0.60017 0.23907 0.01328 0.00780
0 0.60999 0.25509 0.01212 0.00953
0 0.60075 0.24838 0.02367 0.01256
0 0.59873 0.26180 0.02079 0.01689
0 0.60797 0.27436 0.02771 0.02902
0 0.57852 0.26267 0.02540 0.02036
0 0.58199 0.22845 0.02194 0.01516
0 0.58343 0.24101 0.02252 0.01862
0 0.56582 0.23473 0.02771 0.01992
0 0.56034 0.24556 0.02252 0.02339
0 0.39030 0.24513 0.01732 0.01213
0 0.38308 0.25704 0.01443 0.01516
0 0.38424 0.27176 0.02367 0.01862
0 0.39088 0.25660 0.01501 0.01429
0 0.41195 0.23647 0.01905 0.00866
0 0.41744 0.22499 0.01039 0.01256
0 0.42206 0.23343 0.01155 0.01299
0 0.40993 0.24859 0.03464 0.02165
0 0.40676 0.26851 0.02829 0.02425
0 0.42869 0.26029 0.02367 0.01906
0 0.43245 0.27458 0.02771 0.01732
0 0.43043 0.22152 0.02136 0.01429
0 0.45352 0.21503 0.02714 0.01949
0 0.43793 0.23279 0.03176 0.01949
0 0.44919 0.24751 0.03118 0.01862
0 0.46449 0.25617 0.02252 0.02382
0 0.45092 0.26527 0.02309 0.02295
0 0.51299 0.29320 0.02829 0.01992
0 0.50375 0.27566 0.02483 0.02209
0 0.53464 0.28346 0.02194 0.01949
0 0.55514 0.27956 0.02252 0.02122
0 0.55629 0.25855 0.02136 0.01992
0 0.53378 0.26418 0.02829 0.01992
0 0.48441 0.25834 0.02079 0.01689
0 0.49884 0.21113 0.02540 0.02209
0 0.48124 0.21871 0.03176 0.01906
0 0.52367 0.21719 0.02656 0.02209
0 0.55196 0.21525 0.02887 0.02165
0 0.54244 0.22737 0.02483 0.01732
0 0.53695 0.24015 0.02887 0.01949
0 0.51790 0.22109 0.02771 0.01689
0 0.46247 0.22759 0.03349 0.01949
0 0.48528 0.24166 0.02714 0.01906
0 0.50058 0.23040 0.02656 0.01819
0 0.36980 0.52815 0.02714 0.02382
0 0.32159 0.57059 0.02656 0.01083
0 0.31784 0.57990 0.02598 0.01386
0 0.34353 0.55608 0.02194 0.01906
0 0.34180 0.57406 0.02194 0.02209
0 0.35595 0.54114 0.02829 0.02295
0 0.36490 0.55890 0.02771 0.02209
0 0.36028 0.58185 0.03233 0.02902
0 0.29013 0.60026 0.01674 0.01819
0 0.30283 0.59701 0.02483 0.02209
0 0.33054 0.59160 0.03176 0.02945
0 0.27540 0.61758 0.02771 0.02599
0 0.28609 0.61996 0.02714 0.02209
0 0.26963 0.64054 0.03926 0.02252
0 0.29965 0.63296 0.02309 0.02642
0 0.31293 0.61065 0.03118 0.02685
0 0.32304 0.61715 0.02945 0.02512
0 0.22286 0.66089 0.01501 0.01472
0 0.21853 0.67648 0.03984 0.02512
0 0.24249 0.65916 0.02540 0.03291
0 0.25116 0.66132 0.02887 0.01992
0 0.26848 0.67172 0.02887 0.02685
0 0.27540 0.64747 0.03002 0.02339
0 0.29677 0.65808 0.03580 0.02555
0 0.20352 0.69597 0.02945 0.02252
0 0.20266 0.71698 0.04273 0.02728
0 0.24827 0.68471 0.02540 0.02858
0 0.22835 0.69619 0.02483 0.02728
0 0.29157 0.67583 0.03349 0.01862
0 0.27454 0.69164 0.03291 0.02425
0 0.24769 0.70420 0.02656 0.02252
0 0.26588 0.71091 0.03522 0.01689
0 0.23268 0.72261 0.03002 0.02728
0 0.21824 0.74296 0.03002 0.02728
0 0.17292 0.73062 0.02136 0.01213
0 0.16772 0.74296 0.02829 0.01949
0 0.12933 0.76916 0.01617 0.01213
0 0.14838 0.75855 0.02425 0.02209
0 0.13857 0.78064 0.03118 0.02728
0 0.16426 0.77501 0.03291 0.02382
0 0.17812 0.76115 0.02829 0.02902
0 0.08025 0.83694 0.01501 0.01862
0 0.06842 0.84517 0.02367 0.01689
0 0.09411 0.82048 0.03002 0.02469
0 0.10191 0.79883 0.02136 0.01776
0 0.12067 0.78952 0.02309 0.02079
0 0.10797 0.80793 0.02194 0.01862
0 0.13020 0.80381 0.02483 0.02165
0 0.14896 0.80013 0.02309 0.02036
0 0.05139 0.85881 0.01386 0.01213
0 0.07130 0.85556 0.02829 0.01949
0 0.20785 0.81161 0.03002 0.02165
0 0.13886 0.81767 0.03060 0.01819
0 0.12327 0.83045 0.02367 0.02036
0 0.09960 0.83997 0.02945 0.03248
0 0.13482 0.89086 0.03291 0.02599
0 0.05456 0.87462 0.03060 0.02469
0 0.07217 0.87484 0.03118 0.02079
0 0.11605 0.85145 0.02771 0.02512
0 0.11576 0.87549 0.02598 0.02902
0 0.13539 0.87137 0.01905 0.02512
0 0.14348 0.84777 0.03291 0.02988
0 0.16080 0.83391 0.02945 0.02209
0 0.09411 0.86618 0.02656 0.02772
0 0.06409 0.93634 0.02540 0.01386
0 0.05370 0.92075 0.01617 0.02252
0 0.06495 0.92096 0.01559 0.02036
0 0.08632 0.93655 0.02483 0.01429
0 0.08112 0.92031 0.03060 0.02339
0 0.06986 0.90061 0.03118 0.02295
0 0.09353 0.91122 0.02771 0.01559
0 0.09642 0.89368 0.03118 0.02295
0 0.11778 0.93937 0.03580 0.02079
0 0.10854 0.92854 0.03002 0.02079
0 0.15127 0.92941 0.03580 0.01732
0 0.15271 0.91641 0.03060 0.01819
0 0.12385 0.91728 0.03176 0.01473
0 0.12096 0.90689 0.03406 0.02165
0 0.15560 0.90277 0.02483 0.01516
0 0.18014 0.91685 0.03233 0.01906
0 0.22633 0.89303 0.01386 0.00780
0 0.20728 0.90819 0.02309 0.01299
0 0.18418 0.90342 0.03349 0.01732
0 0.16513 0.88718 0.03464 0.03075
0 0.20901 0.89649 0.02425 0.01559
0 0.19919 0.88653 0.03002 0.02252
0 0.18966 0.87700 0.03060 0.02599
0 0.18331 0.86228 0.02945 0.02165
0 0.15907 0.86791 0.02714 0.02339
0 0.25000 0.87938 0.02540 0.01429
0 0.22690 0.88285 0.03233 0.01602
0 0.26992 0.86466 0.02829 0.01776
0 0.23903 0.87462 0.03349 0.01343
0 0.21709 0.86964 0.03233 0.01472
0 0.24163 0.85968 0.02021 0.02512
0 0.26126 0.85990 0.02598 0.02036
0 0.21507 0.85622 0.03522 0.02425
0 0.19226 0.73647 0.03118 0.02555
0 0.20439 0.76093 0.03464 0.02599
0 0.25664 0.73019 0.03176 0.02772
0 0.23643 0.75617 0.03291 0.02252
0 0.25693 0.76895 0.03349 0.02469
0 0.27310 0.74968 0.03233 0.02512
0 0.22979 0.79948 0.04042 0.01992
0 0.25115 0.79039 0.02771 0.02512
0 0.22546 0.77826 0.03291 0.02425
0 0.19861 0.78995 0.03233 0.02339
0 0.16888 0.78865 0.02945 0.02165
0 0.17004 0.81291 0.03984 0.02945
0 0.18418 0.82677 0.03233 0.02512
0 0.19082 0.84993 0.02483 0.02642
0 0.23730 0.81875 0.03233 0.02295
0 0.21738 0.83694 0.03176 0.02469
0 0.24654 0.83824 0.03233 0.02728
0 0.31669 0.83694 0.01212 0.01429
0 0.30052 0.84604 0.02136 0.01516
0 0.27540 0.84474 0.03349 0.02555
0 0.26848 0.82850 0.03580 0.01992
0 0.30283 0.82871 0.03406 0.02555
0 0.29417 0.81485 0.03291 0.02209
0 0.26386 0.81182 0.03464 0.02815
0 0.29128 0.77349 0.04099 0.03205
0 0.28262 0.79472 0.03753 0.02512
0 0.36085 0.79537 0.01501 0.01343
0 0.34555 0.80706 0.01674 0.01343
0 0.32361 0.80922 0.03291 0.01949
0 0.31553 0.79926 0.03522 0.02295
0 0.37096 0.78194 0.02483 0.01602
0 0.34498 0.79255 0.03060 0.01906
0 0.35768 0.77956 0.03060 0.01386
0 0.32506 0.78324 0.03695 0.02469
0 0.40445 0.76115 0.02021 0.00996
0 0.38597 0.76981 0.02945 0.01862
0 0.38395 0.75790 0.02425 0.01472
0 0.35681 0.76830 0.03464 0.02252
0 0.32708 0.76115 0.03406 0.02642
0 0.31005 0.75855 0.03349 0.02642
0 0.34498 0.74426 0.03060 0.02902
0 0.37067 0.74599 0.03233 0.02728
0 0.41830 0.74816 0.01328 0.01602
0 0.40156 0.74903 0.03291 0.01862
0 0.42696 0.73278 0.02367 0.01472
0 0.40040 0.73408 0.03291 0.02165
0 0.39001 0.72131 0.02598 0.02469
0 0.44833 0.72585 0.02598 0.01299
0 0.44746 0.71871 0.02656 0.01862
0 0.42119 0.72217 0.03637 0.01776
0 0.46940 0.71243 0.02656 0.01732
0 0.46247 0.70442 0.03349 0.01602
0 0.44255 0.70095 0.02483 0.02642
0 0.41368 0.71178 0.03637 0.02036
0 0.41773 0.69835 0.03291 0.02209
0 0.36201 0.72499 0.03464 0.02599
0 0.32015 0.73495 0.03406 0.02858
0 0.28522 0.72477 0.03580 0.02815
0 0.30023 0.70420 0.03580 0.02858
0 0.33199 0.71200 0.03695 0.02079
0 0.31957 0.68601 0.03060 0.02945
0 0.34584 0.61044 0.02540 0.02642
0 0.31871 0.63772 0.02771 0.02815
0 0.34209 0.63707 0.03291 0.02772
0 0.32650 0.66176 0.03753 0.02512
0 0.37846 0.70658 0.03522 0.02642
0 0.34988 0.69446 0.03580 0.02642
0 0.36894 0.67757 0.03349 0.02295
0 0.36143 0.65548 0.03811 0.02295
0 0.37096 0.63686 0.03637 0.02122
0 0.36778 0.61130 0.03464 0.03075
0 0.39983 0.62235 0.03406 0.02858
0 0.41772 0.59376 0.03522 0.02685
0 0.39030 0.50909 0.03233 0.02295
0 0.40156 0.49156 0.01905 0.01819
0 0.42090 0.48203 0.03118 0.01992
0 0.41109 0.50173 0.02309 0.02036
0 0.43360 0.49589 0.03233 0.02252
0 0.41801 0.46340 0.02309 0.01732
0 0.43476 0.45171 0.02887 0.01819
0 0.44255 0.46795 0.03291 0.02728
0 0.45352 0.47510 0.03753 0.02772
0 0.45006 0.43958 0.02367 0.01992
0 0.46103 0.45214 0.02483 0.01906
0 0.46969 0.43590 0.02598 0.01949
0 0.48585 0.44153 0.02829 0.02642
0 0.39290 0.52555 0.02136 0.02555
0 0.38106 0.54981 0.03002 0.02555
0 0.41744 0.51949 0.03349 0.02209
0 0.40242 0.54179 0.02309 0.02685
0 0.39867 0.56691 0.02483 0.02772
0 0.38481 0.58337 0.03522 0.02079
0 0.42985 0.56864 0.03522 0.02685
0 0.42610 0.54223 0.03811 0.03205
0 0.45035 0.51104 0.02771 0.02425
0 0.45352 0.52793 0.03637 0.01819
0 0.45814 0.55002 0.03522 0.02512
0 0.39810 0.69143 0.03637 0.02036
0 0.40214 0.64725 0.02945 0.02815
0 0.40185 0.67150 0.03464 0.02122
0 0.43591 0.67973 0.03811 0.02555
0 0.50375 0.68644 0.00751 0.01213
0 0.49221 0.69078 0.01790 0.01992
0 0.46998 0.69381 0.03580 0.01906
0 0.51299 0.66847 0.02252 0.02382
0 0.49682 0.67107 0.02598 0.02382
0 0.47084 0.67865 0.03522 0.02252
0 0.45785 0.66371 0.03002 0.03335
0 0.43158 0.65613 0.03868 0.02772
0 0.48903 0.66046 0.03464 0.02252
0 0.53609 0.66132 0.01790 0.01039
0 0.52829 0.65353 0.03118 0.01906
0 0.53984 0.63686 0.02887 0.01516
0 0.51501 0.64682 0.03580 0.01949
0 0.48441 0.64357 0.03464 0.01992
0 0.42956 0.63469 0.03464 0.02295
0 0.46074 0.63274 0.03349 0.02252
0 0.44024 0.61498 0.03868 0.02858
0 0.47662 0.61260 0.03984 0.02209
0 0.45064 0.59420 0.03291 0.02772
0 0.52916 0.62516 0.03176 0.02469
0 0.50837 0.62126 0.03984 0.02382
0 0.51126 0.60481 0.03522 0.01689
0 0.48297 0.59268 0.03637 0.03075
0 0.46305 0.57384 0.03580 0.02772
0 0.48557 0.55435 0.02887 0.02772
0 0.57390 0.63253 0.01501 0.00563
0 0.58054 0.62408 0.02136 0.01472
0 0.59007 0.61109 0.01270 0.01732
0 0.55831 0.62690 0.02887 0.02036
0 0.57073 0.61195 0.03291 0.02339
0 0.54417 0.60849 0.03406 0.02252
0 0.61287 0.59680 0.02483 0.01732
0 0.60191 0.59506 0.02598 0.01906
0 0.58025 0.59593 0.03349 0.01559
0 0.54937 0.59528 0.03406 0.02122
0 0.64203 0.57796 0.01848 0.01949
0 0.62558 0.58012 0.02714 0.01862
0 0.60768 0.57774 0.02829 0.02252
0 0.58170 0.57925 0.03637 0.02295
0 0.55369 0.57839 0.03233 0.01776
0 0.54937 0.55998 0.03406 0.02165
0 0.47575 0.46059 0.02309 0.02555
0 0.46218 0.48679 0.02945 0.02599
0 0.48759 0.48029 0.03406 0.02685
0 0.50144 0.45518 0.02829 0.02945
0 0.53175 0.44825 0.03349 0.03205
0 0.51992 0.47120 0.03868 0.02252
0 0.47921 0.51234 0.03118 0.03032
0 0.50577 0.56735 0.03349 0.02858
0 0.50837 0.53660 0.03868 0.02685
0 0.52252 0.51408 0.03464 0.02512
0 0.53811 0.49134 0.03349 0.02642
0 0.55341 0.46470 0.03406 0.02425
0 0.54792 0.53032 0.03580 0.02555
0 0.65560 0.56410 0.01905 0.01083
0 0.63424 0.56496 0.03060 0.01862
0 0.60624 0.55912 0.03580 0.02165
0 0.65704 0.55327 0.03002 0.01256
0 0.62731 0.54959 0.03984 0.01732
0 0.60624 0.53638 0.03695 0.02815
0 0.70294 0.53313 0.01674 0.01646
0 0.67956 0.54721 0.02771 0.01083
0 0.68303 0.53768 0.02887 0.01689
0 0.65647 0.53941 0.02771 0.02122
0 0.63597 0.52967 0.03753 0.02945
0 0.71045 0.51256 0.02367 0.02642
0 0.70468 0.51104 0.01559 0.02599
0 0.68649 0.52425 0.02656 0.02209
0 0.66657 0.52014 0.03637 0.02425
0 0.62587 0.51321 0.03233 0.02425
0 0.59093 0.52252 0.03522 0.02728
0 0.56697 0.51061 0.03695 0.02425
0 0.57044 0.48549 0.03233 0.02685
0 0.50173 0.39411 0.02540 0.01906
0 0.48181 0.41620 0.02598 0.02512
0 0.50491 0.41295 0.03176 0.02469
0 0.51097 0.42941 0.03464 0.02815
0 0.55225 0.33651 0.03176 0.01819
0 0.55456 0.35232 0.03637 0.02122
0 0.53349 0.36011 0.03118 0.01862
0 0.52540 0.37700 0.02887 0.02209
0 0.52742 0.39130 0.03176 0.02642
0 0.53233 0.40970 0.02540 0.02599
0 0.57794 0.32980 0.03118 0.02728
0 0.55369 0.37159 0.03233 0.02425
0 0.55427 0.39238 0.03002 0.02425
0 0.55774 0.41360 0.03695 0.02599
0 0.59122 0.42767 0.03464 0.02988
0 0.58314 0.39519 0.03118 0.02815
0 0.63655 0.41447 0.03522 0.03032
0 0.61490 0.39303 0.03811 0.02728
0 0.63424 0.36877 0.03868 0.02728
0 0.60162 0.33196 0.03002 0.02555
0 0.64550 0.48961 0.03695 0.02815
0 0.62789 0.47986 0.03753 0.02512
0 0.66542 0.46579 0.03060 0.02902
0 0.63857 0.45626 0.03695 0.02902
0 0.62442 0.43352 0.03406 0.02165
0 0.69140 0.50282 0.02367 0.02339
0 0.67148 0.49957 0.03349 0.02728
0 0.73239 0.49480 0.03522 0.02036
0 0.74567 0.47791 0.03291 0.02209
0 0.69602 0.48138 0.03637 0.02122
0 0.71940 0.46470 0.02309 0.02165
0 0.73181 0.46990 0.03060 0.02512
0 0.69486 0.46037 0.03522 0.02599
0 0.66368 0.43439 0.03637 0.02772
0 0.67321 0.40537 0.03811 0.02858
0 0.65012 0.38545 0.03811 0.01906
0 0.79070 0.46232 0.01212 0.01343
0 0.77367 0.47120 0.02425 0.02079
0 0.75606 0.45886 0.02598 0.02122
0 0.74278 0.44067 0.04099 0.03681
0 0.78089 0.45453 0.02598 0.01862
0 0.80601 0.44586 0.02656 0.01689
0 0.80110 0.44262 0.02598 0.01646
0 0.77540 0.44305 0.02656 0.02339
0 0.71593 0.43417 0.03580 0.02902
0 0.76299 0.42702 0.04099 0.02425
0 0.84007 0.42421 0.01617 0.02122
0 0.82217 0.43200 0.02540 0.01343
0 0.81264 0.42594 0.01790 0.01602
0 0.79619 0.42378 0.03464 0.02555
0 0.85537 0.41057 0.01905 0.00953
0 0.85306 0.40450 0.02367 0.01819
0 0.82910 0.41295 0.03002 0.02988
0 0.81553 0.41165 0.03637 0.01862
0 0.86749 0.38328 0.03176 0.02599
0 0.84325 0.38523 0.02598 0.02728
0 0.77714 0.40580 0.03580 0.02512
0 0.74769 0.41165 0.03464 0.02642
0 0.71420 0.40840 0.03580 0.03032
0 0.70728 0.38307 0.03695 0.02815
0 0.74509 0.38610 0.03868 0.02988
0 0.76501 0.36466 0.03233 0.02599
0 0.77800 0.38458 0.03868 0.02339
0 0.81986 0.39433 0.03695 0.02902
0 0.82621 0.36726 0.03464 0.03118
0 0.79706 0.36553 0.03637 0.02945
0 0.66975 0.36314 0.03580 0.02728
0 0.68736 0.33846 0.03753 0.02815
0 0.75058 0.34257 0.04042 0.03291
0 0.76472 0.31594 0.02367 0.01776
0 0.78551 0.33283 0.02367 0.01776
0 0.84209 0.34322 0.02714 0.03162
0 0.89665 0.34387 0.00924 0.01126
0 0.89203 0.35838 0.01617 0.02555
0 0.87298 0.35838 0.04157 0.02815
0 0.88943 0.33867 0.01790 0.01559
0 0.88453 0.33131 0.01848 0.02685
0 0.86980 0.33153 0.03753 0.02988
0 0.88222 0.28714 0.01501 0.01646
0 0.88077 0.30641 0.03060 0.02642
0 0.86721 0.26938 0.01963 0.02165
0 0.86721 0.28519 0.03002 0.02295
0 0.85681 0.29537 0.03464 0.02252
0 0.85335 0.31507 0.03349 0.02642
0 0.80629 0.30901 0.03753 0.03335
0 0.83083 0.32027 0.03580 0.02988
0 0.82737 0.26115 0.02194 0.02425
0 0.84122 0.24989 0.03002 0.02425
0 0.85017 0.26570 0.02829 0.01862
0 0.83863 0.27804 0.03176 0.02599
0 0.81813 0.28952 0.04042 0.02555
0 0.81669 0.21719 0.03060 0.01429
0 0.81380 0.22694 0.03637 0.02165
0 0.81553 0.24253 0.02714 0.01992
0 0.79272 0.24881 0.03464 0.02988
0 0.80831 0.26483 0.03580 0.02728
0 0.71738 0.32720 0.03753 0.02728
0 0.63799 0.28172 0.03464 0.02469
0 0.66253 0.22499 0.02367 0.02382
0 0.67552 0.21806 0.02656 0.02122
0 0.69659 0.21091 0.02714 0.01819
0 0.74249 0.19965 0.01155 0.00780
0 0.72604 0.20355 0.03176 0.01819
0 0.71363 0.22044 0.03926 0.02079
0 0.76501 0.20420 0.03926 0.01776
0 0.74625 0.21243 0.03984 0.01776
0 0.78262 0.22044 0.03522 0.02772
0 0.75231 0.22326 0.03926 0.02036
0 0.76617 0.23408 0.03349 0.01689
0 0.71651 0.23560 0.03695 0.02165
0 0.72633 0.25292 0.03464 0.02599
0 0.75779 0.24903 0.03522 0.02858
0 0.75751 0.27285 0.03349 0.02858
