0 0.94453 0.22774 0.04948 0.04360
0 0.98151 0.28571 0.03698 0.10019
0 0.00807 0.07839 0.01615 0.05844
0 0.02786 0.06911 0.04323 0.07699
0 0.07344 0.05195 0.05104 0.08163
0 0.37708 0.04963 0.02500 0.06401
0 0.32760 0.02783 0.03958 0.03711
0 0.28073 0.03108 0.05625 0.06215
0 0.22240 0.04035 0.04375 0.06957
0 0.17708 0.03525 0.04688 0.06122
0 0.12292 0.05844 0.04792 0.09833
0 0.55521 0.10390 0.03646 0.04082
0 0.51380 0.09184 0.05260 0.06122
0 0.46406 0.07885 0.05833 0.08534
0 0.40807 0.08395 0.05260 0.14378
0 0.35495 0.07560 0.04844 0.11781
0 0.30651 0.07607 0.05469 0.09276
0 0.25260 0.07653 0.05312 0.10668
0 0.20156 0.08905 0.05417 0.12801
0 0.15573 0.10436 0.05312 0.11595
0 0.10443 0.11828 0.05573 0.12709
0 0.04974 0.13312 0.06302 0.14378
0 0.02057 0.16373 0.04115 0.11781
0 0.77604 0.19109 0.04375 0.04082
0 0.72786 0.19063 0.05365 0.08813
0 0.67240 0.18831 0.06250 0.12245
0 0.61380 0.17486 0.05677 0.14007
0 0.56328 0.17161 0.04948 0.14842
0 0.51510 0.17811 0.05729 0.15770
0 0.46146 0.17254 0.05417 0.15399
0 0.40052 0.17115 0.05208 0.15306
0 0.35286 0.17161 0.04948 0.14100
0 0.30625 0.18228 0.05937 0.14749
0 0.25104 0.18738 0.06146 0.13729
0 0.32838 0.72171 0.04219 0.06679
0 0.36823 0.71521 0.04583 0.07421
0 0.41615 0.72727 0.04167 0.04267
0 0.45260 0.72310 0.03958 0.04917
0 0.96380 0.62570 0.01927 0.03432
0 0.90000 0.62848 0.04063 0.04545
0 0.85052 0.64100 0.05937 0.06865
0 0.79115 0.64564 0.06146 0.08720
0 0.73698 0.66002 0.05313 0.08813
0 0.68516 0.67022 0.05885 0.08071
0 0.63073 0.67486 0.05625 0.10111
0 0.57787 0.67950 0.05885 0.10668
0 0.52656 0.68135 0.05000 0.11225
0 0.47630 0.67950 0.05469 0.11967
0 0.42734 0.66883 0.04740 0.11317
0 0.38229 0.67625 0.04896 0.10575
0 0.33359 0.66930 0.05052 0.09740
0 0.28516 0.66837 0.04740 0.08627
0 0.24167 0.66373 0.04583 0.08070
0 0.19974 0.67672 0.04323 0.06957
0 0.15807 0.67115 0.04115 0.06030
0 0.11615 0.66744 0.04479 0.06772
0 0.03229 0.67254 0.04688 0.03711
0 0.07214 0.66095 0.04531 0.05473
0 0.00573 0.63451 0.01146 0.05566
0 0.02786 0.61317 0.05573 0.10390
0 0.06927 0.60019 0.05208 0.10204
0 0.11198 0.60111 0.04792 0.10761
0 0.15443 0.59276 0.05052 0.12616
0 0.19583 0.59184 0.05417 0.13173
0 0.23672 0.57050 0.05365 0.14657
0 0.28177 0.57421 0.05521 0.15028
0 0.33281 0.57467 0.05417 0.15121
0 0.38542 0.57468 0.04896 0.15492
0 0.44167 0.57839 0.06042 0.15863
0 0.49167 0.58210 0.05000 0.14378
0 0.54088 0.57653 0.05573 0.15863
0 0.59297 0.58766 0.05365 0.16048
0 0.65000 0.58998 0.06354 0.15770
0 0.70755 0.57560 0.06302 0.15863
0 0.76276 0.56494 0.06198 0.16141
0 0.01198 0.53571 0.02396 0.11781
0 0.03906 0.49861 0.05417 0.14564
0 0.08776 0.49629 0.05781 0.14842
0 0.13542 0.49119 0.06146 0.13451
0 0.18594 0.46846 0.06771 0.12987
0 0.25287 0.45130 0.06719 0.15121
0 0.30990 0.45037 0.05729 0.15121
0 0.36536 0.45269 0.05573 0.14657
0 0.42344 0.45779 0.05625 0.15863
0 0.47656 0.44666 0.05417 0.16419
0 0.52812 0.44109 0.05521 0.16048
0 0.58203 0.44805 0.05885 0.16698
0 0.63854 0.44944 0.05625 0.16234
0 0.69063 0.43460 0.05625 0.16048
0 0.74609 0.41698 0.05990 0.16234
0 0.81849 0.56447 0.05990 0.16048
0 0.80547 0.42254 0.06094 0.16976
0 0.87188 0.41698 0.07708 0.15121
0 0.87578 0.56401 0.06094 0.15956
0 0.93724 0.56494 0.06302 0.16698
0 0.98281 0.55983 0.03437 0.15677
0 0.96146 0.40492 0.07708 0.16790
0 0.93385 0.30751 0.06458 0.11410
0 0.87630 0.28339 0.06198 0.12709
0 0.81849 0.27551 0.06510 0.15955
0 0.75937 0.27180 0.06146 0.16327
0 0.70599 0.28942 0.06302 0.15213
0 0.64714 0.29453 0.06198 0.16419
0 0.58724 0.29592 0.05885 0.15399
0 0.52500 0.30102 0.07188 0.14193
0 0.44505 0.31030 0.07135 0.15306
0 0.37995 0.30288 0.06719 0.17533
0 0.31979 0.30288 0.05521 0.15677
0 0.26901 0.30891 0.05052 0.15399
0 0.19766 0.19620 0.05260 0.15121
0 0.15260 0.22449 0.05833 0.14471
0 0.10026 0.23284 0.04635 0.14471
0 0.05339 0.24072 0.05885 0.15121
0 0.02266 0.29406 0.04531 0.14657
0 0.01797 0.41605 0.03594 0.12523
0 0.06979 0.37523 0.06667 0.12523
0 0.12318 0.36132 0.06719 0.13822
0 0.17396 0.34416 0.05521 0.13544
0 0.21927 0.33349 0.05938 0.15492
