0 0.38672 0.01172 0.03698 0.02344
0 0.61589 0.02031 0.02865 0.04062
0 0.62578 0.06875 0.03177 0.07969
0 0.56563 0.04414 0.10104 0.08828
0 0.47135 0.04453 0.11563 0.08906
0 0.63125 0.15430 0.04688 0.10859
0 0.57292 0.12383 0.09896 0.10547
0 0.64844 0.35625 0.05000 0.10781
0 0.64010 0.26055 0.04688 0.10547
0 0.58854 0.21953 0.08750 0.10625
0 0.47500 0.12578 0.10938 0.10156
0 0.32083 0.03828 0.10417 0.07656
0 0.32031 0.10625 0.11250 0.08125
0 0.30339 0.18828 0.09531 0.10625
0 0.30859 0.27148 0.09635 0.11641
0 0.31406 0.35703 0.10208 0.11875
0 0.38932 0.15898 0.09635 0.12578
0 0.39844 0.25820 0.10625 0.11172
0 0.40078 0.36016 0.09427 0.12969
0 0.31849 0.43906 0.10365 0.10000
0 0.32917 0.49961 0.10000 0.08047
0 0.32161 0.59336 0.09531 0.11484
0 0.32734 0.69961 0.08906 0.12266
0 0.40286 0.62930 0.11302 0.10703
0 0.40859 0.71836 0.11302 0.11016
0 0.64062 0.45430 0.04583 0.07891
0 0.58672 0.46133 0.08490 0.10234
0 0.65495 0.54648 0.06302 0.12109
0 0.59766 0.55820 0.09010 0.11953
0 0.67708 0.63828 0.04479 0.10312
0 0.67787 0.74141 0.04427 0.11875
0 0.60938 0.64609 0.10104 0.10781
0 0.61979 0.73555 0.10000 0.11484
0 0.67552 0.82422 0.04062 0.06563
0 0.68333 0.87461 0.03542 0.06484
0 0.67734 0.94727 0.04531 0.10547
0 0.63151 0.98750 0.05990 0.02500
0 0.63802 0.91914 0.09062 0.13516
0 0.61250 0.82656 0.10521 0.11406
0 0.32344 0.82187 0.06875 0.14531
0 0.33177 0.91641 0.07083 0.09688
0 0.34375 0.97969 0.08021 0.04062
0 0.42760 0.97969 0.08854 0.04062
0 0.53646 0.89570 0.11979 0.11016
0 0.51094 0.81875 0.10729 0.12500
0 0.51693 0.71484 0.10990 0.10625
0 0.51016 0.61836 0.11094 0.10078
0 0.50547 0.51133 0.12448 0.13203
0 0.39974 0.52891 0.10469 0.11719
