0 0.07760 0.27335 0.01979 0.04284
0 0.08750 0.24850 0.01979 0.02571
0 0.09635 0.23522 0.01875 0.02999
0 0.10521 0.22065 0.01667 0.03342
0 0.11406 0.20009 0.01250 0.01971
0 0.12318 0.18423 0.01302 0.01714
0 0.11953 0.15339 0.00990 0.02571
0 0.12917 0.14010 0.01146 0.02142
0 0.12865 0.17352 0.00833 0.01457
0 0.13542 0.17738 0.01250 0.01200
0 0.13828 0.16195 0.01302 0.02228
0 0.14922 0.16710 0.01615 0.01371
0 0.14844 0.14824 0.01667 0.02571
0 0.15885 0.13539 0.01875 0.03599
0 0.17031 0.12768 0.01771 0.03085
0 0.18047 0.12082 0.01510 0.02913
0 0.18542 0.10711 0.00833 0.02742
0 0.16328 0.16838 0.01719 0.03342
0 0.17526 0.15981 0.02031 0.03856
0 0.18516 0.14910 0.01615 0.03428
0 0.19505 0.17738 0.01615 0.03942
0 0.18646 0.18595 0.02188 0.04113
0 0.17734 0.19452 0.01302 0.03085
0 0.20000 0.20394 0.01562 0.01885
0 0.39687 0.01285 0.01354 0.02057
0 0.38411 0.01628 0.01719 0.01714
0 0.37031 0.01285 0.01667 0.02571
0 0.35417 0.00557 0.01875 0.01114
0 0.34062 0.01157 0.01458 0.02314
0 0.40990 0.03385 0.02187 0.03513
0 0.39687 0.03985 0.01667 0.03856
0 0.38542 0.04070 0.01562 0.03685
0 0.37266 0.04413 0.01823 0.04027
0 0.35703 0.02057 0.01927 0.02913
0 0.34635 0.02913 0.01979 0.03085
0 0.33620 0.04070 0.01719 0.03513
0 0.36042 0.05270 0.01875 0.03856
0 0.34974 0.06041 0.01823 0.03513
0 0.33646 0.07326 0.01979 0.04027
0 0.32734 0.08355 0.02031 0.03685
0 0.33203 0.11654 0.01198 0.04113
0 0.34427 0.11182 0.01771 0.04199
0 0.35130 0.09811 0.01823 0.04027
0 0.36094 0.08912 0.01771 0.03599
0 0.37240 0.07926 0.01667 0.03513
0 0.38516 0.07198 0.01406 0.03085
0 0.42266 0.05570 0.01615 0.02913
0 0.40912 0.06470 0.01510 0.03171
0 0.39661 0.07027 0.01406 0.02913
0 0.40417 0.08269 0.01042 0.01457
0 0.39401 0.09126 0.01198 0.02142
0 0.38333 0.10069 0.01250 0.02999
0 0.37266 0.11011 0.01406 0.02999
0 0.36406 0.12125 0.01250 0.03171
0 0.35443 0.12854 0.01198 0.02571
0 0.34349 0.14096 0.01510 0.02142
0 0.33672 0.14867 0.01198 0.03171
0 0.37708 0.12297 0.01458 0.01457
0 0.36589 0.13325 0.01094 0.01285
0 0.37031 0.13410 0.01146 0.01114
0 0.36563 0.14396 0.01042 0.01371
0 0.35469 0.14396 0.01354 0.01371
0 0.34323 0.15724 0.01250 0.01457
0 0.35391 0.15596 0.01510 0.01542
0 0.33307 0.17224 0.00885 0.01885
0 0.34193 0.17009 0.01406 0.01628
0 0.35469 0.17309 0.01458 0.02399
0 0.36510 0.16067 0.01458 0.02485
0 0.37396 0.15081 0.01562 0.02571
0 0.38151 0.13796 0.01302 0.02057
0 0.38724 0.11397 0.01198 0.01714
0 0.39037 0.12768 0.01406 0.01714
0 0.39948 0.11911 0.01458 0.01714
0 0.39583 0.10368 0.01354 0.01714
0 0.40234 0.09426 0.00990 0.01371
0 0.41224 0.08440 0.01198 0.01285
0 0.40912 0.09726 0.01198 0.01628
0 0.40625 0.10968 0.01250 0.01885
0 0.41042 0.12125 0.00729 0.01457
0 0.40443 0.13668 0.01719 0.02828
0 0.39688 0.14824 0.02083 0.02913
0 0.38750 0.15853 0.01771 0.02571
0 0.39818 0.17309 0.01719 0.03256
0 0.37995 0.17181 0.02135 0.02142
0 0.36615 0.18295 0.02083 0.02485
0 0.38490 0.19366 0.01979 0.02913
0 0.35990 0.19623 0.01562 0.02228
0 0.37422 0.20780 0.01719 0.02999
0 0.34766 0.18166 0.01510 0.02057
0 0.33802 0.19066 0.01771 0.02485
0 0.34974 0.20651 0.02031 0.03085
0 0.36484 0.22065 0.01823 0.02828
0 0.32891 0.20223 0.01510 0.02399
0 0.34036 0.21551 0.02031 0.02656
0 0.30156 0.24122 0.01250 0.01628
0 0.31068 0.22622 0.01198 0.02057
0 0.31979 0.21508 0.01562 0.02571
0 0.33047 0.22665 0.02240 0.02485
0 0.35312 0.23479 0.02292 0.02742
0 0.34167 0.24979 0.02187 0.03171
0 0.31849 0.24207 0.02344 0.02828
0 0.32917 0.26092 0.02292 0.03513
0 0.30156 0.26050 0.02083 0.02399
0 0.31901 0.27078 0.02031 0.03428
0 0.41458 0.15638 0.01458 0.02999
0 0.41276 0.16838 0.01719 0.02656
0 0.41120 0.19109 0.01927 0.03599
0 0.40417 0.20223 0.01771 0.02913
0 0.39714 0.21679 0.02031 0.03428
0 0.38672 0.22708 0.02344 0.03256
0 0.37604 0.24293 0.02292 0.03513
0 0.36250 0.25921 0.02083 0.03513
0 0.35365 0.27121 0.01875 0.02485
0 0.34427 0.28363 0.02187 0.03428
0 0.33438 0.29606 0.02396 0.03342
0 0.45338 0.22365 0.01094 0.02399
0 0.44167 0.21080 0.01250 0.02913
0 0.44167 0.25236 0.00625 0.01457
0 0.44714 0.23608 0.01198 0.02656
0 0.43620 0.23008 0.01302 0.03685
0 0.43073 0.24850 0.01667 0.03428
0 0.43281 0.27164 0.00729 0.02057
0 0.42344 0.26221 0.01354 0.03256
0 0.41641 0.27335 0.01302 0.03599
0 0.40599 0.28063 0.01823 0.02999
0 0.42630 0.28877 0.01094 0.02571
0 0.41927 0.30206 0.01146 0.02485
0 0.42474 0.30763 0.00573 0.01542
0 0.41953 0.31920 0.00990 0.01971
0 0.41068 0.33376 0.00781 0.01971
0 0.41042 0.32476 0.01042 0.02228
0 0.40964 0.30805 0.01198 0.02828
0 0.39792 0.29734 0.01667 0.03770
0 0.40208 0.34362 0.00938 0.01885
0 0.40104 0.32734 0.00938 0.02913
0 0.39115 0.30934 0.01667 0.03599
0 0.38099 0.32219 0.01719 0.03599
0 0.39401 0.33719 0.01198 0.02656
0 0.38411 0.34319 0.01302 0.01457
0 0.37318 0.33333 0.01719 0.03428
0 0.36328 0.34233 0.01719 0.02828
0 0.35469 0.35433 0.01458 0.02656
0 0.34714 0.36975 0.01094 0.02656
0 0.33932 0.38689 0.01406 0.02656
0 0.33516 0.42673 0.00781 0.01885
0 0.33750 0.43959 0.00729 0.02228
0 0.32995 0.45630 0.00990 0.02142
0 0.32865 0.44173 0.01042 0.02142
0 0.33437 0.40488 0.01354 0.02999
0 0.32604 0.41517 0.01875 0.03513
0 0.31641 0.43273 0.01823 0.03599
0 0.31927 0.46144 0.01146 0.03171
0 0.30625 0.44602 0.01562 0.02999
0 0.29688 0.45801 0.01875 0.03513
0 0.31172 0.48415 0.00990 0.01371
0 0.31042 0.47044 0.01250 0.02228
0 0.30130 0.49100 0.01094 0.03256
0 0.29922 0.48329 0.01198 0.02742
0 0.28776 0.47129 0.01615 0.03770
0 0.28880 0.50343 0.01510 0.02999
0 0.27708 0.48500 0.01771 0.03599
0 0.26328 0.49100 0.02344 0.03256
0 0.27656 0.51500 0.01354 0.02742
0 0.26875 0.52828 0.01250 0.03171
0 0.25912 0.50771 0.02240 0.03856
0 0.25260 0.52099 0.02083 0.03770
0 0.25755 0.54542 0.01510 0.02828
0 0.24349 0.55784 0.01719 0.02399
0 0.24323 0.54027 0.01250 0.03171
0 0.24010 0.51971 0.00625 0.03342
0 0.42812 0.19880 0.01667 0.03599
0 0.42188 0.21979 0.01771 0.03685
0 0.41432 0.23436 0.01510 0.04027
0 0.40625 0.24807 0.01667 0.03513
0 0.39505 0.25835 0.01719 0.03342
0 0.38672 0.26949 0.02031 0.03856
0 0.37969 0.28021 0.01667 0.04284
0 0.37135 0.29306 0.01875 0.03599
0 0.36276 0.30291 0.01719 0.04027
0 0.35417 0.31662 0.01771 0.03513
0 0.34609 0.32819 0.01719 0.03599
0 0.33932 0.34447 0.01719 0.03428
0 0.33229 0.36332 0.01875 0.03256
0 0.32474 0.37961 0.01719 0.03085
0 0.31589 0.39332 0.01719 0.02913
0 0.32656 0.30977 0.02083 0.03513
0 0.30885 0.28449 0.02396 0.02742
0 0.30937 0.30934 0.02083 0.03599
0 0.32187 0.33119 0.01979 0.03171
0 0.31198 0.34704 0.02396 0.03942
0 0.30338 0.36204 0.02552 0.03856
0 0.29375 0.37532 0.02500 0.03770
0 0.29766 0.32177 0.01823 0.02999
0 0.29245 0.29606 0.02031 0.02656
0 0.28984 0.27464 0.01927 0.02656
0 0.27943 0.26907 0.01406 0.02742
0 0.26719 0.26135 0.01354 0.01885
0 0.25833 0.27849 0.01146 0.02913
0 0.26719 0.28278 0.01771 0.03085
0 0.27422 0.29520 0.01927 0.02828
0 0.25938 0.30291 0.01250 0.02485
0 0.27891 0.31363 0.02031 0.02571
0 0.28724 0.33633 0.02240 0.03342
0 0.26719 0.32476 0.01771 0.03256
0 0.27630 0.35347 0.02135 0.03685
0 0.25807 0.34319 0.01719 0.02828
0 0.30625 0.40831 0.02083 0.02999
0 0.28385 0.39332 0.02187 0.03942
0 0.29713 0.42245 0.02135 0.03599
0 0.28620 0.43059 0.01823 0.04199
0 0.27682 0.44859 0.02135 0.03856
0 0.26484 0.46701 0.01927 0.03256
0 0.25547 0.43359 0.02344 0.04113
0 0.26771 0.41345 0.01979 0.03513
0 0.26484 0.37704 0.02135 0.04113
0 0.24792 0.36504 0.01562 0.03085
0 0.25313 0.39117 0.02396 0.03856
0 0.24063 0.40617 0.02500 0.03770
0 0.23151 0.42116 0.02240 0.03685
0 0.22344 0.43102 0.02292 0.04284
0 0.24245 0.46015 0.02552 0.04456
0 0.24088 0.48201 0.02240 0.04713
