0 0.59974 0.20156 0.03594 0.04896
0 0.63620 0.20521 0.03906 0.05625
0 0.62083 0.25833 0.03125 0.06042
0 0.64740 0.26302 0.02604 0.04687
0 0.67787 0.26771 0.03906 0.04583
0 0.67188 0.21510 0.03542 0.04896
0 0.71016 0.26927 0.02760 0.03646
0 0.70521 0.22188 0.03333 0.04792
0 0.74010 0.23073 0.04167 0.03854
0 0.73698 0.27292 0.02604 0.04583
0 0.76380 0.27396 0.02865 0.03958
0 0.78776 0.27552 0.02135 0.03021
0 0.77760 0.24062 0.03646 0.03542
0 0.81094 0.26146 0.03125 0.06458
0 0.84010 0.26979 0.03021 0.06458
0 0.87448 0.27135 0.03958 0.05521
0 0.91120 0.27969 0.03594 0.04479
0 0.94141 0.29948 0.03281 0.04271
0 0.96979 0.34740 0.02500 0.06562
0 0.94766 0.34479 0.02240 0.06250
0 0.92422 0.34323 0.02969 0.06354
0 0.89662 0.33958 0.03073 0.06667
0 0.87187 0.34010 0.02292 0.06771
0 0.84766 0.34115 0.02969 0.06563
0 0.81927 0.34010 0.03021 0.06979
0 0.79010 0.33646 0.03229 0.06875
0 0.75859 0.33281 0.03802 0.06146
0 0.72474 0.32865 0.03177 0.07396
0 0.69453 0.32656 0.03698 0.07812
0 0.63385 0.32656 0.03125 0.08021
0 0.66120 0.32812 0.03385 0.08125
0 0.67344 0.41198 0.03542 0.08646
0 0.70547 0.41094 0.03490 0.08229
0 0.73412 0.41302 0.02865 0.08229
0 0.76172 0.41563 0.03073 0.09167
0 0.79193 0.42135 0.03490 0.08646
0 0.82083 0.42135 0.02500 0.07188
0 0.84662 0.41979 0.03073 0.08333
0 0.87370 0.41562 0.02760 0.07292
0 0.97057 0.57396 0.02448 0.06875
0 0.94740 0.57708 0.02500 0.07708
0 0.92135 0.58438 0.03125 0.07500
0 0.90052 0.41198 0.02917 0.07188
0 0.92943 0.41510 0.03073 0.07187
0 0.95234 0.41302 0.01927 0.06354
0 0.96719 0.41354 0.01458 0.05000
0 0.98359 0.40833 0.02135 0.06875
0 0.96849 0.48958 0.02552 0.08333
0 0.94844 0.49010 0.01875 0.08229
0 0.92839 0.49583 0.02552 0.08333
0 0.98594 0.56615 0.01146 0.07396
0 0.98490 0.48698 0.00937 0.08854
0 0.64766 0.40885 0.02865 0.09271
0 0.59922 0.54375 0.03073 0.12083
0 0.62656 0.54062 0.03437 0.12917
0 0.65495 0.52135 0.03698 0.11979
0 0.89401 0.58542 0.02760 0.07708
0 0.90182 0.49740 0.03385 0.09271
0 0.87083 0.50625 0.03333 0.10208
0 0.83828 0.51302 0.03698 0.10937
0 0.80833 0.51771 0.03125 0.10417
0 0.77943 0.52917 0.03490 0.11875
0 0.74818 0.52031 0.03177 0.10521
0 0.72162 0.51771 0.02969 0.11667
0 0.69037 0.51458 0.03698 0.11667
0 0.86589 0.60052 0.03281 0.07812
0 0.83828 0.61406 0.02865 0.08646
0 0.80964 0.62292 0.03385 0.09792
0 0.77995 0.63229 0.02969 0.07708
0 0.75260 0.62813 0.03229 0.08750
0 0.72188 0.62188 0.03333 0.07917
0 0.97760 0.62813 0.02917 0.05417
0 0.95365 0.63906 0.02188 0.04479
0 0.97031 0.67656 0.02813 0.05937
0 0.93021 0.64948 0.02604 0.04688
0 0.90599 0.65885 0.02552 0.05937
0 0.94115 0.70781 0.03854 0.06979
0 0.90755 0.72240 0.02969 0.06771
0 0.87344 0.73958 0.04167 0.05000
0 0.87969 0.67500 0.03021 0.07292
0 0.85130 0.68594 0.03177 0.06354
0 0.82135 0.69792 0.03125 0.06250
0 0.79036 0.70938 0.03177 0.07292
0 0.83281 0.75937 0.04375 0.05625
0 0.79505 0.77604 0.03802 0.04792
0 0.76172 0.78177 0.03281 0.05938
0 0.73047 0.79479 0.03281 0.06667
0 0.70078 0.80104 0.03281 0.05625
0 0.76042 0.70833 0.03021 0.07708
0 0.73151 0.71510 0.03281 0.08646
0 0.70000 0.71771 0.03542 0.09583
0 0.66588 0.72865 0.03802 0.08229
0 0.63307 0.73646 0.03177 0.06875
0 0.69036 0.62396 0.03385 0.08125
0 0.65859 0.63646 0.03281 0.08958
0 0.62865 0.64740 0.03125 0.08021
0 0.60000 0.65313 0.03021 0.08333
0 0.57838 0.74896 0.03073 0.07292
0 0.60547 0.74531 0.02969 0.06979
0 0.67005 0.80885 0.03698 0.06146
0 0.63542 0.81146 0.03854 0.06042
0 0.60026 0.81406 0.03490 0.05938
0 0.38828 0.25000 0.03385 0.07500
0 0.35990 0.25104 0.02812 0.07500
0 0.32969 0.24583 0.03646 0.08750
0 0.29688 0.24896 0.03229 0.08125
0 0.36146 0.18229 0.03229 0.05208
0 0.32917 0.17448 0.03125 0.05521
0 0.30286 0.17656 0.02760 0.05937
0 0.27708 0.17344 0.02604 0.05521
0 0.24922 0.17031 0.03281 0.06354
0 0.15729 0.16667 0.03333 0.07500
0 0.12760 0.16927 0.03333 0.06354
0 0.21953 0.16927 0.02865 0.06562
0 0.18906 0.17135 0.03438 0.06354
0 0.26562 0.24635 0.03542 0.08021
0 0.23490 0.24740 0.03438 0.06771
0 0.20078 0.24427 0.03698 0.07604
0 0.16745 0.24219 0.03281 0.06562
0 0.09609 0.16823 0.03281 0.06771
0 0.06068 0.17031 0.04115 0.06354
0 0.13568 0.24948 0.03281 0.07396
0 0.10260 0.24427 0.03750 0.07396
0 0.06589 0.24844 0.03698 0.06146
0 0.03359 0.24792 0.02865 0.05833
0 0.55807 0.79010 0.05260 0.11146
0 0.52578 0.81927 0.03594 0.04271
0 0.48932 0.82604 0.03802 0.04583
0 0.51823 0.76302 0.03125 0.07187
0 0.48724 0.78854 0.03594 0.10208
0 0.45651 0.82396 0.03177 0.03958
0 0.42708 0.82344 0.03021 0.04896
0 0.45547 0.77240 0.03385 0.06354
0 0.42448 0.77708 0.03229 0.05000
0 0.39557 0.80677 0.03698 0.07812
0 0.36068 0.81615 0.04115 0.05938
0 0.32344 0.81302 0.03750 0.06354
0 0.28698 0.82135 0.03958 0.06771
0 0.25339 0.82552 0.03281 0.05729
0 0.22135 0.83073 0.03542 0.07396
0 0.18672 0.82969 0.03490 0.06562
0 0.15208 0.82500 0.04062 0.06667
0 0.11484 0.83646 0.03802 0.07292
0 0.07656 0.82500 0.04479 0.05833
0 0.57083 0.66510 0.02187 0.08646
0 0.56953 0.60417 0.01302 0.02917
0 0.52578 0.56979 0.03281 0.08750
0 0.50547 0.56927 0.02760 0.09896
0 0.48281 0.58906 0.02708 0.09479
0 0.46094 0.58802 0.02708 0.09271
0 0.43750 0.59740 0.03958 0.10521
0 0.40469 0.60885 0.03542 0.11563
0 0.37448 0.61615 0.03542 0.12396
0 0.34375 0.62396 0.03854 0.12083
0 0.52578 0.67083 0.03281 0.10417
0 0.50104 0.67917 0.03021 0.09792
0 0.45547 0.69375 0.07656 0.10208
0 0.40469 0.71406 0.03646 0.08229
0 0.37057 0.72760 0.03385 0.09062
0 0.33776 0.73438 0.03385 0.08958
0 0.30625 0.74323 0.03438 0.08437
0 0.26953 0.74948 0.04844 0.08646
0 0.23333 0.74479 0.03021 0.08750
0 0.19896 0.74531 0.04271 0.09062
0 0.16510 0.74479 0.03646 0.08125
0 0.12891 0.74635 0.04219 0.09479
0 0.09063 0.75313 0.04167 0.08542
0 0.04896 0.74948 0.04583 0.08854
0 0.31172 0.62760 0.04323 0.12187
0 0.27526 0.63594 0.03802 0.10938
0 0.24115 0.63854 0.03646 0.10417
0 0.20677 0.64062 0.03438 0.10208
0 0.17630 0.64115 0.03385 0.11146
0 0.13802 0.64062 0.04479 0.10833
0 0.09583 0.64010 0.04479 0.11979
0 0.05885 0.63750 0.03750 0.11250
0 0.02604 0.63385 0.03229 0.11562
0 0.49505 0.48073 0.04635 0.07604
0 0.46979 0.48542 0.03229 0.08333
0 0.44479 0.49219 0.03125 0.08437
0 0.41328 0.49531 0.03698 0.10312
0 0.45078 0.40573 0.04427 0.07188
0 0.44062 0.40781 0.02396 0.06146
0 0.41406 0.40052 0.03333 0.07396
0 0.38255 0.40469 0.03281 0.08021
0 0.41927 0.32292 0.03229 0.06667
0 0.39193 0.32969 0.03073 0.06771
0 0.36042 0.32812 0.03854 0.07083
0 0.32604 0.32448 0.03542 0.06979
0 0.29713 0.33333 0.03281 0.07917
0 0.26693 0.33125 0.03281 0.07708
0 0.23542 0.33177 0.03854 0.08646
0 0.20781 0.33646 0.03229 0.08333
0 0.17891 0.33594 0.03281 0.08437
0 0.14557 0.33438 0.04115 0.08542
0 0.10833 0.33333 0.04062 0.08333
0 0.06719 0.33177 0.05000 0.08021
0 0.02760 0.32708 0.03333 0.08125
0 0.03255 0.42240 0.05052 0.11354
0 0.38021 0.50104 0.03750 0.10417
0 0.34688 0.51094 0.03750 0.10313
0 0.31693 0.51927 0.03698 0.09271
0 0.35365 0.40729 0.03750 0.09583
0 0.32057 0.41562 0.03594 0.10208
0 0.29063 0.42083 0.03333 0.08958
0 0.28698 0.52135 0.03437 0.09896
0 0.25391 0.52656 0.03698 0.11146
0 0.26068 0.42552 0.03490 0.09271
0 0.22162 0.53490 0.03490 0.10521
0 0.22604 0.42813 0.04271 0.10208
0 0.19063 0.53698 0.03437 0.10104
0 0.19193 0.43281 0.03698 0.09688
0 0.15729 0.53594 0.03333 0.09896
0 0.15781 0.43333 0.03958 0.09792
0 0.12109 0.53333 0.04219 0.10208
0 0.11875 0.43385 0.04479 0.09271
0 0.07708 0.42552 0.04896 0.09479
0 0.08047 0.53125 0.04531 0.09583
0 0.04062 0.53333 0.04271 0.09167
