0 0.54244 0.27263 0.05139 0.04634
0 0.47546 0.27198 0.04561 0.01992
0 0.43534 0.29082 0.03233 0.01083
0 0.40676 0.30446 0.01674 0.00866
0 0.37471 0.31984 0.01617 0.00823
0 0.34411 0.34236 0.03926 0.03075
0 0.30947 0.34993 0.02656 0.01126
0 0.28002 0.36488 0.02194 0.01256
0 0.23903 0.38458 0.01732 0.01299
0 0.20756 0.40234 0.02252 0.01472
0 0.20294 0.64747 0.08141 0.06410
0 0.16224 0.66847 0.07621 0.06107
0 0.13164 0.69164 0.07852 0.05890
0 0.70958 0.45951 0.07159 0.06150
0 0.76905 0.47813 0.06351 0.05803
0 0.72979 0.50433 0.06005 0.04374
0 0.66975 0.48289 0.06351 0.06150
0 0.69775 0.52079 0.05139 0.04721
0 0.66628 0.53855 0.05196 0.04028
0 0.63626 0.50715 0.05543 0.05284
0 0.59613 0.52187 0.06062 0.05110
0 0.63222 0.55370 0.04965 0.04547
0 0.59902 0.56951 0.05485 0.04331
0 0.55601 0.53984 0.06236 0.05327
0 0.55889 0.58770 0.06467 0.04504
0 0.51703 0.55890 0.06293 0.05414
0 0.52136 0.60394 0.04965 0.04114
0 0.47546 0.57514 0.06640 0.05284
0 0.48961 0.64227 0.03002 0.01386
0 0.48383 0.61932 0.06120 0.04417
0 0.42956 0.59420 0.06351 0.05197
0 0.45150 0.64075 0.06005 0.05327
0 0.39232 0.62170 0.06986 0.05067
0 0.41772 0.66263 0.06524 0.04764
0 0.35393 0.64292 0.07044 0.05240
0 0.39723 0.69402 0.04042 0.03075
0 0.37933 0.67952 0.06005 0.03898
0 0.31322 0.66782 0.07679 0.05024
0 0.35912 0.71438 0.04388 0.02382
0 0.34786 0.69489 0.06062 0.04114
0 0.32564 0.73235 0.04388 0.02079
0 0.27569 0.68515 0.06986 0.05024
0 0.23643 0.70052 0.07102 0.04807
0 0.27252 0.72867 0.06120 0.03941
0 0.29532 0.74729 0.04677 0.02642
0 0.26443 0.76613 0.04850 0.02252
0 0.23903 0.74838 0.06697 0.03811
0 0.20612 0.72044 0.07044 0.05240
0 0.16801 0.74491 0.07621 0.04764
0 0.21103 0.76657 0.06178 0.03984
0 0.22950 0.78454 0.04677 0.02122
0 0.19226 0.79926 0.03926 0.01949
0 0.17581 0.78541 0.06178 0.03595
0 0.12933 0.76007 0.07275 0.05110
0 0.09296 0.71091 0.07737 0.05760
0 0.05485 0.72845 0.07737 0.06150
0 0.02858 0.74448 0.05716 0.06756
0 0.01068 0.78172 0.02136 0.02945
0 0.09555 0.77891 0.08025 0.05067
0 0.14232 0.80446 0.06409 0.04028
0 0.12500 0.83110 0.04215 0.01906
0 0.10739 0.82265 0.06120 0.03162
0 0.05947 0.80056 0.07621 0.04461
0 0.00606 0.84257 0.01212 0.01602
0 0.02627 0.81702 0.05254 0.04461
0 0.08805 0.84517 0.04446 0.01689
0 0.06553 0.83608 0.06524 0.02815
0 0.03378 0.85492 0.06755 0.03465
0 0.02281 0.87419 0.04561 0.03508
0 0.10162 0.60935 0.07275 0.06063
0 0.07275 0.63447 0.07737 0.06496
0 0.03695 0.65266 0.07275 0.06063
0 0.02338 0.66869 0.04677 0.06496
0 0.02050 0.59160 0.04099 0.05717
0 0.04215 0.57038 0.06351 0.05890
0 0.07679 0.54352 0.05889 0.05803
0 0.00953 0.54482 0.01905 0.04071
0 0.00779 0.51472 0.01559 0.02036
0 0.03060 0.52404 0.04734 0.04418
0 0.03406 0.49654 0.03926 0.02295
0 0.06697 0.50238 0.04965 0.04071
0 0.08545 0.47748 0.05081 0.03595
0 0.10364 0.48094 0.05139 0.03941
0 0.12009 0.52447 0.06813 0.05284
0 0.15473 0.51083 0.06005 0.05154
0 0.12818 0.45626 0.03464 0.02815
0 0.14405 0.46709 0.04561 0.04114
0 0.16946 0.44197 0.04908 0.04288
0 0.26472 0.44565 0.06524 0.05457
0 0.20699 0.42702 0.04677 0.03984
0 0.23903 0.40970 0.05543 0.03898
0 0.27454 0.39195 0.06062 0.04417
0 0.29734 0.42572 0.06351 0.05370
0 0.33256 0.40754 0.06005 0.05457
0 0.30543 0.37484 0.05196 0.04201
0 0.34036 0.36055 0.04792 0.04028
0 0.37818 0.34712 0.06236 0.04807
0 0.40589 0.32741 0.05543 0.04158
0 0.44342 0.31052 0.05889 0.04071
0 0.48383 0.29407 0.07044 0.04591
0 0.51039 0.26483 0.04388 0.02988
0 0.53349 0.28216 0.06582 0.04461
