0 0.89167 0.94961 0.03958 0.10078
0 0.85495 0.89336 0.05885 0.10391
0 0.97474 0.22656 0.05052 0.13750
0 0.96380 0.12070 0.07240 0.14609
0 0.94609 0.04844 0.08281 0.09687
0 0.98125 0.64219 0.03750 0.12344
0 0.97109 0.55391 0.05781 0.11875
0 0.95755 0.46094 0.08490 0.15156
0 0.95052 0.36797 0.09583 0.15625
0 0.91615 0.28164 0.10625 0.15547
0 0.89245 0.17422 0.11927 0.16250
0 0.81432 0.02891 0.10573 0.05781
0 0.86953 0.06680 0.11719 0.13359
0 0.61797 0.61797 0.06406 0.10313
0 0.72656 0.75039 0.07812 0.09453
0 0.50938 0.08867 0.03229 0.08984
0 0.50990 0.18516 0.03646 0.11563
0 0.52005 0.30977 0.03490 0.07734
0 0.53307 0.47695 0.02448 0.08359
0 0.57005 0.50078 0.05885 0.14219
0 0.54870 0.39258 0.07240 0.12578
0 0.54036 0.27891 0.06615 0.11562
0 0.53333 0.05547 0.06146 0.11094
0 0.53802 0.16953 0.06458 0.12344
0 0.58281 0.02461 0.08437 0.04922
0 0.60755 0.06875 0.10156 0.12969
0 0.61693 0.17617 0.12031 0.11953
0 0.61458 0.28281 0.10729 0.12500
0 0.62708 0.39219 0.10417 0.13281
0 0.62917 0.49531 0.11042 0.12812
0 0.65651 0.57891 0.11719 0.12969
0 0.69245 0.66875 0.10260 0.11875
0 0.93646 0.80273 0.12708 0.13359
0 0.92370 0.73242 0.13802 0.14453
0 0.91458 0.64609 0.11146 0.14062
0 0.88620 0.57305 0.11823 0.14609
0 0.86250 0.46875 0.13125 0.15781
0 0.84089 0.37813 0.12448 0.15156
0 0.81667 0.27695 0.10833 0.13984
0 0.79635 0.15234 0.11146 0.16406
0 0.81927 0.78984 0.10938 0.12344
0 0.80469 0.67891 0.12292 0.15000
0 0.77214 0.60547 0.11510 0.14062
0 0.74948 0.51562 0.11042 0.13281
0 0.73229 0.43555 0.11458 0.11797
0 0.72630 0.33555 0.11823 0.11328
0 0.71198 0.22969 0.11771 0.13594
0 0.68281 0.03008 0.11146 0.06016
0 0.70417 0.09961 0.11250 0.14609
