0 0.63177 0.30952 0.01354 0.01171
0 0.61797 0.31460 0.01510 0.01405
0 0.60286 0.31928 0.01823 0.02030
0 0.58906 0.32162 0.01458 0.01561
0 0.64557 0.32006 0.01719 0.02654
0 0.63177 0.32475 0.02083 0.02654
0 0.61719 0.33138 0.01979 0.02420
0 0.59948 0.33529 0.02083 0.02264
0 0.58646 0.33411 0.01354 0.01093
0 0.57187 0.32436 0.02500 0.02108
0 0.65729 0.31772 0.01979 0.02342
0 0.66979 0.31343 0.02292 0.02888
0 0.67891 0.33958 0.02552 0.03903
0 0.66354 0.34192 0.02187 0.03435
0 0.64896 0.34426 0.02812 0.03123
0 0.63333 0.35012 0.02187 0.02888
0 0.61901 0.35168 0.02031 0.02420
0 0.61146 0.37002 0.01250 0.04215
0 0.62526 0.37119 0.02344 0.02420
0 0.64505 0.36885 0.02031 0.01952
0 0.66380 0.36846 0.02240 0.02030
0 0.68281 0.36456 0.01875 0.02342
0 0.69766 0.35987 0.01719 0.02810
0 0.69115 0.33724 0.01979 0.03435
0 0.68412 0.30796 0.02031 0.03201
0 0.69766 0.30640 0.01823 0.02888
0 0.70391 0.33021 0.02031 0.03279
0 0.71432 0.35675 0.02448 0.03435
0 0.73151 0.38095 0.02135 0.02342
0 0.71484 0.38290 0.02344 0.03045
0 0.70026 0.38486 0.02135 0.02810
0 0.68255 0.39032 0.02656 0.03279
0 0.66328 0.38798 0.02552 0.02966
0 0.64453 0.39422 0.02656 0.03591
0 0.62500 0.39500 0.02500 0.03435
0 0.66172 0.41569 0.02448 0.03825
0 0.75469 0.40710 0.02500 0.03513
0 0.73854 0.41179 0.02917 0.04137
0 0.72031 0.41686 0.02708 0.04528
0 0.70260 0.41647 0.02604 0.04137
0 0.68594 0.42350 0.02604 0.04918
0 0.27474 0.41647 0.02344 0.04762
0 0.25755 0.41491 0.03281 0.03045
0 0.23463 0.42272 0.02969 0.02888
0 0.21302 0.43989 0.02188 0.03357
0 0.19635 0.46370 0.02083 0.04996
0 0.20287 0.48751 0.03073 0.06167
0 0.22656 0.45082 0.03437 0.03201
0 0.25729 0.44145 0.03750 0.03357
0 0.22526 0.48712 0.02760 0.04684
0 0.21068 0.52771 0.03073 0.06401
0 0.23099 0.50351 0.01094 0.02030
0 0.22839 0.52849 0.02135 0.03279
0 0.24323 0.49961 0.01562 0.04059
0 0.24688 0.46799 0.02187 0.03201
0 0.26667 0.45238 0.01875 0.02264
0 0.28984 0.39969 0.02031 0.02654
0 0.29531 0.42428 0.03437 0.03825
0 0.37995 0.50507 0.02760 0.05777
0 0.40052 0.50273 0.02813 0.05621
0 0.35990 0.50898 0.03229 0.05621
0 0.33333 0.51171 0.03021 0.06167
0 0.31172 0.52576 0.03385 0.05855
0 0.28203 0.54098 0.03594 0.05621
0 0.25156 0.51717 0.02604 0.05230
0 0.28151 0.48127 0.03281 0.03825
0 0.27682 0.51288 0.03698 0.05933
0 0.30937 0.48009 0.02917 0.03903
0 0.35208 0.46565 0.02917 0.04137
0 0.32943 0.46956 0.03073 0.03981
0 0.29662 0.45746 0.03490 0.02342
0 0.26406 0.47502 0.03125 0.03357
0 0.28073 0.44848 0.02187 0.02108
0 0.30000 0.44145 0.01771 0.01171
0 0.31537 0.44770 0.02760 0.02420
0 0.32213 0.43794 0.00990 0.01093
0 0.33906 0.44223 0.02500 0.02888
0 0.35807 0.43443 0.03073 0.02576
0 0.37318 0.45941 0.02969 0.04450
0 0.39609 0.46058 0.02760 0.04528
0 0.31901 0.41998 0.02969 0.03279
0 0.30859 0.39813 0.02552 0.02810
0 0.33854 0.41452 0.02500 0.03123
0 0.34844 0.40710 0.02187 0.03201
0 0.32448 0.39110 0.02396 0.02810
0 0.34010 0.38564 0.02292 0.02654
0 0.36484 0.40515 0.02344 0.03591
0 0.37213 0.42740 0.01719 0.01952
0 0.38750 0.43208 0.02708 0.02732
0 0.41484 0.45550 0.02760 0.04450
0 0.42083 0.49805 0.02812 0.05777
0 0.44010 0.49337 0.03021 0.05152
0 0.60729 0.40086 0.02396 0.03201
0 0.31406 0.30523 0.01979 0.02186
0 0.32865 0.29860 0.01979 0.01639
0 0.36849 0.29001 0.02656 0.01795
0 0.35026 0.29781 0.02552 0.02576
0 0.34167 0.31343 0.01667 0.01952
0 0.33307 0.32475 0.02448 0.04215
0 0.31901 0.33060 0.02656 0.03825
0 0.30911 0.33724 0.01302 0.03747
0 0.30521 0.36846 0.02396 0.03747
0 0.32292 0.36222 0.02396 0.03591
0 0.33828 0.35949 0.02240 0.03044
0 0.35156 0.35441 0.02083 0.03123
0 0.35365 0.38134 0.02187 0.02732
0 0.36849 0.37978 0.01615 0.02420
0 0.38307 0.39891 0.02448 0.04059
0 0.41250 0.42623 0.02604 0.02654
0 0.39271 0.42467 0.01771 0.02498
0 0.40990 0.41140 0.01875 0.01093
0 0.40000 0.39539 0.02396 0.03513
0 0.76042 0.44653 0.02396 0.04840
0 0.74505 0.45355 0.02656 0.04840
0 0.75703 0.47073 0.01198 0.00781
0 0.72786 0.44535 0.02448 0.01952
0 0.70755 0.44340 0.02760 0.01717
0 0.67057 0.43560 0.01927 0.01093
0 0.64740 0.42194 0.02812 0.02888
0 0.62682 0.41998 0.02656 0.02030
0 0.60781 0.41959 0.01771 0.01015
0 0.41927 0.39735 0.01667 0.02030
0 0.43333 0.41530 0.03021 0.02810
0 0.43411 0.44887 0.03073 0.04215
0 0.45937 0.48712 0.02917 0.05308
0 0.47813 0.47658 0.03438 0.05074
0 0.44974 0.44223 0.03177 0.04137
0 0.47135 0.43599 0.02708 0.03357
0 0.49193 0.44184 0.01927 0.01561
0 0.49583 0.46721 0.03021 0.04762
0 0.51250 0.46214 0.02813 0.04059
0 0.53646 0.46760 0.02500 0.03123
0 0.59063 0.41023 0.01875 0.02576
0 0.55495 0.45433 0.01719 0.02810
0 0.57083 0.43872 0.01875 0.02498
0 0.57865 0.42350 0.00937 0.01483
0 0.58412 0.42818 0.01302 0.01327
0 0.53828 0.50351 0.01719 0.05152
0 0.52292 0.50820 0.02812 0.05777
0 0.50339 0.51483 0.02865 0.05543
0 0.53802 0.53396 0.02187 0.02186
0 0.52031 0.54137 0.02083 0.01639
0 0.50287 0.54684 0.02344 0.01639
0 0.48542 0.52537 0.02812 0.05464
0 0.46615 0.53318 0.02812 0.04996
0 0.44688 0.54059 0.02812 0.05074
0 0.42786 0.54723 0.02656 0.05152
0 0.41276 0.55191 0.02240 0.05308
0 0.39323 0.55308 0.02708 0.06011
0 0.37318 0.56128 0.02865 0.06401
0 0.34870 0.56245 0.02865 0.06167
0 0.40625 0.58041 0.01771 0.01015
0 0.38646 0.58977 0.02917 0.02420
0 0.35443 0.60734 0.03490 0.04840
0 0.31302 0.69555 0.03646 0.06089
0 0.25859 0.71663 0.01615 0.01874
0 0.27865 0.72170 0.02500 0.04606
0 0.30365 0.73575 0.02708 0.02888
0 0.28464 0.69633 0.02865 0.06401
0 0.44922 0.86612 0.02865 0.03825
0 0.47057 0.86261 0.02448 0.03435
0 0.48854 0.85987 0.02292 0.03513
0 0.50885 0.85012 0.02396 0.03903
0 0.52604 0.84270 0.01667 0.03201
0 0.54141 0.83607 0.02448 0.03747
0 0.55781 0.83177 0.01979 0.03201
0 0.57318 0.82826 0.02031 0.02342
0 0.58594 0.82709 0.02083 0.01952
0 0.60521 0.81772 0.02292 0.02888
0 0.62187 0.81226 0.02188 0.02888
0 0.63906 0.80172 0.02083 0.02966
0 0.42943 0.87236 0.02240 0.03981
0 0.40417 0.87900 0.03542 0.02342
0 0.38151 0.86027 0.03177 0.03123
0 0.43958 0.84075 0.03958 0.04372
0 0.47109 0.82670 0.02760 0.05464
0 0.49010 0.82162 0.02500 0.05699
0 0.50911 0.81733 0.02031 0.04684
0 0.52995 0.80640 0.02552 0.05308
0 0.54792 0.80016 0.01979 0.05152
0 0.56432 0.79742 0.02031 0.05230
0 0.57760 0.79586 0.02292 0.04762
0 0.59219 0.79430 0.02604 0.04918
0 0.61172 0.78415 0.01719 0.04606
0 0.62760 0.77869 0.01979 0.04450
0 0.64427 0.77166 0.02188 0.04450
0 0.65495 0.79664 0.01719 0.02108
0 0.65912 0.76854 0.02135 0.03825
0 0.69245 0.76112 0.01823 0.03435
0 0.67526 0.76542 0.02031 0.03825
0 0.66719 0.79352 0.01979 0.02108
0 0.68203 0.78493 0.01510 0.01795
0 0.69505 0.78376 0.01823 0.01561
0 0.71172 0.77635 0.00990 0.00859
0 0.70625 0.76190 0.02292 0.04059
0 0.72109 0.75722 0.01615 0.03591
0 0.73385 0.75605 0.02292 0.03357
0 0.75104 0.74902 0.02292 0.03513
0 0.76771 0.74356 0.01771 0.02888
0 0.78359 0.73614 0.01823 0.02342
0 0.79740 0.73068 0.01979 0.02498
0 0.81120 0.72404 0.01302 0.01639
0 0.82370 0.71780 0.01406 0.01483
0 0.83854 0.70804 0.01562 0.01405
0 0.85286 0.70101 0.01615 0.01249
0 0.86615 0.69360 0.01250 0.01171
0 0.88099 0.67486 0.01823 0.03357
0 0.89557 0.66706 0.01823 0.02888
0 0.90990 0.65964 0.01354 0.01561
0 0.92240 0.64949 0.01562 0.01561
0 0.93776 0.63817 0.02031 0.02576
0 0.95547 0.63076 0.02031 0.02186
0 0.97109 0.61592 0.01615 0.01405
0 0.97630 0.59875 0.01823 0.02810
0 0.95859 0.60812 0.02031 0.03435
0 0.94349 0.61593 0.01823 0.03747
0 0.92917 0.62139 0.01667 0.04059
0 0.91458 0.63271 0.02187 0.04450
0 0.89870 0.63583 0.02135 0.05074
0 0.88385 0.63778 0.02083 0.04684
0 0.86849 0.64169 0.01823 0.04840
0 0.86797 0.67760 0.01510 0.03279
0 0.85365 0.68384 0.01771 0.03435
0 0.83932 0.69555 0.01823 0.02966
0 0.82318 0.69633 0.02031 0.04215
0 0.80885 0.69945 0.01771 0.04215
0 0.79297 0.70101 0.01823 0.04684
0 0.77891 0.70609 0.02031 0.04918
0 0.76302 0.71429 0.01667 0.04372
0 0.74766 0.71780 0.02031 0.04450
0 0.73281 0.72092 0.01979 0.04606
0 0.71771 0.71975 0.02083 0.05152
0 0.70052 0.72248 0.02604 0.05386
0 0.67786 0.71975 0.02760 0.05621
0 0.66120 0.72443 0.02656 0.05621
0 0.64792 0.72678 0.01771 0.05152
0 0.63099 0.72795 0.02448 0.06011
0 0.61224 0.73341 0.02240 0.06167
0 0.59922 0.74083 0.02031 0.05933
0 0.85234 0.65027 0.02135 0.04996
0 0.83516 0.65691 0.01823 0.04918
0 0.81953 0.66003 0.02031 0.05074
0 0.79870 0.66550 0.02656 0.04918
0 0.77865 0.66589 0.01875 0.04996
0 0.76198 0.67291 0.02292 0.06245
0 0.74427 0.67564 0.02292 0.06167
0 0.72656 0.67174 0.02604 0.06323
0 0.70990 0.67213 0.02187 0.06089
0 0.69349 0.67174 0.02240 0.06167
0 0.67344 0.67135 0.02708 0.05933
0 0.65469 0.67525 0.02500 0.06089
0 0.63698 0.67916 0.02813 0.06089
0 0.61328 0.67799 0.03073 0.06167
0 0.59297 0.68423 0.02240 0.05699
0 0.58281 0.74200 0.02396 0.06479
0 0.56771 0.74395 0.02396 0.06557
0 0.55339 0.74824 0.02240 0.06167
0 0.53125 0.75254 0.03021 0.06089
0 0.57500 0.68852 0.02812 0.06401
0 0.55182 0.68579 0.02969 0.06323
0 0.53880 0.69477 0.02552 0.06714
0 0.51641 0.69516 0.02760 0.06792
0 0.51354 0.75995 0.02292 0.07260
0 0.49713 0.76425 0.02135 0.07182
0 0.47240 0.77244 0.03333 0.06635
0 0.45104 0.80016 0.03750 0.06089
0 0.41510 0.80718 0.03542 0.05308
0 0.40000 0.75800 0.03958 0.06870
0 0.43516 0.76776 0.03594 0.05855
0 0.45391 0.72795 0.03385 0.06792
0 0.49713 0.69984 0.03073 0.06479
0 0.47422 0.71116 0.04010 0.06714
0 0.59323 0.63037 0.02292 0.06323
0 0.57526 0.62959 0.02656 0.06167
0 0.55677 0.62998 0.02708 0.06089
0 0.53646 0.63154 0.02917 0.05933
0 0.52083 0.63934 0.02917 0.06245
0 0.49687 0.63817 0.02917 0.06323
0 0.47552 0.64442 0.03854 0.06323
0 0.45495 0.65886 0.03906 0.06245
0 0.41979 0.71507 0.03854 0.05621
0 0.43151 0.67603 0.04115 0.05777
0 0.38698 0.70609 0.03646 0.06011
0 0.37995 0.66510 0.04010 0.05152
0 0.40729 0.64520 0.03438 0.06323
0 0.43724 0.62178 0.04115 0.05699
0 0.34870 0.65144 0.02969 0.05230
0 0.37344 0.62451 0.03854 0.04684
0 0.40078 0.60539 0.03802 0.04137
0 0.42526 0.58665 0.03385 0.03045
0 0.45104 0.60461 0.03646 0.04294
0 0.47396 0.59758 0.03125 0.03357
0 0.44818 0.57572 0.03281 0.02420
0 0.46927 0.56987 0.03542 0.02654
0 0.49505 0.59524 0.03073 0.04137
0 0.57083 0.58236 0.02917 0.04528
0 0.55052 0.58392 0.02917 0.04372
0 0.53255 0.58509 0.02969 0.04450
0 0.51354 0.58938 0.03229 0.04528
0 0.97786 0.57221 0.02344 0.04840
0 0.96094 0.57650 0.01979 0.04606
0 0.94609 0.57728 0.02135 0.05074
0 0.92917 0.58119 0.02083 0.05074
0 0.91406 0.58977 0.01979 0.05074
0 0.89818 0.59172 0.02031 0.05308
0 0.88203 0.59407 0.01927 0.05777
0 0.86615 0.59602 0.02187 0.05543
0 0.85260 0.60148 0.02396 0.05386
0 0.97109 0.53669 0.02344 0.04450
0 0.95104 0.53513 0.02396 0.04918
0 0.93385 0.53786 0.02188 0.05152
0 0.91641 0.54137 0.02552 0.05074
0 0.90000 0.54567 0.02396 0.05308
0 0.88203 0.54645 0.02344 0.04840
0 0.86771 0.54918 0.02396 0.04918
0 0.85104 0.55191 0.02812 0.05464
0 0.91719 0.49922 0.02292 0.04762
0 0.90026 0.49922 0.02552 0.04606
0 0.88307 0.50273 0.02448 0.04840
0 0.86719 0.50664 0.02708 0.04528
0 0.93672 0.49883 0.02552 0.04372
0 0.95807 0.49727 0.02760 0.04528
0 0.96172 0.46838 0.02656 0.03747
0 0.93724 0.46409 0.03073 0.03357
0 0.91823 0.46604 0.02708 0.03591
0 0.89661 0.46682 0.02760 0.03591
0 0.87865 0.46721 0.02604 0.03201
0 0.86042 0.47112 0.02604 0.02888
0 0.94193 0.44223 0.02552 0.02732
0 0.91771 0.43911 0.02917 0.02576
0 0.89635 0.44262 0.02500 0.02030
0 0.87500 0.44614 0.02396 0.01795
0 0.85599 0.45160 0.01927 0.01483
0 0.83646 0.45355 0.02500 0.01717
0 0.85026 0.50781 0.02344 0.04294
0 0.84349 0.47424 0.02344 0.03201
0 0.82214 0.46136 0.01927 0.01093
0 0.82682 0.47697 0.02135 0.02810
0 0.83516 0.50898 0.02552 0.04528
0 0.81979 0.51366 0.02396 0.04215
0 0.83412 0.55582 0.02865 0.05308
0 0.82005 0.55816 0.02448 0.05152
0 0.83776 0.60656 0.02240 0.05933
0 0.82213 0.60890 0.02344 0.05933
0 0.80443 0.61554 0.02344 0.05855
0 0.78698 0.61944 0.02187 0.06011
0 0.77109 0.61905 0.02240 0.06245
0 0.29870 0.57182 0.03698 0.06792
0 0.60963 0.62217 0.02656 0.06401
0 0.62943 0.62295 0.02656 0.06089
0 0.64479 0.61827 0.02708 0.05777
0 0.66354 0.61749 0.02500 0.06401
0 0.75573 0.62022 0.02083 0.05855
0 0.73802 0.61944 0.02500 0.06011
0 0.71823 0.61397 0.02500 0.06167
0 0.70078 0.61554 0.02344 0.06323
0 0.68281 0.61632 0.02708 0.06479
0 0.80365 0.56518 0.02500 0.05152
0 0.59115 0.58002 0.03021 0.04528
0 0.78568 0.56831 0.02344 0.05152
0 0.77005 0.56987 0.02240 0.04840
0 0.75417 0.56948 0.02500 0.05230
0 0.73516 0.56909 0.02656 0.05308
0 0.80469 0.51913 0.02708 0.04684
0 0.81250 0.48087 0.02083 0.03591
0 0.79635 0.48400 0.02813 0.03747
0 0.78828 0.52459 0.02448 0.04996
0 0.77083 0.52459 0.02500 0.04996
0 0.77057 0.46877 0.01615 0.01483
0 0.77448 0.47307 0.01979 0.01093
0 0.77812 0.48946 0.02500 0.03279
0 0.75990 0.48985 0.02396 0.03513
0 0.75234 0.52576 0.02656 0.04606
0 0.73698 0.52966 0.01979 0.03981
0 0.71823 0.57026 0.02083 0.04450
0 0.71771 0.53708 0.02188 0.02498
0 0.70052 0.57182 0.02188 0.03981
0 0.68099 0.57767 0.02031 0.02186
0 0.49010 0.56518 0.03750 0.02498
0 0.50963 0.55972 0.02344 0.02030
0 0.52760 0.55621 0.02708 0.02420
0 0.54766 0.55269 0.03073 0.02342
0 0.55130 0.53981 0.01198 0.00859
0 0.56875 0.55113 0.02917 0.02654
0 0.59089 0.55582 0.02031 0.01717
0 0.66172 0.57963 0.02031 0.02264
0 0.63958 0.57689 0.02604 0.03435
0 0.61484 0.57533 0.03385 0.04528
