0 0.66927 0.62734 0.01771 0.02969
0 0.61979 0.68086 0.01875 0.02422
0 0.63073 0.66328 0.06667 0.07812
0 0.64896 0.65156 0.01667 0.03594
0 0.63880 0.66133 0.01719 0.03203
0 0.59818 0.69805 0.01823 0.03047
0 0.58672 0.71016 0.02135 0.03438
0 0.57526 0.72031 0.02240 0.03594
0 0.56354 0.72500 0.01667 0.03281
0 0.49557 0.77148 0.02031 0.03047
0 0.51094 0.76250 0.02083 0.02344
0 0.55104 0.74258 0.02292 0.03203
0 0.53776 0.75352 0.02031 0.03672
0 0.52708 0.75664 0.02187 0.03516
0 0.47865 0.59805 0.01354 0.01641
0 0.49818 0.57539 0.01406 0.01797
0 0.46849 0.60820 0.01406 0.01641
0 0.57969 0.46484 0.01458 0.02344
0 0.56537 0.47812 0.01615 0.02187
0 0.55443 0.48477 0.01615 0.01797
0 0.54505 0.49336 0.01510 0.01484
0 0.53646 0.50273 0.01354 0.02422
0 0.52838 0.51484 0.01510 0.03281
0 0.51537 0.52227 0.01823 0.03047
0 0.50495 0.53320 0.01094 0.02422
0 0.32838 0.67773 0.01927 0.02422
0 0.30885 0.67852 0.02187 0.02891
0 0.37109 0.68242 0.01406 0.01797
0 0.40495 0.63672 0.02240 0.02344
0 0.38385 0.64961 0.01875 0.03047
0 0.37057 0.66016 0.01719 0.02500
0 0.70156 0.24219 0.01875 0.02187
0 0.68932 0.25547 0.01406 0.03437
0 0.67813 0.32188 0.01667 0.03125
0 0.67865 0.27070 0.01667 0.03203
0 0.64844 0.37773 0.01354 0.02891
0 0.63698 0.39141 0.01562 0.03125
0 0.62344 0.40195 0.01458 0.03047
0 0.61328 0.41094 0.01406 0.02500
0 0.60338 0.41992 0.01510 0.03047
0 0.40260 0.91328 0.01354 0.03750
0 0.40156 0.87891 0.01458 0.04219
0 0.30443 0.91211 0.02552 0.03672
0 0.30495 0.93438 0.00885 0.01094
0 0.28594 0.91719 0.01354 0.01719
0 0.36198 0.94453 0.01771 0.01875
0 0.37786 0.94102 0.02135 0.02109
0 0.38620 0.91875 0.01719 0.03438
0 0.37266 0.92266 0.01510 0.03125
0 0.35807 0.92422 0.01927 0.03594
0 0.33984 0.93047 0.02031 0.03594
0 0.32318 0.93320 0.01927 0.03047
0 0.79662 0.47344 0.01615 0.03750
0 0.78047 0.48242 0.01927 0.02891
0 0.76927 0.49219 0.01979 0.03125
0 0.75859 0.50391 0.01927 0.02969
0 0.74713 0.51484 0.01927 0.03594
0 0.72995 0.53086 0.01927 0.03672
0 0.71849 0.53555 0.01823 0.03672
0 0.70833 0.54258 0.02292 0.04297
0 0.69948 0.55742 0.02083 0.03359
0 0.73672 0.51133 0.01198 0.02422
0 0.74089 0.36094 0.01719 0.01875
0 0.72578 0.36172 0.01823 0.02813
0 0.70964 0.36641 0.01927 0.02187
0 0.68672 0.37461 0.02031 0.02578
0 0.67083 0.38281 0.02396 0.01562
0 0.66901 0.39531 0.02031 0.01719
0 0.65521 0.40352 0.01875 0.01797
0 0.64635 0.41445 0.02083 0.01641
0 0.63490 0.42891 0.01875 0.01562
0 0.62370 0.43906 0.01719 0.00938
0 0.61693 0.44961 0.02240 0.01641
0 0.60286 0.46211 0.02135 0.01328
0 0.59375 0.47422 0.01771 0.01875
0 0.58203 0.48438 0.01927 0.01719
0 0.70026 0.38516 0.02135 0.02344
0 0.69375 0.40469 0.01979 0.03594
0 0.68437 0.41094 0.02292 0.03281
0 0.67318 0.42070 0.02656 0.03047
0 0.65990 0.43086 0.02813 0.03359
0 0.64896 0.44219 0.02500 0.03125
0 0.63698 0.45508 0.01875 0.03203
0 0.62578 0.46758 0.02656 0.03203
0 0.61406 0.48008 0.02187 0.02422
0 0.60625 0.48906 0.02188 0.02500
0 0.59479 0.49883 0.02083 0.02422
0 0.71771 0.40781 0.02500 0.02969
0 0.71719 0.38320 0.01458 0.02422
0 0.73594 0.38438 0.02604 0.02812
0 0.75365 0.37773 0.02083 0.03047
0 0.77448 0.39219 0.01979 0.02813
0 0.77005 0.40781 0.01823 0.03594
0 0.75573 0.41250 0.02083 0.03594
0 0.74010 0.42070 0.02187 0.04297
0 0.71719 0.43398 0.03229 0.04297
0 0.70599 0.44766 0.02552 0.04688
0 0.69010 0.45352 0.02083 0.03828
0 0.67813 0.46445 0.02604 0.03672
0 0.66328 0.47578 0.03073 0.04063
0 0.65182 0.48828 0.02656 0.03594
0 0.64037 0.50000 0.02969 0.03750
0 0.62995 0.51367 0.02448 0.03828
0 0.61771 0.52070 0.02187 0.03828
0 0.78958 0.42070 0.02083 0.03516
0 0.78490 0.44180 0.02500 0.03672
0 0.77005 0.44453 0.02240 0.03125
0 0.75599 0.45234 0.01927 0.03906
0 0.74323 0.46719 0.02500 0.04531
0 0.73047 0.47812 0.02656 0.03750
0 0.71797 0.48945 0.02760 0.04766
0 0.70391 0.49766 0.02344 0.04531
0 0.69036 0.50508 0.02448 0.04297
0 0.68099 0.51836 0.02760 0.04453
0 0.66797 0.53008 0.02865 0.04297
0 0.65703 0.54102 0.02760 0.04766
0 0.64479 0.55156 0.02396 0.04531
0 0.63255 0.56133 0.02344 0.04453
0 0.60443 0.52813 0.02552 0.03438
0 0.59453 0.54219 0.02760 0.03594
0 0.58385 0.55352 0.02812 0.03359
0 0.57031 0.56445 0.02812 0.03047
0 0.58255 0.50781 0.02240 0.02344
0 0.57187 0.51875 0.02187 0.02344
0 0.56510 0.52852 0.02083 0.02266
0 0.56875 0.49727 0.01562 0.01328
0 0.55755 0.50547 0.01927 0.01250
0 0.55000 0.51836 0.02083 0.01484
0 0.53880 0.52852 0.01406 0.01484
0 0.52917 0.54141 0.01562 0.01406
0 0.51797 0.55156 0.01302 0.01719
0 0.50729 0.56133 0.01562 0.01172
0 0.55573 0.53828 0.02187 0.02812
0 0.54427 0.55039 0.02500 0.02891
0 0.53099 0.56289 0.02240 0.02891
0 0.52214 0.57227 0.02344 0.02266
0 0.50937 0.58477 0.02500 0.01953
0 0.49271 0.60000 0.02396 0.02031
0 0.47682 0.61367 0.01823 0.01484
0 0.45885 0.61250 0.01354 0.00937
0 0.43750 0.63242 0.01667 0.01172
0 0.44479 0.62187 0.01146 0.00937
0 0.46068 0.62656 0.02865 0.01875
0 0.44453 0.63711 0.02240 0.01797
0 0.42552 0.64141 0.01354 0.01562
0 0.43464 0.64766 0.02135 0.01562
0 0.41927 0.65898 0.02292 0.01328
0 0.39792 0.68203 0.01146 0.02187
0 0.41641 0.67578 0.02656 0.02188
0 0.55417 0.58086 0.03125 0.03359
0 0.53802 0.59609 0.02500 0.03125
0 0.52474 0.60586 0.02240 0.03516
0 0.51302 0.61523 0.02604 0.03359
0 0.49948 0.62383 0.02396 0.03359
0 0.48828 0.63437 0.02344 0.03438
0 0.47656 0.64492 0.02187 0.03359
0 0.46562 0.65352 0.02083 0.03516
0 0.45469 0.66797 0.02292 0.03750
0 0.44219 0.67578 0.02292 0.02969
0 0.43411 0.68984 0.02760 0.02812
0 0.41849 0.69570 0.02240 0.02578
0 0.61927 0.56914 0.02500 0.04609
0 0.60833 0.58164 0.02500 0.04141
0 0.59635 0.59570 0.02396 0.04609
0 0.58516 0.60391 0.02656 0.04688
0 0.57240 0.61367 0.02604 0.04141
0 0.55912 0.62031 0.02656 0.04375
0 0.54688 0.63047 0.02604 0.03906
0 0.53828 0.64297 0.02344 0.03594
0 0.52578 0.65312 0.02552 0.04062
0 0.51537 0.66289 0.02135 0.04141
0 0.50417 0.67070 0.02708 0.04297
0 0.48828 0.68242 0.02656 0.04297
0 0.47630 0.69648 0.02448 0.03672
0 0.45990 0.70703 0.01875 0.03438
0 0.68828 0.56172 0.01719 0.03125
0 0.67734 0.57070 0.01719 0.02266
0 0.66667 0.58086 0.01771 0.03203
0 0.65547 0.59531 0.02031 0.03906
0 0.64401 0.60547 0.02240 0.04531
0 0.63203 0.61797 0.02240 0.04844
0 0.61979 0.62891 0.02500 0.04688
0 0.60963 0.64023 0.02031 0.03984
0 0.59662 0.64336 0.01927 0.03359
0 0.58490 0.65664 0.02500 0.04297
0 0.57161 0.66836 0.02031 0.05234
0 0.55937 0.67891 0.02188 0.05312
0 0.55104 0.69180 0.02604 0.05234
0 0.53828 0.70078 0.02240 0.05000
0 0.52500 0.70977 0.02187 0.04766
0 0.51380 0.71602 0.02135 0.04609
0 0.50443 0.72773 0.02344 0.04609
0 0.49245 0.73203 0.02240 0.03906
0 0.48177 0.73555 0.02396 0.04453
0 0.44844 0.71602 0.01458 0.02891
0 0.46901 0.74687 0.02448 0.04531
0 0.43776 0.72266 0.01927 0.03906
0 0.45677 0.75352 0.01771 0.04141
0 0.41771 0.72383 0.02708 0.03828
0 0.40312 0.70273 0.01458 0.02734
0 0.38620 0.68711 0.01406 0.01016
0 0.37344 0.69727 0.01667 0.02109
0 0.36172 0.71055 0.01198 0.01641
0 0.38776 0.70703 0.02031 0.03125
0 0.40208 0.73398 0.02604 0.03516
0 0.37448 0.72070 0.01979 0.02891
0 0.38594 0.74297 0.02292 0.03438
0 0.36016 0.73281 0.02135 0.02500
0 0.37083 0.75352 0.02396 0.03828
0 0.32838 0.75352 0.01094 0.01797
0 0.34714 0.75000 0.02552 0.02500
0 0.35807 0.76836 0.01615 0.02266
0 0.34557 0.77852 0.02552 0.03203
0 0.33411 0.76719 0.01094 0.02031
0 0.32344 0.78008 0.01875 0.02734
0 0.30625 0.79062 0.01979 0.02344
0 0.33073 0.79648 0.01875 0.02109
0 0.45443 0.78125 0.00365 0.00312
0 0.46198 0.78945 0.01354 0.02578
0 0.44948 0.79492 0.01667 0.02578
0 0.43724 0.76406 0.03281 0.05000
0 0.42135 0.75977 0.01771 0.03203
0 0.43307 0.79922 0.01927 0.03594
0 0.40964 0.77344 0.02656 0.04531
0 0.39635 0.78398 0.02917 0.04766
0 0.38099 0.79219 0.02656 0.04531
0 0.36797 0.80547 0.02240 0.04844
0 0.35182 0.81445 0.02031 0.04141
0 0.42005 0.81602 0.02135 0.03984
0 0.40521 0.82773 0.02187 0.04453
0 0.38880 0.84141 0.02552 0.04688
0 0.36979 0.85039 0.02500 0.03984
0 0.38568 0.88555 0.01719 0.03984
0 0.36589 0.90000 0.02031 0.01719
0 0.36797 0.88477 0.02135 0.02891
0 0.35208 0.85625 0.02188 0.04375
0 0.33802 0.81953 0.01562 0.02969
0 0.33099 0.83086 0.02344 0.03203
0 0.31380 0.81250 0.02448 0.02344
0 0.29219 0.81055 0.02187 0.01953
0 0.29453 0.82734 0.01927 0.01875
0 0.31198 0.84102 0.02396 0.03203
0 0.33359 0.86523 0.02344 0.03516
0 0.34661 0.89297 0.02344 0.03281
0 0.32734 0.89922 0.02240 0.03125
0 0.31172 0.87500 0.03177 0.03750
0 0.28906 0.89062 0.02500 0.03594
0 0.57838 0.20430 0.02135 0.02109
0 0.58151 0.18711 0.01198 0.01953
0 0.59453 0.19102 0.01510 0.03047
0 0.60469 0.19023 0.01875 0.03984
0 0.60703 0.20742 0.02135 0.03047
0 0.62266 0.19883 0.02552 0.03047
0 0.61823 0.17305 0.02187 0.02266
0 0.63880 0.18633 0.03177 0.02578
0 0.63750 0.16992 0.01979 0.01328
0 0.63542 0.16094 0.01458 0.01250
0 0.65417 0.16445 0.01771 0.02266
0 0.65964 0.17344 0.01510 0.02500
0 0.66875 0.16172 0.01146 0.01875
0 0.67891 0.16875 0.02135 0.02344
0 0.69323 0.18867 0.02292 0.02578
0 0.66953 0.18828 0.02552 0.02812
0 0.59219 0.22109 0.01667 0.02656
0 0.58073 0.23086 0.01458 0.02422
0 0.56797 0.21563 0.01406 0.01562
0 0.55547 0.22461 0.01927 0.02109
0 0.54062 0.23438 0.02292 0.02187
0 0.53203 0.25078 0.02135 0.01875
0 0.51615 0.25977 0.01771 0.01641
0 0.50703 0.27187 0.01615 0.01875
0 0.64766 0.21250 0.02448 0.03281
0 0.63516 0.22227 0.02031 0.03359
0 0.62422 0.23281 0.01719 0.03594
0 0.60729 0.24258 0.03333 0.03672
0 0.60208 0.25195 0.02187 0.03984
0 0.56719 0.23906 0.01771 0.02344
0 0.55625 0.25234 0.01979 0.02969
0 0.54297 0.26602 0.02135 0.03047
0 0.53021 0.27812 0.01667 0.02656
0 0.51406 0.28398 0.02083 0.02734
0 0.58724 0.26289 0.02240 0.03359
0 0.57604 0.26914 0.02188 0.03203
0 0.56328 0.28125 0.02656 0.03125
0 0.55260 0.29336 0.02083 0.02734
0 0.61563 0.25820 0.17396 0.11016
0 0.71224 0.20820 0.01927 0.02422
0 0.70729 0.22188 0.02500 0.02656
0 0.68854 0.21211 0.01979 0.03828
0 0.67344 0.22813 0.02708 0.05469
0 0.65677 0.25039 0.02083 0.04141
0 0.64193 0.26172 0.02240 0.04063
0 0.63203 0.27461 0.01927 0.04141
0 0.66224 0.31211 0.01927 0.03047
0 0.66667 0.28203 0.01250 0.02969
0 0.65807 0.29258 0.01615 0.03828
0 0.64792 0.30742 0.01875 0.03984
0 0.66380 0.33477 0.01823 0.03672
0 0.65234 0.34570 0.01823 0.03516
0 0.64141 0.35430 0.01510 0.03828
0 0.63750 0.31758 0.01771 0.04141
0 0.62135 0.28320 0.01979 0.03828
0 0.60912 0.29375 0.02135 0.03906
0 0.59896 0.30117 0.01875 0.03984
0 0.58672 0.30820 0.02031 0.04141
0 0.57370 0.31992 0.02031 0.04453
0 0.56250 0.32617 0.01875 0.04453
0 0.62526 0.32812 0.02031 0.04375
0 0.61484 0.33750 0.02135 0.04375
0 0.62865 0.36484 0.01354 0.02812
0 0.61589 0.37266 0.01510 0.02656
0 0.60495 0.38008 0.02031 0.02422
0 0.59323 0.38828 0.01771 0.02656
0 0.60208 0.34570 0.01875 0.04141
0 0.59010 0.35352 0.02083 0.04766
0 0.43698 0.34062 0.01875 0.01406
0 0.44688 0.32930 0.01354 0.01328
0 0.45781 0.31719 0.01771 0.01250
0 0.46901 0.30742 0.01719 0.01641
0 0.48359 0.29219 0.01302 0.02031
0 0.49453 0.28750 0.01406 0.01719
0 0.50391 0.29297 0.01510 0.02031
0 0.52656 0.30898 0.02083 0.03359
0 0.51719 0.31992 0.02188 0.03516
0 0.50469 0.32852 0.01875 0.03203
0 0.49219 0.30508 0.01771 0.02422
0 0.47943 0.31680 0.01615 0.02109
0 0.46823 0.32617 0.01875 0.01953
0 0.45625 0.33672 0.01667 0.02187
0 0.44167 0.35195 0.01875 0.01797
0 0.42839 0.36250 0.01927 0.01875
0 0.41875 0.37500 0.01667 0.01875
0 0.40495 0.38516 0.01927 0.02031
0 0.39271 0.39727 0.01979 0.01797
0 0.37734 0.40781 0.02240 0.01719
0 0.36745 0.42266 0.02344 0.01719
0 0.35677 0.43398 0.01667 0.01797
0 0.49115 0.33906 0.02292 0.03438
0 0.48099 0.34727 0.02240 0.02891
0 0.47005 0.35508 0.02656 0.03203
0 0.45781 0.36563 0.02187 0.03281
0 0.44635 0.37773 0.02396 0.03203
0 0.43568 0.38867 0.02031 0.03047
0 0.42213 0.39883 0.01927 0.02891
0 0.41094 0.41250 0.02083 0.02969
0 0.39792 0.42227 0.01875 0.03203
0 0.38854 0.43203 0.01875 0.02812
0 0.37526 0.44023 0.01823 0.02891
0 0.36380 0.44766 0.01615 0.02500
0 0.55000 0.33594 0.02188 0.04219
0 0.53932 0.34727 0.02135 0.04141
0 0.57708 0.36563 0.01979 0.04063
0 0.56510 0.37109 0.02083 0.04375
0 0.55677 0.38398 0.01979 0.04297
0 0.54219 0.38906 0.01979 0.04063
0 0.52422 0.35586 0.02031 0.03672
0 0.51458 0.36523 0.01771 0.03828
0 0.50495 0.37227 0.02240 0.04609
0 0.49453 0.38203 0.02344 0.04063
0 0.48229 0.39102 0.02500 0.04141
0 0.47162 0.40234 0.02031 0.03906
0 0.46224 0.40859 0.02031 0.03906
0 0.44635 0.42148 0.02292 0.04297
0 0.43464 0.43008 0.02344 0.03516
0 0.42370 0.43906 0.02240 0.03437
0 0.41302 0.44609 0.02396 0.03281
0 0.40026 0.45547 0.02031 0.03125
0 0.38828 0.46211 0.01823 0.03359
0 0.53021 0.39766 0.02188 0.04531
0 0.52135 0.41406 0.01979 0.04844
0 0.51250 0.41914 0.01875 0.04297
0 0.50234 0.42500 0.02240 0.03750
0 0.49193 0.43203 0.02135 0.03906
0 0.47995 0.44258 0.01615 0.03984
0 0.46615 0.44961 0.02083 0.04297
0 0.45651 0.46172 0.01823 0.03906
0 0.44583 0.46719 0.01979 0.04219
0 0.43490 0.47305 0.01979 0.03672
0 0.50156 0.44375 0.17604 0.12031
0 0.57135 0.41406 0.01667 0.03750
0 0.55833 0.42656 0.01771 0.04219
0 0.54141 0.42852 0.02135 0.03828
0 0.52865 0.45586 0.01667 0.02266
0 0.59219 0.43242 0.01458 0.03203
0 0.58099 0.44258 0.01302 0.02891
0 0.57213 0.45234 0.01094 0.03281
0 0.56094 0.46172 0.01458 0.03125
0 0.54662 0.46406 0.01927 0.03125
0 0.51432 0.46055 0.01823 0.03516
0 0.49818 0.47266 0.02031 0.04375
0 0.52813 0.48086 0.01667 0.03047
0 0.51719 0.49219 0.01875 0.03125
0 0.50573 0.50625 0.01563 0.02969
0 0.49557 0.51602 0.01615 0.02891
0 0.48359 0.48359 0.02031 0.03906
0 0.48255 0.52070 0.01302 0.02734
0 0.47135 0.49336 0.01875 0.03828
0 0.47214 0.52734 0.01719 0.02812
0 0.45677 0.50703 0.01771 0.03750
0 0.46172 0.53516 0.01406 0.02656
0 0.44245 0.51758 0.01927 0.04922
0 0.44922 0.55117 0.01615 0.03203
0 0.43828 0.56484 0.01510 0.03906
0 0.42969 0.52891 0.01771 0.04844
0 0.41042 0.49141 0.01979 0.04219
0 0.37422 0.47188 0.02135 0.03125
0 0.34245 0.43984 0.01823 0.01094
0 0.34948 0.45859 0.02083 0.02344
0 0.36042 0.48242 0.02083 0.02891
0 0.39479 0.49727 0.02187 0.03672
0 0.38099 0.50859 0.02344 0.03750
0 0.41719 0.53242 0.01667 0.03984
0 0.40573 0.53984 0.01979 0.04063
0 0.42526 0.56875 0.01406 0.02812
0 0.32891 0.45859 0.01927 0.02031
0 0.33828 0.47109 0.02344 0.02344
0 0.35078 0.49336 0.02344 0.03359
0 0.37161 0.51875 0.02135 0.03750
0 0.39323 0.54844 0.01979 0.04062
0 0.41354 0.57969 0.01458 0.02812
0 0.31615 0.47305 0.01771 0.01328
0 0.32552 0.48477 0.02083 0.02109
0 0.33620 0.50547 0.02240 0.03125
0 0.35755 0.52852 0.02240 0.03516
0 0.38203 0.55703 0.02031 0.03438
0 0.40026 0.58359 0.01615 0.02812
0 0.41172 0.60625 0.01719 0.02969
0 0.30625 0.48477 0.01771 0.01484
0 0.29479 0.49727 0.01562 0.01484
0 0.31250 0.49805 0.01979 0.01797
0 0.32214 0.51758 0.02448 0.02891
0 0.34453 0.53867 0.02344 0.03359
0 0.36927 0.56562 0.02187 0.03594
0 0.38516 0.59922 0.02031 0.03281
0 0.39740 0.61953 0.02292 0.03125
0 0.28542 0.51289 0.01875 0.02266
0 0.30104 0.51445 0.02187 0.02266
0 0.30859 0.53516 0.02656 0.02656
0 0.33047 0.55469 0.02240 0.03750
0 0.35495 0.57617 0.02760 0.04297
0 0.37240 0.60898 0.02083 0.03516
0 0.37917 0.63437 0.02292 0.02969
0 0.36094 0.64688 0.01875 0.02344
0 0.27396 0.53008 0.01771 0.02266
0 0.28802 0.52930 0.01771 0.01797
0 0.27943 0.54648 0.01719 0.02266
0 0.29766 0.55117 0.02031 0.02578
0 0.31562 0.56562 0.02396 0.03438
0 0.33958 0.59102 0.02500 0.04141
0 0.30677 0.59063 0.12500 0.09844
0 0.24115 0.58984 0.01667 0.02656
0 0.26667 0.56602 0.02187 0.02891
0 0.28698 0.56875 0.02500 0.02812
0 0.30312 0.58281 0.02812 0.03438
0 0.32552 0.60430 0.02292 0.04297
0 0.34271 0.62812 0.01667 0.03594
0 0.34245 0.65781 0.02448 0.02656
0 0.30911 0.65391 0.01927 0.02344
0 0.25495 0.58555 0.01510 0.02578
0 0.29141 0.60547 0.06406 0.06406
0 0.28281 0.63281 0.11354 0.06250
0 0.24635 0.60742 0.01875 0.03203
0 0.26328 0.60664 0.01615 0.02266
0 0.27943 0.61523 0.02240 0.03516
0 0.29505 0.63477 0.03281 0.04141
