0 0.37760 0.62031 0.01354 0.03281
0 0.38932 0.61875 0.01406 0.03594
0 0.40078 0.62891 0.01198 0.02031
0 0.36615 0.61641 0.01354 0.03281
0 0.35417 0.61797 0.01250 0.03281
0 0.34245 0.61211 0.01406 0.03516
0 0.32943 0.61055 0.01302 0.03047
0 0.32057 0.62187 0.01198 0.00937
0 0.31771 0.60586 0.01458 0.02422
0 0.28802 0.59219 0.00937 0.02344
0 0.30130 0.60430 0.02031 0.02578
0 0.40885 0.62422 0.01250 0.02656
0 0.42031 0.62266 0.01458 0.03281
0 0.43203 0.62734 0.01406 0.02500
0 0.40573 0.59414 0.02708 0.05078
0 0.39271 0.58125 0.02292 0.04375
0 0.42396 0.59023 0.01562 0.03672
0 0.43281 0.59687 0.01250 0.04375
0 0.44115 0.62617 0.01562 0.02734
0 0.45182 0.62852 0.01094 0.02266
0 0.44531 0.59414 0.01562 0.04297
0 0.37839 0.59063 0.01510 0.03438
0 0.36380 0.58555 0.01615 0.04297
0 0.37422 0.56523 0.02344 0.03672
0 0.35026 0.58711 0.01719 0.03984
0 0.33802 0.58008 0.01979 0.04141
0 0.32630 0.57773 0.01615 0.03672
0 0.31042 0.57969 0.01771 0.03750
0 0.29635 0.58125 0.01979 0.03438
0 0.46198 0.62656 0.01146 0.02656
0 0.45469 0.59609 0.01458 0.04375
0 0.46823 0.59883 0.01458 0.04141
0 0.47188 0.62891 0.01146 0.02031
0 0.48151 0.62930 0.01094 0.01953
0 0.47813 0.60547 0.01250 0.03906
0 0.29792 0.54609 0.01875 0.04219
0 0.31276 0.54688 0.01719 0.04531
0 0.32760 0.54297 0.01562 0.04062
0 0.33906 0.54570 0.01354 0.04141
0 0.35286 0.54688 0.01719 0.04375
0 0.36510 0.53789 0.01771 0.03984
0 0.37865 0.53984 0.01250 0.04219
0 0.39349 0.53867 0.02344 0.04453
0 0.40156 0.55586 0.02083 0.04453
0 0.41094 0.54883 0.01562 0.04453
0 0.42266 0.55000 0.01510 0.04844
0 0.43411 0.55156 0.01198 0.04844
0 0.44531 0.55234 0.01562 0.05000
0 0.45807 0.55430 0.01615 0.04922
0 0.46797 0.55937 0.01406 0.04688
0 0.47839 0.56367 0.01302 0.04922
0 0.29167 0.50898 0.01771 0.03984
0 0.30469 0.50820 0.01562 0.04141
0 0.31953 0.50586 0.01823 0.04141
0 0.33542 0.50195 0.01979 0.04609
0 0.34583 0.50469 0.01562 0.04688
0 0.35677 0.50352 0.01458 0.04297
0 0.37005 0.49844 0.01510 0.04219
0 0.38255 0.50000 0.01510 0.04219
0 0.29401 0.47695 0.01719 0.03047
0 0.30885 0.47500 0.01979 0.03438
0 0.32240 0.47305 0.01771 0.02734
0 0.33750 0.46836 0.01771 0.02578
0 0.35130 0.46992 0.01615 0.02578
0 0.32500 0.45664 0.01458 0.00859
0 0.33906 0.45156 0.01458 0.00938
0 0.35130 0.45234 0.01510 0.01406
0 0.36224 0.47070 0.01406 0.02578
0 0.36354 0.45234 0.01458 0.01562
0 0.37526 0.46836 0.01406 0.02734
0 0.37474 0.45039 0.00990 0.01484
0 0.38776 0.47070 0.01302 0.02734
0 0.38516 0.45039 0.01198 0.01797
0 0.39531 0.49961 0.01667 0.03828
0 0.39818 0.46758 0.01510 0.02734
0 0.39635 0.44922 0.01146 0.01562
0 0.40260 0.50937 0.01562 0.04531
0 0.41641 0.50469 0.01615 0.04844
0 0.42995 0.50781 0.01510 0.04375
0 0.44037 0.51250 0.01510 0.04375
0 0.45130 0.51133 0.01406 0.04609
0 0.40677 0.47148 0.01667 0.03359
0 0.40625 0.44883 0.01146 0.01484
0 0.41953 0.46719 0.01615 0.03437
0 0.41667 0.44727 0.01458 0.01641
0 0.43021 0.47070 0.01354 0.03516
0 0.44297 0.47383 0.01510 0.03516
0 0.42969 0.44766 0.01146 0.01562
0 0.43932 0.44883 0.01198 0.01641
0 0.45156 0.47227 0.01250 0.03359
0 0.44948 0.45078 0.01250 0.02031
0 0.46016 0.44844 0.01094 0.01406
0 0.46432 0.50742 0.01823 0.04922
0 0.46172 0.46836 0.01406 0.03672
0 0.47005 0.45000 0.01094 0.01719
0 0.47318 0.51562 0.01823 0.04844
0 0.47344 0.47422 0.01250 0.03906
0 0.47969 0.45156 0.01042 0.01562
0 0.48490 0.51992 0.01146 0.04766
0 0.48463 0.47617 0.01406 0.04141
0 0.48958 0.45156 0.01354 0.01562
0 0.50026 0.45156 0.01406 0.01719
0 0.49635 0.47617 0.01354 0.04141
0 0.49297 0.51562 0.01198 0.04688
0 0.48958 0.56094 0.01458 0.04844
0 0.48802 0.60352 0.01146 0.03672
0 0.49323 0.62930 0.01458 0.02422
0 0.51172 0.45234 0.01302 0.02031
0 0.50833 0.47617 0.01562 0.03828
0 0.50469 0.51406 0.01458 0.04375
0 0.50130 0.55664 0.01615 0.04609
0 0.49844 0.59961 0.01667 0.04297
0 0.50833 0.61719 0.01667 0.02812
0 0.50208 0.63516 0.01458 0.01562
0 0.51016 0.58789 0.02240 0.03203
0 0.51745 0.56563 0.01615 0.04688
0 0.51224 0.54531 0.01823 0.02969
0 0.51849 0.60664 0.01406 0.03672
0 0.51537 0.63398 0.01302 0.02109
0 0.52630 0.63125 0.01406 0.02344
0 0.53125 0.60742 0.01354 0.03828
0 0.52969 0.56641 0.01250 0.05313
0 0.51693 0.51367 0.01406 0.04453
0 0.52057 0.47773 0.01094 0.03672
0 0.52162 0.45117 0.01198 0.01797
0 0.52786 0.51836 0.01719 0.05078
0 0.53568 0.52383 0.01406 0.04609
0 0.53125 0.47734 0.01562 0.03750
0 0.53229 0.45391 0.01250 0.02344
0 0.54375 0.45586 0.01354 0.02734
0 0.54167 0.48594 0.01667 0.03750
0 0.54479 0.52500 0.01250 0.04375
0 0.54115 0.56602 0.01458 0.04766
0 0.53776 0.63242 0.01094 0.01953
0 0.54323 0.60625 0.01250 0.03906
0 0.54688 0.63320 0.00937 0.02266
0 0.55703 0.63203 0.01302 0.02187
0 0.55339 0.61055 0.01302 0.03516
0 0.55365 0.57031 0.01354 0.04844
0 0.55651 0.52578 0.01615 0.04844
0 0.55599 0.48398 0.01615 0.03672
0 0.55365 0.45781 0.01146 0.02500
0 0.56354 0.56523 0.01250 0.04453
0 0.56901 0.54414 0.00990 0.00859
0 0.56458 0.60547 0.01458 0.03750
0 0.56953 0.63164 0.01406 0.02422
0 0.57630 0.64219 0.00781 0.00625
0 0.56797 0.52148 0.01302 0.03984
0 0.56432 0.45586 0.01406 0.02422
0 0.56719 0.48438 0.01458 0.03750
0 0.57422 0.45586 0.01094 0.02266
0 0.58438 0.45508 0.01146 0.02422
0 0.57943 0.48203 0.01615 0.04219
0 0.57995 0.52344 0.01406 0.05000
0 0.57526 0.57109 0.01510 0.05469
0 0.57682 0.60820 0.01302 0.03203
0 0.58203 0.63203 0.01198 0.02344
0 0.58984 0.60938 0.01615 0.03437
0 0.59349 0.63320 0.01406 0.01953
0 0.59870 0.64180 0.00781 0.00703
0 0.58620 0.57227 0.01198 0.05234
0 0.59141 0.52383 0.01406 0.05234
0 0.59088 0.48164 0.01198 0.03672
0 0.59583 0.45508 0.01250 0.02422
0 0.59688 0.57383 0.01146 0.05234
0 0.60677 0.56992 0.01250 0.05234
0 0.60312 0.61016 0.01562 0.03125
0 0.60651 0.63516 0.01719 0.02187
0 0.61615 0.61016 0.01458 0.03594
0 0.61849 0.56953 0.01198 0.05312
0 0.60104 0.52656 0.01146 0.04844
0 0.61146 0.52422 0.01354 0.04844
0 0.60260 0.48242 0.01458 0.04141
0 0.60651 0.45664 0.01510 0.02422
0 0.61380 0.48398 0.01198 0.03359
0 0.61719 0.45508 0.01250 0.01797
0 0.62292 0.52070 0.01458 0.05391
0 0.62213 0.47813 0.01615 0.03906
0 0.62708 0.45586 0.01250 0.01953
0 0.62839 0.56992 0.01198 0.05391
0 0.62083 0.63594 0.01562 0.02344
0 0.63073 0.61055 0.01562 0.03516
0 0.63125 0.63633 0.01250 0.02266
0 0.64088 0.63672 0.01510 0.02812
0 0.64375 0.60820 0.01562 0.03516
0 0.63932 0.57070 0.01510 0.05859
0 0.63568 0.52305 0.01198 0.05234
0 0.65234 0.56523 0.01719 0.05078
0 0.65286 0.63437 0.01198 0.02969
0 0.65651 0.60586 0.01823 0.03203
0 0.66250 0.56211 0.02083 0.05547
0 0.64557 0.51758 0.01198 0.05234
0 0.63698 0.47930 0.01458 0.03672
0 0.63880 0.45703 0.01302 0.02344
0 0.64792 0.48477 0.01250 0.04141
0 0.65026 0.45781 0.01094 0.01875
0 0.65651 0.48906 0.00990 0.04844
0 0.66120 0.45898 0.01406 0.01953
0 0.67240 0.45938 0.01146 0.01719
0 0.67760 0.46133 0.00625 0.01484
0 0.68359 0.45703 0.00990 0.01719
0 0.69245 0.46094 0.00990 0.01250
0 0.66797 0.48711 0.01510 0.05078
0 0.68021 0.48984 0.02292 0.05469
0 0.69792 0.47773 0.01354 0.03047
0 0.69583 0.50977 0.02708 0.03516
0 0.67266 0.55352 0.02031 0.05078
0 0.66354 0.63203 0.01354 0.03281
0 0.67630 0.63281 0.01406 0.02969
0 0.67839 0.60117 0.02760 0.03516
0 0.68490 0.56914 0.02708 0.04453
0 0.69505 0.54375 0.03177 0.04062
0 0.70755 0.52422 0.02135 0.04531
0 0.70703 0.56289 0.01823 0.03516
0 0.69323 0.62578 0.02812 0.03594
0 0.68906 0.61641 0.02500 0.01875
0 0.70000 0.59258 0.03021 0.03203
0 0.70885 0.60977 0.01458 0.03516
