0 0.06931 0.84566 0.05941 0.03215
0 0.06436 0.81511 0.04950 0.03537
0 0.06436 0.78617 0.06931 0.02894
0 0.05941 0.75884 0.05941 0.03215
0 0.10891 0.76367 0.07921 0.02894
0 0.11386 0.79421 0.08911 0.03215
0 0.09901 0.87460 0.07921 0.03215
0 0.11881 0.82637 0.11881 0.03215
0 0.19802 0.87942 0.11881 0.03537
0 0.14356 0.86013 0.12871 0.03537
0 0.67327 0.90193 0.09901 0.02894
0 0.76238 0.90675 0.07921 0.01929
0 0.81683 0.88103 0.08911 0.03859
0 0.86139 0.84887 0.07921 0.03215
0 0.77723 0.86334 0.10891 0.04180
0 0.71287 0.89068 0.13861 0.03215
0 0.68317 0.86013 0.09901 0.03537
0 0.57921 0.87138 0.10891 0.03859
0 0.39109 0.88907 0.14851 0.02894
0 0.43069 0.86495 0.08911 0.02572
0 0.32178 0.86817 0.12871 0.03215
0 0.21782 0.84887 0.09901 0.03215
0 0.21287 0.81994 0.10891 0.03215
0 0.19802 0.79100 0.11881 0.03215
0 0.19307 0.76367 0.10891 0.02894
0 0.32673 0.83762 0.09901 0.02894
0 0.31188 0.80868 0.10891 0.03537
0 0.30198 0.77814 0.10891 0.03215
0 0.50495 0.85531 0.09901 0.03215
0 0.42574 0.83601 0.09901 0.03215
0 0.41089 0.81190 0.10891 0.02894
0 0.40594 0.78296 0.11881 0.03537
0 0.39604 0.75080 0.11881 0.02894
0 0.49505 0.82476 0.07921 0.02894
0 0.50990 0.79582 0.10891 0.03537
0 0.50000 0.76527 0.10891 0.03215
0 0.65346 0.84084 0.11881 0.02894
0 0.88119 0.82154 0.05941 0.02894
0 0.82673 0.83762 0.08911 0.02894
0 0.74753 0.83119 0.08911 0.03537
0 0.68317 0.81351 0.11881 0.02572
0 0.57921 0.82637 0.08911 0.03859
0 0.60396 0.78939 0.07921 0.02894
0 0.59406 0.76527 0.09901 0.02572
0 0.88614 0.73312 0.08911 0.03215
0 0.90594 0.76688 0.04950 0.02894
0 0.88119 0.79421 0.07921 0.03215
0 0.81683 0.81190 0.10891 0.02894
0 0.85149 0.76527 0.07921 0.03215
0 0.76733 0.78778 0.08911 0.03215
0 0.78218 0.75723 0.09901 0.02894
0 0.79208 0.72990 0.09901 0.03215
0 0.69307 0.77653 0.09901 0.02894
0 0.70297 0.75241 0.09901 0.02572
0 0.69802 0.72830 0.10891 0.02251
0 0.89604 0.70579 0.08911 0.02251
0 0.90594 0.68650 0.06931 0.02251
0 0.90594 0.66238 0.06931 0.02572
0 0.91089 0.64309 0.05941 0.01929
0 0.90594 0.62379 0.06931 0.02572
0 0.80693 0.70579 0.10891 0.02251
0 0.81683 0.68489 0.12871 0.02572
0 0.82673 0.66238 0.10891 0.01929
0 0.82673 0.63987 0.12871 0.02572
0 0.69307 0.70418 0.11881 0.02572
0 0.70297 0.68328 0.11881 0.02251
0 0.71287 0.66077 0.11881 0.02894
0 0.71287 0.64148 0.11881 0.02894
0 0.59901 0.73955 0.12871 0.02572
0 0.59406 0.71383 0.11881 0.03215
0 0.58911 0.68971 0.10891 0.02251
0 0.59901 0.66720 0.12871 0.02251
0 0.59406 0.64630 0.11881 0.02572
0 0.48515 0.73794 0.09901 0.02894
0 0.49010 0.71061 0.10891 0.02572
0 0.48020 0.68810 0.10891 0.02572
0 0.50000 0.65916 0.10891 0.03215
0 0.38614 0.72508 0.09901 0.02251
0 0.38119 0.70257 0.10891 0.02894
0 0.37624 0.67846 0.11881 0.02572
0 0.39109 0.65756 0.10891 0.02251
0 0.05446 0.73473 0.04950 0.02251
0 0.04950 0.71704 0.05941 0.01929
0 0.04455 0.69775 0.06931 0.02572
0 0.04950 0.67363 0.05941 0.02894
0 0.10396 0.73633 0.06931 0.02572
0 0.10396 0.71704 0.06931 0.01929
0 0.10891 0.69936 0.07921 0.02251
0 0.09901 0.67685 0.07921 0.02251
0 0.09901 0.65916 0.07921 0.01929
0 0.09406 0.63987 0.06931 0.02572
0 0.29703 0.75080 0.09901 0.02894
0 0.28713 0.72830 0.11881 0.02251
0 0.27228 0.70739 0.12871 0.02572
0 0.26238 0.68650 0.10891 0.02251
0 0.27723 0.66399 0.11881 0.02251
0 0.18812 0.73955 0.09901 0.02572
0 0.17822 0.72026 0.09901 0.03215
0 0.17327 0.69614 0.08911 0.02251
0 0.18317 0.67524 0.08911 0.02572
0 0.17327 0.65595 0.08911 0.01929
0 0.09901 0.57556 0.07921 0.01929
0 0.10396 0.55788 0.08911 0.02251
0 0.10891 0.53698 0.09901 0.02572
0 0.09901 0.59003 0.07921 0.02251
0 0.09901 0.61254 0.05941 0.02894
0 0.17327 0.63505 0.10891 0.02251
0 0.28218 0.64309 0.12871 0.02572
0 0.27228 0.62219 0.12871 0.02251
0 0.17327 0.61254 0.10891 0.02251
0 0.11881 0.50804 0.07921 0.03859
0 0.14356 0.51608 0.06931 0.03537
0 0.12376 0.47428 0.04951 0.02894
0 0.12871 0.44051 0.03960 0.02572
0 0.14852 0.42283 0.03960 0.01608
0 0.14852 0.40514 0.05941 0.02572
0 0.28218 0.59807 0.12871 0.02572
0 0.28713 0.57717 0.11881 0.02251
0 0.29703 0.55627 0.11881 0.02572
0 0.30693 0.53698 0.11881 0.02572
0 0.17327 0.59003 0.10891 0.02251
0 0.18812 0.57074 0.09901 0.02251
0 0.18812 0.55145 0.09901 0.02251
0 0.20297 0.52733 0.10891 0.02572
0 0.15842 0.47428 0.07921 0.02251
0 0.17327 0.45659 0.06931 0.01929
0 0.18317 0.43730 0.08911 0.02572
0 0.20297 0.41479 0.08911 0.02572
0 0.89604 0.57878 0.06931 0.02572
0 0.83168 0.62058 0.09901 0.01929
0 0.83663 0.60129 0.10891 0.02572
0 0.82178 0.57878 0.09901 0.02572
0 0.71782 0.61736 0.12871 0.02572
0 0.71287 0.59485 0.13861 0.02572
0 0.71782 0.57556 0.10891 0.02572
0 0.63366 0.55949 0.11881 0.02572
0 0.60891 0.58199 0.10891 0.02572
0 0.60396 0.60450 0.09901 0.01929
0 0.59406 0.62379 0.09901 0.02572
0 0.50495 0.63505 0.09901 0.02251
0 0.50000 0.61415 0.10891 0.02572
0 0.50000 0.59164 0.10891 0.02572
0 0.50495 0.56592 0.11881 0.02572
0 0.39604 0.63666 0.11881 0.02572
0 0.39604 0.61576 0.11881 0.02251
0 0.39604 0.59325 0.11881 0.02251
0 0.39604 0.57235 0.11881 0.02572
0 0.40099 0.54984 0.10891 0.02572
0 0.41089 0.52733 0.12871 0.01929
0 0.51980 0.54019 0.12871 0.02572
0 0.65347 0.53859 0.13861 0.02251
0 0.73267 0.55466 0.09901 0.02894
0 0.81188 0.55627 0.05941 0.02572
0 0.88119 0.55466 0.09901 0.02251
0 0.89109 0.53698 0.07921 0.01929
0 0.89109 0.51929 0.05941 0.02251
0 0.86139 0.51125 0.07921 0.02572
0 0.84653 0.45338 0.08911 0.02572
0 0.88119 0.43891 0.07921 0.02894
0 0.89604 0.49678 0.08911 0.02251
0 0.89604 0.48392 0.08911 0.02251
0 0.90099 0.46945 0.07921 0.02572
0 0.82178 0.52894 0.07921 0.02894
0 0.74753 0.52733 0.08911 0.02572
0 0.82178 0.47588 0.05941 0.02572
0 0.79703 0.50000 0.04951 0.03537
0 0.75248 0.50643 0.07921 0.02251
0 0.75248 0.48071 0.07921 0.02894
0 0.74752 0.45177 0.10891 0.03537
0 0.82178 0.42605 0.11881 0.02894
0 0.72772 0.42122 0.06931 0.03215
0 0.22772 0.50482 0.11881 0.02572
0 0.23267 0.47910 0.08911 0.02572
0 0.26238 0.45498 0.10891 0.02894
0 0.27228 0.43248 0.08911 0.02251
0 0.28218 0.40836 0.08911 0.03215
0 0.32673 0.51447 0.11881 0.02572
0 0.31188 0.48875 0.10891 0.02572
0 0.34158 0.46945 0.12871 0.02572
0 0.35644 0.44534 0.11881 0.02251
0 0.35644 0.42283 0.09901 0.02251
0 0.42574 0.50643 0.11881 0.02251
0 0.45050 0.48392 0.12871 0.02894
0 0.45050 0.46141 0.10891 0.02894
0 0.46535 0.43569 0.11881 0.02894
0 0.64851 0.51929 0.12871 0.02894
0 0.65842 0.50000 0.12871 0.02894
0 0.65346 0.47749 0.11881 0.02894
0 0.65842 0.45981 0.10891 0.02572
0 0.65842 0.43891 0.10891 0.02251
0 0.64851 0.41640 0.10891 0.02251
0 0.52970 0.52090 0.10891 0.02572
0 0.53960 0.50000 0.10891 0.02894
0 0.55446 0.47588 0.09901 0.02572
0 0.55941 0.45338 0.10891 0.02572
0 0.56436 0.42765 0.09901 0.03215
0 0.85644 0.40514 0.12871 0.03215
0 0.75743 0.38907 0.10891 0.03215
0 0.84158 0.38424 0.13861 0.02251
0 0.85644 0.36495 0.10891 0.02251
0 0.77228 0.36174 0.09901 0.02894
0 0.48515 0.40354 0.07921 0.02894
0 0.65346 0.39711 0.11881 0.02894
0 0.55446 0.40193 0.09901 0.02572
0 0.44554 0.39228 0.07921 0.03215
0 0.65346 0.37460 0.07921 0.02894
0 0.58416 0.37460 0.09901 0.03537
0 0.50495 0.37460 0.07921 0.02894
0 0.30198 0.37460 0.06931 0.03537
0 0.23267 0.37621 0.08911 0.02572
0 0.48515 0.34566 0.09901 0.03537
0 0.57921 0.34566 0.08911 0.02894
0 0.67327 0.34566 0.11881 0.03537
0 0.84158 0.34405 0.11881 0.01929
0 0.78218 0.32637 0.07921 0.04180
0 0.84653 0.32154 0.10891 0.03215
0 0.38614 0.36817 0.09901 0.03537
0 0.35149 0.39228 0.12871 0.03859
0 0.25248 0.35209 0.10891 0.02894
0 0.25248 0.32637 0.10891 0.02894
0 0.41089 0.33280 0.10891 0.03537
