0 0.50937 0.48516 0.01042 0.00885
0 0.48750 0.50651 0.01111 0.00781
0 0.50521 0.49245 0.01181 0.00781
0 0.50174 0.49870 0.01042 0.00781
0 0.52257 0.49870 0.01319 0.00781
0 0.52188 0.50469 0.01181 0.00729
0 0.50764 0.50677 0.01111 0.00625
0 0.49826 0.50521 0.01042 0.00833
0 0.48507 0.51380 0.01042 0.00885
0 0.47951 0.51979 0.00903 0.00729
0 0.47708 0.52656 0.00833 0.00625
0 0.47465 0.53594 0.00764 0.00937
0 0.47361 0.54401 0.00972 0.00677
0 0.47257 0.55078 0.01181 0.00677
0 0.47153 0.55781 0.00972 0.00729
0 0.47118 0.56484 0.01042 0.00677
0 0.47083 0.57240 0.01389 0.00729
0 0.46944 0.57891 0.01389 0.00677
0 0.46562 0.58594 0.01042 0.00729
0 0.49549 0.51354 0.01181 0.00833
0 0.49306 0.51901 0.01250 0.00781
0 0.48993 0.52083 0.01319 0.00625
0 0.48472 0.52630 0.01111 0.00677
0 0.48333 0.53255 0.01250 0.00677
0 0.48090 0.53984 0.01181 0.00990
0 0.48125 0.54688 0.00972 0.00729
0 0.48125 0.55417 0.01111 0.00833
0 0.48056 0.56146 0.01111 0.00833
0 0.47917 0.56901 0.01250 0.00677
0 0.47986 0.57682 0.01528 0.00885
0 0.47396 0.58516 0.01042 0.00885
0 0.53403 0.51380 0.01250 0.00677
0 0.53368 0.52083 0.00903 0.00625
0 0.53785 0.52865 0.00625 0.00625
0 0.53715 0.54974 0.00764 0.00781
0 0.53646 0.55703 0.00764 0.00885
0 0.53542 0.57083 0.00694 0.00729
0 0.53507 0.56380 0.00903 0.00781
0 0.53750 0.53698 0.00556 0.00833
0 0.53229 0.52630 0.00903 0.00573
0 0.53229 0.53307 0.00903 0.00781
0 0.53125 0.54115 0.01111 0.00938
0 0.52986 0.54818 0.01250 0.00677
0 0.53160 0.55469 0.00903 0.00833
0 0.52917 0.56120 0.00833 0.00781
0 0.52361 0.55391 0.00972 0.00781
0 0.52292 0.56224 0.00972 0.00990
0 0.52292 0.51172 0.00972 0.00677
0 0.52222 0.51849 0.01250 0.00677
0 0.51944 0.52448 0.01389 0.00833
0 0.52118 0.53047 0.01181 0.00677
0 0.51667 0.53464 0.01250 0.00677
0 0.51458 0.54167 0.01111 0.00625
0 0.51493 0.55000 0.01181 0.00833
0 0.51493 0.55729 0.01181 0.00833
0 0.51354 0.56615 0.01181 0.00833
0 0.52813 0.57031 0.01042 0.00938
0 0.52083 0.57161 0.01250 0.00990
0 0.53194 0.57630 0.00972 0.00677
0 0.53090 0.58307 0.01042 0.00677
0 0.52569 0.58021 0.00833 0.01042
0 0.51806 0.58099 0.01111 0.00990
0 0.51042 0.57526 0.00972 0.00990
0 0.49028 0.54271 0.01111 0.00729
0 0.49201 0.53568 0.01181 0.00885
0 0.49410 0.52734 0.01181 0.00885
0 0.50833 0.51406 0.01389 0.00833
0 0.50486 0.52083 0.01389 0.00729
0 0.50590 0.52708 0.01042 0.00625
0 0.50417 0.53385 0.01250 0.00833
0 0.50278 0.54036 0.01111 0.00781
0 0.50069 0.54688 0.01250 0.00625
0 0.50000 0.56094 0.01250 0.00833
0 0.50000 0.55391 0.01389 0.00885
0 0.48993 0.55026 0.01181 0.00781
0 0.48993 0.55755 0.01181 0.00781
0 0.49028 0.56510 0.01111 0.00833
0 0.49861 0.56849 0.01250 0.00677
0 0.49375 0.57370 0.01250 0.00677
0 0.49653 0.57969 0.01250 0.00729
0 0.48542 0.58125 0.01111 0.00937
0 0.46528 0.59245 0.01250 0.00677
0 0.47153 0.59531 0.00972 0.00937
0 0.46285 0.59870 0.00903 0.00677
0 0.46111 0.60599 0.00833 0.00781
0 0.46076 0.61458 0.01042 0.00833
0 0.46944 0.60443 0.00972 0.00781
0 0.46771 0.61120 0.00903 0.00885
0 0.46111 0.62318 0.01111 0.00885
0 0.46667 0.62057 0.00833 0.00885
0 0.46181 0.63073 0.01250 0.00625
0 0.45729 0.63698 0.00903 0.01042
0 0.45625 0.64662 0.00972 0.00990
0 0.45278 0.66224 0.00833 0.00885
0 0.45556 0.65677 0.00833 0.00937
0 0.46389 0.63984 0.00972 0.00990
0 0.46285 0.64948 0.01042 0.00729
0 0.46181 0.65781 0.01111 0.01042
0 0.45764 0.66588 0.01250 0.00677
0 0.45278 0.67135 0.00833 0.00833
0 0.45104 0.67969 0.00903 0.00938
0 0.44896 0.70104 0.00764 0.01250
0 0.45000 0.69036 0.00833 0.00990
0 0.46042 0.67396 0.01111 0.01146
0 0.45729 0.68385 0.01181 0.01042
0 0.45660 0.69297 0.01042 0.00885
0 0.45417 0.70026 0.01111 0.00885
0 0.48368 0.59010 0.01181 0.00729
0 0.48229 0.59714 0.01181 0.00781
0 0.48090 0.60469 0.01181 0.00833
0 0.47882 0.61250 0.01319 0.00833
0 0.47639 0.62109 0.01250 0.00885
0 0.47326 0.62813 0.01181 0.00625
0 0.47222 0.63516 0.01250 0.00781
0 0.47431 0.64271 0.01250 0.00833
0 0.47326 0.65234 0.01319 0.01198
0 0.46944 0.66328 0.01250 0.01094
0 0.46944 0.67344 0.01250 0.01042
0 0.46701 0.68412 0.01181 0.01094
0 0.46667 0.69375 0.01389 0.00938
0 0.52153 0.67266 0.00417 0.00781
0 0.52396 0.65391 0.00625 0.00781
0 0.52569 0.64662 0.00556 0.00885
0 0.52569 0.63854 0.00556 0.00937
0 0.52674 0.62969 0.00486 0.00833
0 0.52986 0.61615 0.00417 0.00417
0 0.52708 0.62109 0.00556 0.00990
0 0.52778 0.60990 0.00833 0.01042
0 0.53056 0.60156 0.00694 0.00625
0 0.53021 0.58906 0.00903 0.00625
0 0.53090 0.59505 0.00764 0.00677
0 0.52361 0.59948 0.01111 0.00938
0 0.52326 0.60781 0.01181 0.00833
0 0.52292 0.61537 0.00972 0.00677
0 0.52083 0.62213 0.01389 0.00677
0 0.52222 0.62891 0.00972 0.00781
0 0.52118 0.63646 0.01042 0.00938
0 0.52083 0.64427 0.00833 0.00625
0 0.51910 0.65104 0.01042 0.00833
0 0.51701 0.65807 0.01181 0.00677
0 0.51875 0.66510 0.00972 0.00938
0 0.51528 0.67213 0.01250 0.00677
0 0.51632 0.67865 0.01181 0.00729
0 0.51944 0.68672 0.00694 0.01094
0 0.51493 0.68620 0.00903 0.00781
0 0.51736 0.70547 0.00694 0.00885
0 0.51875 0.69687 0.00694 0.00938
0 0.51493 0.69427 0.00903 0.00938
0 0.50451 0.69531 0.01319 0.00938
0 0.50590 0.68672 0.01319 0.01094
0 0.50694 0.67708 0.01111 0.01146
0 0.50937 0.66484 0.01042 0.01302
0 0.50972 0.65443 0.00972 0.01094
0 0.51076 0.64479 0.01319 0.00938
0 0.51181 0.63672 0.01250 0.00885
0 0.51215 0.62734 0.01042 0.01198
0 0.51354 0.61563 0.01042 0.00938
0 0.51493 0.60651 0.00903 0.00885
0 0.51562 0.59766 0.00903 0.00990
0 0.52326 0.59115 0.00903 0.00937
0 0.51597 0.58932 0.00972 0.00781
0 0.51042 0.58438 0.01111 0.00938
0 0.50799 0.59271 0.01042 0.00625
0 0.50764 0.59792 0.00972 0.00729
0 0.50660 0.60677 0.01042 0.01042
0 0.50451 0.61667 0.01319 0.01042
0 0.50417 0.62526 0.01111 0.00885
0 0.50035 0.63385 0.01458 0.00833
0 0.50069 0.64297 0.01389 0.00990
0 0.49965 0.65234 0.01181 0.01094
0 0.49861 0.66120 0.01667 0.00781
0 0.49792 0.66901 0.01667 0.00885
0 0.49653 0.67630 0.01667 0.00885
0 0.49514 0.68463 0.01528 0.00885
0 0.49410 0.69271 0.01319 0.00937
0 0.49722 0.58724 0.01389 0.00677
0 0.49514 0.59453 0.01528 0.00781
0 0.49375 0.60260 0.01389 0.00833
0 0.49271 0.60938 0.01181 0.00625
0 0.49167 0.61667 0.01389 0.00833
0 0.48958 0.62474 0.01389 0.00885
0 0.48646 0.63203 0.01319 0.00677
0 0.48646 0.63880 0.01458 0.00677
0 0.48681 0.64714 0.01528 0.00885
0 0.48507 0.65443 0.01597 0.00990
0 0.48299 0.66120 0.01597 0.00781
0 0.48264 0.66849 0.01667 0.00885
0 0.48229 0.67552 0.01458 0.00625
0 0.48056 0.68203 0.01667 0.00990
0 0.48090 0.69010 0.01597 0.00937
0 0.48021 0.69870 0.01597 0.00990
0 0.45417 0.70990 0.01250 0.01250
0 0.46458 0.71901 0.01667 0.00781
0 0.46528 0.71172 0.01528 0.01094
0 0.46528 0.70234 0.01528 0.00990
0 0.49271 0.70078 0.01458 0.00885
0 0.51215 0.70260 0.01042 0.00937
0 0.50312 0.70443 0.01319 0.00885
0 0.51007 0.71172 0.01042 0.00990
0 0.49931 0.71354 0.01667 0.01146
0 0.49063 0.70885 0.01319 0.01146
0 0.47778 0.70807 0.01389 0.00990
0 0.47986 0.71536 0.01667 0.00781
0 0.49514 0.72318 0.01528 0.00885
0 0.48021 0.72266 0.01875 0.00885
