0 0.72266 0.50549 0.01719 0.01020
0 0.70938 0.50706 0.01979 0.01333
0 0.73203 0.51373 0.01406 0.00941
0 0.72344 0.51804 0.01875 0.01490
0 0.69609 0.51333 0.01198 0.00863
0 0.69115 0.52314 0.01042 0.01412
0 0.70547 0.51686 0.01927 0.01569
0 0.70807 0.52628 0.02344 0.01725
0 0.69063 0.53216 0.01354 0.01333
0 0.70443 0.53569 0.02031 0.02039
0 0.70130 0.54274 0.02135 0.02196
0 0.67917 0.55726 0.01042 0.01020
0 0.67813 0.56784 0.01250 0.02196
0 0.68594 0.54745 0.01354 0.02353
0 0.73880 0.52706 0.01719 0.01882
0 0.72838 0.53059 0.01823 0.01961
0 0.72474 0.53804 0.02031 0.01569
0 0.72057 0.54549 0.01823 0.01804
0 0.71719 0.55569 0.01875 0.01961
0 0.74870 0.54431 0.01302 0.02667
0 0.74323 0.54549 0.01667 0.01961
0 0.73828 0.55333 0.01823 0.02275
0 0.74792 0.58392 0.00729 0.01333
0 0.74583 0.59490 0.00521 0.01490
0 0.74870 0.56510 0.01302 0.02118
0 0.74453 0.57412 0.00781 0.01725
0 0.73412 0.56628 0.01719 0.02824
0 0.74271 0.60471 0.00417 0.01569
0 0.73984 0.61372 0.00469 0.01647
0 0.73516 0.62431 0.00677 0.01569
0 0.73854 0.58784 0.01250 0.01961
0 0.73594 0.59451 0.01250 0.02510
0 0.73307 0.60667 0.01094 0.02275
0 0.73203 0.63333 0.00365 0.01647
0 0.72865 0.64392 0.00521 0.01725
0 0.72500 0.65451 0.00417 0.01647
0 0.72187 0.66510 0.00521 0.01882
0 0.71745 0.67412 0.00573 0.01804
0 0.71224 0.68588 0.00573 0.01647
0 0.70833 0.69529 0.00625 0.01804
0 0.72995 0.61451 0.01198 0.02118
0 0.72630 0.62588 0.00990 0.02196
0 0.72292 0.63569 0.01042 0.02275
0 0.71953 0.64549 0.01094 0.02353
0 0.71537 0.65647 0.01094 0.02039
0 0.71120 0.66745 0.00990 0.02196
0 0.70703 0.67647 0.01198 0.01961
0 0.72370 0.59098 0.01510 0.02431
0 0.71953 0.59922 0.01615 0.02353
0 0.71588 0.60980 0.01615 0.02118
0 0.71302 0.62078 0.01667 0.02118
0 0.70964 0.62980 0.01615 0.02039
0 0.70573 0.64118 0.01771 0.01961
0 0.70182 0.65255 0.01719 0.01882
0 0.69792 0.66235 0.01667 0.01961
0 0.70391 0.70706 0.00677 0.01333
0 0.70026 0.71569 0.00781 0.01490
0 0.69635 0.72549 0.00729 0.01412
0 0.69245 0.73529 0.00677 0.01490
0 0.68724 0.74706 0.00781 0.01333
0 0.68281 0.76039 0.00521 0.01333
0 0.67813 0.77294 0.00417 0.00863
0 0.67422 0.78353 0.00573 0.01098
0 0.70338 0.68628 0.01094 0.01882
0 0.70026 0.69608 0.01094 0.01961
0 0.69427 0.70627 0.01250 0.02118
0 0.69010 0.71686 0.01250 0.02196
0 0.68568 0.72902 0.01302 0.02275
0 0.68203 0.74039 0.01198 0.01882
0 0.67865 0.75216 0.01042 0.02196
0 0.67396 0.76196 0.01250 0.02275
0 0.66927 0.77294 0.01354 0.02431
0 0.69297 0.67373 0.01615 0.02039
0 0.68932 0.68314 0.01823 0.02510
0 0.68516 0.69294 0.01510 0.02431
0 0.68021 0.70235 0.01562 0.02275
0 0.67630 0.71412 0.01615 0.02275
0 0.67162 0.72510 0.01719 0.02431
0 0.66823 0.73882 0.01771 0.02353
0 0.66406 0.74902 0.01562 0.02353
0 0.65937 0.76078 0.01458 0.02353
0 0.63646 0.71098 0.01250 0.01804
0 0.66875 0.68431 0.01875 0.02275
0 0.66276 0.69490 0.01927 0.02196
0 0.65885 0.70706 0.01979 0.02118
0 0.65443 0.71882 0.01927 0.02275
0 0.65026 0.72784 0.02031 0.02353
0 0.58099 0.79176 0.01406 0.02275
0 0.59662 0.76902 0.01615 0.01804
0 0.59115 0.78392 0.01667 0.02431
0 0.63099 0.72431 0.02031 0.02588
0 0.61406 0.74039 0.01667 0.02353
0 0.60260 0.75843 0.01354 0.01882
0 0.66484 0.78706 0.01302 0.02431
0 0.65338 0.77647 0.01510 0.02510
0 0.64245 0.75725 0.02135 0.02745
0 0.64948 0.78706 0.01771 0.02431
0 0.63672 0.76941 0.01823 0.02980
0 0.61823 0.76157 0.02083 0.02510
0 0.61250 0.77961 0.01875 0.02824
0 0.63099 0.78549 0.01927 0.03216
0 0.64401 0.79922 0.02031 0.02667
0 0.65938 0.81608 0.00625 0.01020
0 0.65859 0.80314 0.01510 0.02196
0 0.65443 0.82549 0.00781 0.01333
0 0.64974 0.81765 0.01302 0.02118
0 0.64349 0.83373 0.01719 0.02353
0 0.57734 0.80863 0.01615 0.02510
0 0.57109 0.82745 0.00990 0.01569
0 0.56458 0.83843 0.00937 0.01098
0 0.55599 0.85647 0.01094 0.02510
0 0.54948 0.88118 0.01042 0.01490
0 0.54609 0.89765 0.00990 0.01961
0 0.56823 0.84471 0.01458 0.01569
0 0.56354 0.85882 0.01458 0.02039
0 0.55677 0.87490 0.01354 0.01961
0 0.55495 0.89059 0.01198 0.01647
0 0.56745 0.89451 0.01719 0.02275
0 0.57083 0.87765 0.01979 0.02510
0 0.57812 0.86314 0.01875 0.02431
0 0.58255 0.85059 0.02031 0.02274
0 0.63646 0.85961 0.00938 0.02196
0 0.62839 0.86941 0.01406 0.02431
0 0.62500 0.88784 0.01042 0.02353
0 0.61849 0.89804 0.01198 0.02353
0 0.61094 0.91098 0.01250 0.02118
0 0.60182 0.92314 0.01302 0.02196
0 0.59505 0.91294 0.01510 0.02196
0 0.60130 0.89882 0.01719 0.02824
0 0.60885 0.88823 0.01667 0.02588
0 0.61354 0.87451 0.01875 0.02510
0 0.61823 0.86000 0.01771 0.02118
0 0.60156 0.85529 0.01771 0.02431
0 0.59635 0.87255 0.01771 0.02588
0 0.59010 0.88431 0.01667 0.02431
0 0.58333 0.89686 0.01771 0.02431
0 0.58802 0.92863 0.01458 0.02039
0 0.57734 0.91451 0.01719 0.02039
0 0.56250 0.90863 0.01562 0.01961
0 0.59766 0.93255 0.00677 0.01412
0 0.55130 0.90510 0.01198 0.01569
