0 0.64688 0.74336 0.01146 0.01797
0 0.63333 0.75586 0.01771 0.03516
0 0.63932 0.73047 0.01094 0.02344
0 0.63359 0.71719 0.01094 0.02188
0 0.63177 0.82969 0.01562 0.03906
0 0.62734 0.81445 0.02240 0.04141
0 0.61927 0.79922 0.02500 0.03750
0 0.59141 0.80547 0.01406 0.02813
0 0.60104 0.82812 0.01250 0.02188
0 0.61016 0.84766 0.01198 0.02188
0 0.62005 0.86211 0.01094 0.02734
0 0.62552 0.73828 0.01771 0.04062
0 0.62604 0.69805 0.01354 0.03359
0 0.61745 0.68320 0.01094 0.02734
0 0.61120 0.67188 0.01198 0.02969
0 0.58307 0.79062 0.01406 0.02344
0 0.57552 0.77500 0.01250 0.02187
0 0.56719 0.75508 0.01562 0.03047
0 0.61641 0.72266 0.02552 0.04375
0 0.60781 0.71016 0.02083 0.03750
0 0.60990 0.78086 0.02708 0.04609
0 0.60104 0.76172 0.03021 0.04688
0 0.59401 0.74727 0.02552 0.04609
0 0.58672 0.73516 0.02344 0.04375
0 0.60338 0.69844 0.01823 0.03750
0 0.58177 0.71406 0.02396 0.04219
0 0.57318 0.69883 0.02760 0.04453
0 0.55938 0.73789 0.01458 0.02734
0 0.55182 0.71992 0.01615 0.03359
0 0.54531 0.70117 0.01458 0.02422
0 0.53542 0.68516 0.02083 0.03125
0 0.52604 0.66602 0.02083 0.03359
0 0.51901 0.64727 0.02344 0.03516
0 0.51016 0.63125 0.02344 0.03750
0 0.59089 0.61719 0.01094 0.02031
0 0.59583 0.63164 0.01146 0.01797
0 0.60312 0.65000 0.01458 0.03281
0 0.59531 0.67617 0.02083 0.04453
0 0.58776 0.65664 0.02031 0.03984
0 0.58203 0.64062 0.01927 0.04062
0 0.56693 0.67773 0.02552 0.04141
0 0.55807 0.65898 0.02552 0.03828
0 0.55104 0.64609 0.02604 0.04375
0 0.58203 0.60273 0.01406 0.03516
0 0.57266 0.58398 0.01198 0.03203
0 0.56250 0.56094 0.01250 0.02500
0 0.55365 0.54102 0.00833 0.02734
0 0.54531 0.52539 0.00937 0.02578
0 0.53620 0.50352 0.01615 0.02891
0 0.51823 0.49375 0.01979 0.03438
0 0.51016 0.47031 0.02448 0.03750
0 0.49870 0.61016 0.03073 0.04062
0 0.49193 0.58555 0.03385 0.04922
0 0.48203 0.56602 0.02969 0.03828
0 0.47292 0.54336 0.03437 0.04609
0 0.43984 0.52227 0.01927 0.03203
0 0.46484 0.51836 0.03073 0.04766
0 0.57474 0.62148 0.02031 0.04141
0 0.56562 0.60938 0.01875 0.03750
0 0.55937 0.58906 0.01979 0.04062
0 0.55078 0.57305 0.02031 0.03828
0 0.54193 0.55547 0.02240 0.03906
0 0.53359 0.53359 0.01927 0.03438
0 0.52630 0.51602 0.02031 0.03516
0 0.54375 0.62305 0.02188 0.03672
0 0.53672 0.60742 0.02448 0.04453
0 0.52786 0.58828 0.02552 0.04375
0 0.52005 0.56797 0.02448 0.04063
0 0.51042 0.54727 0.02917 0.03828
0 0.50365 0.52813 0.02812 0.04375
0 0.49453 0.50859 0.03073 0.03594
0 0.41276 0.48125 0.01198 0.01875
0 0.42604 0.49922 0.02083 0.03281
0 0.48646 0.42656 0.02292 0.03750
0 0.49635 0.45078 0.02083 0.03125
0 0.48333 0.48203 0.03229 0.04219
0 0.44974 0.49219 0.03802 0.04531
0 0.47214 0.46133 0.02969 0.04297
0 0.43411 0.46289 0.03698 0.05234
0 0.40443 0.45937 0.02760 0.03594
0 0.37943 0.37070 0.02552 0.03359
0 0.35651 0.37695 0.02448 0.03516
0 0.38698 0.43672 0.02187 0.03750
0 0.37344 0.40273 0.02813 0.04141
0 0.46120 0.44766 0.02969 0.04688
0 0.47240 0.38828 0.00833 0.01250
0 0.47266 0.40977 0.01927 0.03359
0 0.45729 0.38633 0.02396 0.03047
0 0.45078 0.41914 0.02760 0.04922
0 0.42318 0.42500 0.03177 0.05469
0 0.40260 0.41797 0.03333 0.05312
0 0.39844 0.38125 0.03021 0.04219
0 0.43438 0.38789 0.02292 0.03984
0 0.41719 0.37695 0.02187 0.04453
