0 0.12269 0.57860 0.01559 0.02425
0 0.23557 0.85448 0.01501 0.02252
0 0.23816 0.83911 0.01790 0.02295
0 0.23845 0.81767 0.01963 0.02252
0 0.54908 0.38068 0.02656 0.02079
0 0.55947 0.35990 0.01501 0.01906
0 0.54792 0.36423 0.02771 0.01559
0 0.52540 0.60784 0.01039 0.01516
0 0.52598 0.62365 0.00924 0.01299
0 0.52569 0.64227 0.00866 0.01473
0 0.52569 0.65873 0.00751 0.01039
0 0.51068 0.92659 0.00982 0.00650
0 0.51357 0.91750 0.01328 0.01516
0 0.51790 0.90537 0.01155 0.01169
0 0.51934 0.89238 0.01212 0.01862
0 0.52078 0.87397 0.01386 0.02425
0 0.52310 0.85080 0.01155 0.02382
0 0.84065 0.84864 0.01039 0.00909
0 0.83660 0.86856 0.00808 0.01169
0 0.83978 0.85686 0.00982 0.01169
0 0.84267 0.83738 0.01097 0.01602
0 0.84382 0.82070 0.01097 0.01906
0 0.84325 0.80273 0.01097 0.01776
0 0.84555 0.78627 0.01212 0.02036
0 0.84555 0.76960 0.01328 0.02252
0 0.72315 0.59658 0.02021 0.02209
0 0.66426 0.57492 0.00982 0.01169
0 0.68216 0.34539 0.01674 0.01429
0 0.67783 0.33240 0.02425 0.01862
0 0.67061 0.32135 0.01790 0.01646
0 0.69457 0.32048 0.03118 0.01992
0 0.66657 0.34257 0.02252 0.01906
0 0.67667 0.36163 0.02079 0.02339
0 0.74047 0.44002 0.01443 0.01906
0 0.74221 0.42248 0.01674 0.02382
0 0.74711 0.39996 0.01617 0.01862
0 0.76559 0.30273 0.01270 0.01732
0 0.72286 0.35925 0.01732 0.02209
0 0.72575 0.37874 0.02079 0.01862
0 0.44890 0.34344 0.01443 0.01992
0 0.44457 0.32373 0.01501 0.02295
0 0.84440 0.75097 0.01212 0.01732
0 0.84411 0.73278 0.01155 0.01819
0 0.84498 0.71459 0.01328 0.01819
0 0.84411 0.69641 0.01155 0.01559
0 0.84353 0.67973 0.01270 0.02036
0 0.84325 0.65873 0.01559 0.02252
0 0.84353 0.64075 0.01732 0.01776
0 0.84267 0.62126 0.01790 0.02122
0 0.84296 0.60394 0.02079 0.02209
0 0.84209 0.58510 0.01905 0.02339
0 0.84122 0.56561 0.01732 0.02165
0 0.84267 0.54547 0.02021 0.02642
0 0.83834 0.52858 0.01155 0.01949
0 0.83978 0.51083 0.01328 0.02295
0 0.83863 0.49069 0.00866 0.02252
0 0.85133 0.53335 0.01674 0.01776
0 0.85277 0.51732 0.01963 0.02036
0 0.85306 0.49697 0.02252 0.02209
0 0.85046 0.47596 0.02656 0.02079
0 0.86143 0.45409 0.00924 0.01862
0 0.84902 0.45864 0.02483 0.01819
0 0.84815 0.44153 0.02425 0.01862
0 0.84325 0.42334 0.01905 0.02469
0 0.83920 0.40212 0.02136 0.02209
0 0.83372 0.38198 0.02425 0.02079
0 0.82794 0.36466 0.02771 0.02165
0 0.82361 0.34669 0.02598 0.02036
0 0.81899 0.32482 0.02714 0.02685
0 0.81640 0.30598 0.02540 0.02382
0 0.81495 0.28605 0.02483 0.02382
0 0.81178 0.26505 0.01848 0.02425
0 0.80803 0.24491 0.01328 0.01949
0 0.75087 0.25725 0.05254 0.02685
0 0.75144 0.28302 0.04446 0.02555
0 0.74192 0.36033 0.04042 0.02512
0 0.74538 0.38133 0.03118 0.02295
0 0.72835 0.39627 0.02367 0.01906
0 0.72893 0.41425 0.02598 0.02209
0 0.72922 0.43287 0.02771 0.01776
0 0.72719 0.45020 0.02598 0.02036
0 0.72575 0.46795 0.02309 0.02036
0 0.72517 0.48657 0.02425 0.01949
0 0.72431 0.50650 0.02367 0.02036
0 0.72315 0.52599 0.02252 0.01949
0 0.72431 0.54439 0.02367 0.02165
0 0.72460 0.56366 0.02309 0.01862
0 0.72460 0.58250 0.02309 0.02165
0 0.73181 0.33824 0.05600 0.02772
0 0.73355 0.32157 0.05370 0.02122
0 0.72604 0.30381 0.05485 0.01862
0 0.67898 0.29991 0.04042 0.02902
0 0.71391 0.28411 0.05831 0.02512
0 0.70381 0.26592 0.06120 0.02339
0 0.70092 0.24686 0.04850 0.02425
0 0.68303 0.22001 0.04965 0.03118
0 0.68014 0.19489 0.04388 0.02599
0 0.68331 0.17172 0.02714 0.02555
0 0.71738 0.22347 0.03984 0.02858
0 0.71305 0.20074 0.03811 0.02469
0 0.70843 0.17735 0.03811 0.02642
0 0.75722 0.23452 0.04446 0.02728
0 0.75404 0.21395 0.04734 0.03205
0 0.74740 0.19034 0.04677 0.02555
0 0.74047 0.17085 0.04446 0.02469
0 0.78464 0.20052 0.03233 0.02772
0 0.77136 0.17692 0.03695 0.02382
0 0.75548 0.15548 0.04330 0.02165
0 0.70872 0.15353 0.05370 0.02642
0 0.66801 0.15245 0.02887 0.02339
0 0.65791 0.17432 0.02829 0.03421
0 0.64665 0.20442 0.02079 0.02599
0 0.64809 0.22845 0.02598 0.02382
0 0.66455 0.25011 0.03002 0.02469
0 0.65040 0.25206 0.02136 0.01819
0 0.65618 0.27696 0.04330 0.03335
0 0.65214 0.30511 0.02829 0.02815
0 0.65242 0.33240 0.02656 0.03335
0 0.65820 0.36618 0.03349 0.03508
0 0.85797 0.43807 0.01270 0.01689
0 0.85537 0.42161 0.01559 0.01949
0 0.85219 0.40255 0.01732 0.02036
0 0.85017 0.38328 0.01328 0.01992
0 0.84411 0.36509 0.01732 0.02079
0 0.84353 0.34820 0.01848 0.01732
0 0.84065 0.33001 0.01963 0.02252
0 0.83805 0.31226 0.02136 0.02079
0 0.83603 0.29168 0.01963 0.02295
0 0.82996 0.27090 0.01905 0.02555
0 0.82506 0.24946 0.02194 0.02252
0 0.81784 0.23105 0.02136 0.02209
0 0.81178 0.20810 0.02656 0.02815
0 0.79937 0.18341 0.02945 0.02902
0 0.78522 0.15894 0.03002 0.02425
0 0.77425 0.13642 0.02194 0.02252
0 0.74942 0.13404 0.04273 0.02382
0 0.75751 0.11715 0.02309 0.01776
0 0.73614 0.11650 0.04042 0.02425
0 0.70179 0.13274 0.04561 0.02122
0 0.70121 0.11607 0.03637 0.02165
0 0.71594 0.10243 0.04042 0.01862
0 0.71132 0.09138 0.03580 0.01299
0 0.68129 0.10741 0.03118 0.02858
0 0.66801 0.13231 0.03464 0.02295
0 0.64896 0.15569 0.01270 0.02382
0 0.63972 0.17518 0.01270 0.02469
0 0.63713 0.19922 0.01559 0.02772
0 0.62962 0.22326 0.01328 0.02555
0 0.63077 0.24491 0.02136 0.02382
0 0.63135 0.26353 0.02136 0.02295
0 0.63077 0.28411 0.02252 0.02252
0 0.63106 0.30208 0.02079 0.02122
0 0.63395 0.32092 0.01617 0.01906
0 0.63655 0.33997 0.02021 0.02079
0 0.63539 0.35622 0.01905 0.01602
0 0.63828 0.37375 0.01905 0.02165
0 0.63943 0.39324 0.02021 0.01646
0 0.64203 0.41165 0.02540 0.02122
0 0.64261 0.43049 0.02309 0.01906
0 0.64319 0.44890 0.02309 0.01862
0 0.64636 0.46514 0.02367 0.01732
0 0.64636 0.48073 0.02252 0.01732
0 0.64838 0.49935 0.02309 0.02079
0 0.65012 0.52079 0.01848 0.02469
0 0.66340 0.38133 0.03695 0.02122
0 0.66426 0.39844 0.03406 0.02165
0 0.66397 0.41576 0.02771 0.02252
0 0.66340 0.43634 0.02540 0.02209
0 0.66137 0.45366 0.02252 0.02036
0 0.66166 0.47423 0.02079 0.02425
0 0.65271 0.54071 0.01328 0.01429
0 0.66051 0.49220 0.01732 0.01862
0 0.66195 0.50931 0.01559 0.01646
0 0.66282 0.52685 0.01270 0.02036
0 0.66137 0.54418 0.01443 0.01862
0 0.65993 0.55868 0.01732 0.02252
0 0.33978 0.30338 0.00520 0.01343
0 0.33920 0.32178 0.00520 0.01213
0 0.33689 0.33781 0.00866 0.02079
0 0.33747 0.35665 0.00751 0.01949
0 0.33603 0.37505 0.00924 0.01819
0 0.33430 0.39216 0.00924 0.01776
0 0.33314 0.40927 0.00808 0.01906
0 0.33199 0.42681 0.00924 0.01776
0 0.33112 0.44478 0.00866 0.01906
0 0.33025 0.46254 0.00808 0.01646
0 0.33025 0.47965 0.00577 0.01776
0 0.33025 0.49675 0.00693 0.01732
0 0.33054 0.51364 0.00635 0.01732
0 0.33054 0.52880 0.00751 0.01386
0 0.33083 0.54504 0.00808 0.01862
0 0.33170 0.56215 0.00866 0.01732
0 0.35133 0.28562 0.02829 0.01949
0 0.35335 0.26830 0.02425 0.02122
0 0.35508 0.24989 0.02425 0.02165
0 0.35912 0.23192 0.02309 0.02209
0 0.36634 0.20940 0.02714 0.02642
0 0.37529 0.18558 0.02079 0.02209
0 0.55947 0.33932 0.01732 0.02642
0 0.53868 0.35318 0.02656 0.02815
0 0.54388 0.33088 0.03233 0.03032
0 0.55976 0.31680 0.01443 0.01862
0 0.54590 0.30598 0.02483 0.02555
0 0.55514 0.29732 0.02252 0.02122
0 0.54965 0.28107 0.03118 0.02079
0 0.54908 0.26483 0.03118 0.02036
0 0.54965 0.24534 0.01848 0.02295
0 0.54792 0.22239 0.01732 0.02815
0 0.53493 0.23365 0.02252 0.02555
0 0.50722 0.22521 0.04215 0.03205
0 0.51588 0.24903 0.05254 0.01906
0 0.51039 0.26483 0.04850 0.02295
0 0.51703 0.28389 0.05254 0.02122
0 0.51068 0.30186 0.05370 0.03465
0 0.50722 0.32720 0.05370 0.02902
0 0.51068 0.35557 0.05139 0.02599
0 0.51357 0.37917 0.05254 0.02295
0 0.51848 0.39779 0.05427 0.01862
0 0.52310 0.41576 0.04734 0.01992
0 0.52627 0.43136 0.03984 0.02165
0 0.52800 0.44760 0.04099 0.02469
0 0.53002 0.46687 0.04388 0.02945
0 0.53031 0.48766 0.04215 0.02339
0 0.53031 0.50325 0.03868 0.02079
0 0.52800 0.51884 0.03522 0.02425
0 0.52598 0.53725 0.03349 0.02728
0 0.52338 0.55522 0.02829 0.02339
0 0.52310 0.57103 0.02309 0.01862
0 0.52281 0.59008 0.02021 0.02728
0 0.52252 0.83088 0.01039 0.02036
0 0.52136 0.81356 0.01155 0.02555
0 0.52194 0.79385 0.01501 0.02165
0 0.52136 0.77523 0.01732 0.02165
0 0.51963 0.75704 0.01963 0.01992
0 0.51703 0.73885 0.02136 0.02252
0 0.51530 0.72261 0.02136 0.02036
0 0.51530 0.70593 0.02367 0.02252
0 0.51386 0.68731 0.02540 0.02165
0 0.51299 0.67020 0.02483 0.01862
0 0.50953 0.65396 0.02367 0.01906
0 0.50924 0.63621 0.02656 0.01819
0 0.50577 0.61867 0.02887 0.01949
0 0.50491 0.60286 0.02945 0.01992
0 0.50260 0.58467 0.03291 0.02165
0 0.50144 0.56843 0.02945 0.01862
0 0.49856 0.55219 0.03060 0.02079
0 0.49913 0.53356 0.03176 0.01906
0 0.49856 0.51732 0.03176 0.02036
0 0.49827 0.50130 0.03464 0.02036
0 0.49769 0.48203 0.03349 0.01992
0 0.49711 0.46470 0.03118 0.01992
0 0.49480 0.44651 0.03695 0.02425
0 0.49134 0.42919 0.03580 0.02252
0 0.48528 0.40970 0.03637 0.02425
0 0.48066 0.39021 0.03868 0.01992
0 0.47662 0.37137 0.04215 0.02036
0 0.47373 0.35275 0.04561 0.02122
0 0.47604 0.33391 0.04908 0.02079
0 0.46911 0.31377 0.04908 0.02295
0 0.47027 0.29407 0.04099 0.02512
0 0.47027 0.27328 0.04330 0.02252
0 0.44169 0.30165 0.01617 0.02642
0 0.44197 0.27588 0.01674 0.02512
0 0.47113 0.25141 0.05427 0.02815
0 0.46940 0.22932 0.04503 0.02642
0 0.43967 0.25054 0.02021 0.03075
0 0.43851 0.22694 0.02367 0.02425
0 0.46622 0.20853 0.03406 0.03162
0 0.43764 0.20377 0.02656 0.02902
0 0.43967 0.18211 0.03522 0.02555
0 0.42869 0.16306 0.02598 0.01689
0 0.45006 0.14465 0.05139 0.02685
0 0.46218 0.16457 0.04792 0.02685
0 0.46911 0.18558 0.03522 0.02555
0 0.50404 0.20290 0.03695 0.03162
0 0.52858 0.20897 0.03060 0.02815
0 0.53695 0.19576 0.02425 0.01992
0 0.52945 0.17518 0.02079 0.02382
0 0.50635 0.17822 0.04273 0.03508
0 0.51992 0.15223 0.02021 0.02209
0 0.50144 0.15569 0.04446 0.02642
0 0.50202 0.13166 0.02252 0.02425
0 0.48297 0.13772 0.04330 0.02685
0 0.47662 0.11434 0.03406 0.02252
0 0.45208 0.12733 0.03580 0.01906
0 0.45525 0.11087 0.02714 0.02339
0 0.42869 0.12105 0.03060 0.01429
0 0.41772 0.13794 0.03522 0.02555
0 0.40473 0.15678 0.04042 0.02252
0 0.39723 0.17822 0.04042 0.02815
0 0.39261 0.20117 0.04042 0.02988
0 0.37962 0.22304 0.02598 0.02599
0 0.37644 0.24231 0.02771 0.02036
0 0.37471 0.26375 0.02540 0.02772
0 0.37298 0.28346 0.02309 0.01949
0 0.40040 0.22217 0.02136 0.02685
0 0.39810 0.24470 0.02252 0.02772
0 0.39348 0.26115 0.02598 0.02512
0 0.39088 0.28042 0.02425 0.02209
0 0.35508 0.30511 0.01732 0.02122
0 0.37096 0.30186 0.02598 0.01992
0 0.38943 0.30013 0.02829 0.01992
0 0.39174 0.32048 0.02252 0.02425
0 0.37067 0.32027 0.02540 0.02122
0 0.38337 0.34236 0.04157 0.02469
0 0.38510 0.36250 0.03580 0.02685
0 0.38539 0.37830 0.03060 0.01949
0 0.38453 0.39649 0.02771 0.01949
0 0.38337 0.41620 0.02309 0.02339
0 0.38279 0.43460 0.02079 0.01862
0 0.38193 0.45020 0.01905 0.01776
0 0.38164 0.46817 0.01848 0.02079
0 0.38048 0.48614 0.01617 0.01862
0 0.38164 0.50650 0.01501 0.02469
0 0.38251 0.52534 0.01443 0.01819
0 0.38482 0.54136 0.01790 0.01559
0 0.38655 0.55738 0.01790 0.01732
0 0.38626 0.57492 0.01617 0.02036
0 0.23787 0.79818 0.01617 0.02339
0 0.23787 0.78107 0.01386 0.01862
0 0.23816 0.76527 0.01328 0.01732
0 0.23730 0.74816 0.01386 0.02036
0 0.23557 0.73127 0.01270 0.01949
0 0.23586 0.71308 0.01212 0.02036
0 0.23470 0.69576 0.00982 0.02122
0 0.23528 0.67497 0.00866 0.02036
0 0.23383 0.65526 0.01155 0.01906
0 0.23297 0.63512 0.01328 0.02469
0 0.23326 0.61369 0.01270 0.02425
0 0.23412 0.59052 0.01443 0.02295
0 0.23412 0.56886 0.01559 0.02555
0 0.23499 0.55175 0.01617 0.02079
0 0.23557 0.53226 0.01848 0.02252
0 0.23585 0.51104 0.01790 0.02425
0 0.23643 0.49134 0.01443 0.02122
0 0.23759 0.47401 0.01212 0.02209
0 0.23701 0.45734 0.00866 0.02252
0 0.12644 0.56085 0.01501 0.01992
0 0.12644 0.54201 0.01501 0.02295
0 0.12673 0.52469 0.01443 0.02036
0 0.12760 0.50628 0.01386 0.01992
0 0.12962 0.49069 0.01674 0.02079
0 0.13020 0.46968 0.01443 0.02469
0 0.13222 0.44760 0.01501 0.02122
0 0.13510 0.42854 0.01963 0.02469
0 0.13857 0.40992 0.01963 0.02295
0 0.14174 0.38458 0.02021 0.02858
0 0.15445 0.36444 0.01905 0.02036
0 0.14030 0.36011 0.01617 0.02209
0 0.13655 0.33803 0.01559 0.02555
0 0.15473 0.34127 0.02771 0.02858
0 0.15733 0.32157 0.03176 0.02382
0 0.16080 0.29991 0.03637 0.02555
0 0.15964 0.27999 0.04330 0.02209
0 0.16397 0.26158 0.04503 0.02252
0 0.16744 0.24275 0.05427 0.02209
0 0.16744 0.22196 0.05774 0.02209
0 0.16426 0.20355 0.04677 0.01732
0 0.16311 0.18623 0.05370 0.02339
0 0.16368 0.16522 0.05023 0.02382
0 0.17234 0.14292 0.04908 0.02079
0 0.19977 0.16111 0.04157 0.02425
0 0.20554 0.18428 0.03811 0.02728
0 0.20468 0.20528 0.03637 0.02945
0 0.21391 0.23365 0.04330 0.02815
0 0.22402 0.25466 0.02771 0.02165
0 0.21449 0.14444 0.04792 0.02815
0 0.22777 0.16587 0.04446 0.02425
0 0.23643 0.18536 0.03522 0.02252
0 0.24018 0.20853 0.03580 0.03248
0 0.23585 0.22629 0.04330 0.03075
0 0.22893 0.36661 0.01443 0.02469
0 0.22402 0.34387 0.02540 0.02425
0 0.22460 0.32568 0.03118 0.02079
0 0.22489 0.30879 0.03406 0.02252
0 0.22431 0.28692 0.03176 0.03075
0 0.25808 0.27718 0.02079 0.01732
0 0.23095 0.27306 0.04273 0.02642
0 0.26213 0.23907 0.01963 0.02339
0 0.25318 0.25769 0.03753 0.03378
0 0.25375 0.29450 0.03753 0.02165
0 0.25722 0.31377 0.03522 0.02209
0 0.26039 0.33283 0.02887 0.02555
0 0.26443 0.35188 0.03002 0.02469
0 0.26674 0.36921 0.02771 0.01949
0 0.27598 0.38740 0.04042 0.02382
0 0.28839 0.42876 0.01559 0.03032
0 0.29157 0.44998 0.00924 0.01299
0 0.29244 0.46427 0.01443 0.01732
0 0.29446 0.48116 0.01848 0.01732
0 0.27627 0.42378 0.02598 0.02382
0 0.28118 0.44305 0.02309 0.01732
0 0.28262 0.45864 0.01905 0.01732
0 0.28407 0.47683 0.01501 0.01992
0 0.29388 0.49784 0.02309 0.02209
0 0.29821 0.51516 0.01443 0.01516
0 0.30110 0.53032 0.01443 0.01689
0 0.30369 0.54547 0.00924 0.01516
0 0.27367 0.40537 0.02656 0.02079
0 0.29157 0.41057 0.00924 0.01732
0 0.28984 0.39216 0.01270 0.02209
0 0.28580 0.37592 0.01732 0.01992
0 0.28724 0.35860 0.01905 0.02079
0 0.28407 0.34236 0.02309 0.01862
0 0.28291 0.32720 0.02309 0.02036
0 0.28291 0.30858 0.02540 0.02122
0 0.28031 0.29233 0.02367 0.02079
0 0.27973 0.27479 0.02714 0.01949
0 0.27916 0.25639 0.02021 0.02165
0 0.27252 0.23841 0.02656 0.02036
0 0.26876 0.22109 0.02714 0.02555
0 0.26270 0.20225 0.02771 0.02685
0 0.25751 0.17800 0.02425 0.02599
0 0.24336 0.15461 0.02829 0.02685
0 0.23730 0.13729 0.01732 0.01992
0 0.22835 0.13469 0.01443 0.01819
0 0.20987 0.12668 0.02829 0.02036
0 0.21334 0.11867 0.03060 0.01646
0 0.18303 0.10481 0.03349 0.01992
0 0.16975 0.11390 0.05658 0.01992
0 0.17090 0.12278 0.05427 0.02555
0 0.13684 0.12949 0.01848 0.01126
0 0.11749 0.14855 0.00982 0.01213
0 0.13453 0.14422 0.02425 0.02512
0 0.14376 0.14768 0.02194 0.02685
0 0.12846 0.16717 0.02483 0.02599
0 0.12356 0.19099 0.02771 0.02599
0 0.12096 0.21178 0.03176 0.02339
0 0.12067 0.22780 0.03233 0.02079
0 0.12211 0.24448 0.03176 0.02209
0 0.11952 0.26397 0.03695 0.02209
0 0.12038 0.28324 0.03637 0.02252
0 0.12298 0.30316 0.03464 0.02512
0 0.12154 0.31854 0.03060 0.01776
0 0.11576 0.16457 0.02136 0.02425
0 0.10306 0.18558 0.01790 0.02469
0 0.09584 0.20918 0.02194 0.02685
0 0.08458 0.22975 0.00982 0.01949
0 0.09411 0.22672 0.01963 0.02209
0 0.09671 0.26180 0.01559 0.01862
0 0.09007 0.24599 0.01848 0.01992
0 0.07939 0.25227 0.00982 0.01689
0 0.08516 0.26548 0.01328 0.01992
0 0.07766 0.26895 0.01328 0.01906
0 0.07535 0.28605 0.01328 0.01862
0 0.07823 0.30251 0.01443 0.02295
0 0.09036 0.28194 0.02714 0.02339
0 0.09267 0.30013 0.02714 0.01906
0 0.07506 0.32200 0.01155 0.01776
0 0.09296 0.31745 0.03002 0.02252
0 0.07823 0.33911 0.01559 0.02079
0 0.07766 0.35665 0.01559 0.01689
0 0.07015 0.38393 0.00635 0.00996
0 0.07794 0.37181 0.01963 0.02122
0 0.07794 0.38956 0.01963 0.01862
0 0.09209 0.33564 0.02367 0.02425
0 0.09267 0.35318 0.01905 0.02469
0 0.09151 0.37072 0.01559 0.01819
0 0.09094 0.38761 0.01443 0.02252
0 0.06986 0.40126 0.00924 0.01169
0 0.06697 0.41620 0.00808 0.01559
0 0.07881 0.40840 0.02252 0.02079
0 0.09036 0.40689 0.00982 0.02036
0 0.07794 0.42551 0.02425 0.01862
0 0.06611 0.43764 0.00982 0.01516
0 0.06582 0.45474 0.01039 0.01559
0 0.06553 0.47228 0.01212 0.01862
0 0.06438 0.48917 0.01212 0.01602
0 0.06553 0.50888 0.00866 0.01472
0 0.07592 0.44348 0.02021 0.01992
0 0.07448 0.46189 0.02079 0.02382
0 0.07333 0.48116 0.01617 0.01646
0 0.07188 0.50000 0.01790 0.02122
0 0.07073 0.52945 0.01443 0.01689
0 0.07246 0.51906 0.01559 0.02382
0 0.07246 0.54591 0.01097 0.02122
