0 0.50820 0.27552 0.01328 0.01979
0 0.52578 0.25547 0.01719 0.01927
0 0.52031 0.27422 0.02188 0.02240
0 0.32109 0.75859 0.02187 0.01198
0 0.29102 0.58464 0.01484 0.01510
0 0.31797 0.50911 0.02187 0.02135
0 0.36875 0.43229 0.02031 0.01875
0 0.35898 0.45000 0.01953 0.01667
0 0.77031 0.29870 0.02500 0.02240
0 0.77461 0.26328 0.02109 0.01302
0 0.77070 0.27552 0.02734 0.02604
0 0.74414 0.29115 0.02109 0.01771
0 0.76016 0.33255 0.02656 0.02656
0 0.77500 0.24088 0.03125 0.02760
0 0.55117 0.61589 0.02891 0.01927
0 0.56914 0.59687 0.02734 0.01458
0 0.57773 0.57969 0.03828 0.01667
0 0.59219 0.56146 0.03438 0.01562
0 0.59961 0.54453 0.02422 0.01615
0 0.61953 0.53021 0.04063 0.01875
0 0.62461 0.51146 0.03516 0.01875
0 0.63281 0.49766 0.03594 0.01719
0 0.64375 0.48099 0.03281 0.01719
0 0.64688 0.46380 0.02344 0.01615
0 0.61094 0.46276 0.03906 0.01823
0 0.60508 0.47839 0.04141 0.01719
0 0.59297 0.49427 0.04062 0.01875
0 0.58398 0.51198 0.04297 0.01979
0 0.57500 0.52917 0.04219 0.01771
0 0.56367 0.54375 0.03828 0.01771
0 0.55391 0.56042 0.03750 0.01667
0 0.54102 0.57552 0.03047 0.01667
0 0.53477 0.59323 0.04141 0.01979
0 0.52227 0.60729 0.03828 0.01771
0 0.51250 0.62344 0.03906 0.01771
0 0.49844 0.63828 0.04062 0.01615
0 0.48984 0.65417 0.04688 0.01771
0 0.47734 0.67109 0.04688 0.01719
0 0.46133 0.68672 0.04453 0.01823
0 0.45000 0.70287 0.02969 0.01510
0 0.28711 0.62656 0.02422 0.01875
0 0.49336 0.29844 0.02109 0.01562
0 0.47383 0.31745 0.02109 0.01927
0 0.45898 0.33568 0.02734 0.02135
0 0.44219 0.35417 0.02500 0.01771
0 0.42852 0.37057 0.02109 0.01615
0 0.41836 0.38906 0.02578 0.01875
0 0.40156 0.40547 0.02031 0.02031
0 0.38906 0.42109 0.02187 0.02031
0 0.37773 0.43880 0.02578 0.01719
0 0.36602 0.45287 0.01641 0.01615
0 0.35820 0.46797 0.03203 0.02135
0 0.34531 0.48229 0.02813 0.02083
0 0.33555 0.49922 0.02422 0.01615
0 0.32812 0.51562 0.02500 0.01667
0 0.29648 0.57005 0.02422 0.01615
0 0.31836 0.53229 0.02734 0.02083
0 0.30859 0.55339 0.02656 0.01927
0 0.43516 0.40286 0.03281 0.02448
0 0.44883 0.38672 0.03672 0.02552
0 0.41133 0.73333 0.05391 0.01875
0 0.41172 0.71797 0.05312 0.01719
0 0.40664 0.70260 0.05547 0.01771
0 0.40703 0.68646 0.04844 0.02396
0 0.41797 0.67188 0.05312 0.02396
0 0.43203 0.65703 0.05469 0.02552
0 0.44023 0.64323 0.05234 0.02812
0 0.45469 0.62813 0.05000 0.02708
0 0.46914 0.61224 0.05234 0.02969
0 0.48008 0.59245 0.05078 0.02760
0 0.49219 0.57812 0.05000 0.02604
0 0.50391 0.56146 0.05000 0.02708
0 0.51484 0.54609 0.05313 0.02552
0 0.52266 0.53021 0.05312 0.02500
0 0.53086 0.51510 0.05391 0.02604
0 0.53867 0.49714 0.05547 0.02656
0 0.55078 0.47995 0.05313 0.02656
0 0.56367 0.46276 0.05234 0.02656
0 0.57578 0.44635 0.05313 0.02812
0 0.40391 0.61172 0.05312 0.02865
0 0.41641 0.59661 0.05312 0.02656
0 0.42695 0.58099 0.04922 0.02969
0 0.43750 0.56406 0.05000 0.02813
0 0.44961 0.54896 0.04922 0.02708
0 0.46055 0.53359 0.05547 0.02760
0 0.46797 0.51641 0.05625 0.02865
0 0.47734 0.49948 0.05156 0.02708
0 0.48281 0.48307 0.05156 0.02865
0 0.49570 0.46562 0.05078 0.02917
0 0.50937 0.44870 0.05000 0.02865
0 0.52305 0.43359 0.04922 0.02865
0 0.53516 0.41927 0.04844 0.03021
0 0.49297 0.33490 0.03906 0.02708
0 0.47578 0.35156 0.03906 0.02708
0 0.46094 0.36953 0.03906 0.02656
0 0.42305 0.41719 0.03672 0.02812
0 0.40938 0.43333 0.03750 0.02396
0 0.40273 0.44922 0.03672 0.02656
0 0.39023 0.46693 0.03516 0.02552
0 0.37969 0.48463 0.04063 0.02344
0 0.36992 0.50052 0.04609 0.02708
0 0.36016 0.51588 0.04219 0.02656
0 0.35117 0.53073 0.03828 0.02604
0 0.34141 0.54662 0.03750 0.02865
0 0.32969 0.56432 0.03437 0.02448
0 0.31953 0.58047 0.03438 0.02552
0 0.30547 0.59297 0.02500 0.02552
0 0.29219 0.60703 0.02812 0.02344
0 0.52812 0.35599 0.04688 0.02969
0 0.51406 0.37266 0.04844 0.02865
0 0.49961 0.39088 0.04609 0.02760
0 0.48555 0.40703 0.04609 0.02656
0 0.47070 0.42344 0.04453 0.02917
0 0.42461 0.48958 0.04922 0.02604
0 0.45820 0.44037 0.04609 0.02865
0 0.44414 0.45599 0.04766 0.02656
0 0.43203 0.47292 0.05000 0.02813
0 0.41484 0.50599 0.05156 0.02865
0 0.40586 0.52292 0.04766 0.02708
0 0.39570 0.53698 0.05234 0.02917
0 0.38594 0.55443 0.05312 0.02865
0 0.37500 0.57344 0.05469 0.03125
0 0.36211 0.58490 0.04766 0.02812
0 0.34805 0.60130 0.05391 0.02969
0 0.33711 0.61641 0.04609 0.03177
0 0.38789 0.62552 0.04922 0.02813
0 0.37656 0.64115 0.05156 0.02813
0 0.32305 0.62917 0.04297 0.02500
0 0.35977 0.65469 0.05391 0.02813
0 0.30898 0.64766 0.05078 0.02552
0 0.30117 0.66016 0.04766 0.02865
0 0.30195 0.74662 0.03047 0.02031
0 0.30547 0.71172 0.04688 0.04427
0 0.30039 0.68021 0.04609 0.02292
0 0.35195 0.67162 0.05391 0.02656
0 0.35000 0.68984 0.05156 0.02135
0 0.35352 0.70833 0.05391 0.02188
0 0.35352 0.72708 0.05547 0.02500
0 0.33516 0.74141 0.04375 0.02760
0 0.50664 0.31797 0.04766 0.02760
0 0.52031 0.29766 0.04375 0.02656
0 0.54062 0.27812 0.04063 0.02500
0 0.54883 0.40260 0.05547 0.03229
0 0.56875 0.38125 0.05625 0.03125
0 0.60703 0.41016 0.05937 0.02969
0 0.58789 0.42786 0.05547 0.03177
0 0.62422 0.44687 0.03594 0.02500
0 0.65742 0.44583 0.03047 0.01979
0 0.66953 0.42943 0.02969 0.02031
0 0.63711 0.43099 0.03984 0.02448
0 0.65000 0.41172 0.04375 0.02552
0 0.67188 0.39427 0.03906 0.02396
0 0.70703 0.32578 0.05000 0.02448
0 0.69102 0.34896 0.05078 0.02604
0 0.67891 0.37370 0.04844 0.02865
0 0.62773 0.38828 0.06016 0.03906
0 0.58594 0.36354 0.06094 0.02813
0 0.54727 0.33854 0.04766 0.02813
0 0.55469 0.32031 0.05156 0.02917
0 0.60156 0.34088 0.05625 0.02865
0 0.64219 0.35755 0.05156 0.02969
0 0.57461 0.30026 0.05078 0.02969
0 0.62266 0.29896 0.02969 0.01875
0 0.56250 0.23542 0.02344 0.01979
0 0.54922 0.25182 0.03438 0.02344
0 0.56484 0.26042 0.04688 0.03021
0 0.60117 0.27865 0.05547 0.03438
0 0.58516 0.24167 0.04219 0.02917
0 0.60195 0.21563 0.04141 0.02708
0 0.63750 0.20781 0.04375 0.03125
0 0.61758 0.23177 0.04922 0.03021
0 0.62031 0.25703 0.04375 0.02344
0 0.64922 0.24583 0.04375 0.02708
0 0.66133 0.33281 0.05547 0.03125
0 0.64648 0.31302 0.10391 0.04271
0 0.72266 0.30156 0.04844 0.02812
0 0.74219 0.26771 0.03281 0.02708
0 0.71992 0.27240 0.04141 0.02604
