0 0.29818 0.37690 0.01094 0.03707
0 0.28802 0.38023 0.01146 0.03422
0 0.28802 0.33935 0.02083 0.05703
0 0.28880 0.28802 0.02552 0.06654
0 0.29219 0.23622 0.03229 0.06749
0 0.29141 0.17918 0.02969 0.07129
0 0.29531 0.12643 0.03229 0.06464
0 0.29635 0.07462 0.03646 0.06369
0 0.29818 0.02662 0.03490 0.05323
0 0.25339 0.02281 0.05990 0.04563
0 0.25313 0.05133 0.05833 0.07985
0 0.25521 0.10884 0.05729 0.08650
0 0.25026 0.15970 0.05781 0.08365
0 0.25156 0.21768 0.05521 0.07414
0 0.25208 0.27566 0.05938 0.07605
0 0.25417 0.32795 0.05625 0.06844
0 0.25703 0.38546 0.05990 0.07129
0 0.26172 0.44487 0.05573 0.07605
0 0.25495 0.50618 0.05781 0.06939
0 0.25182 0.56511 0.05469 0.08270
0 0.24792 0.62405 0.05625 0.09411
0 0.24401 0.68679 0.05781 0.07700
0 0.24219 0.74667 0.05104 0.06939
0 0.23672 0.79800 0.04844 0.07319
0 0.23359 0.84220 0.04219 0.04373
0 0.23958 0.89116 0.04896 0.07129
0 0.01146 0.01521 0.02292 0.03042
0 0.01328 0.04468 0.02656 0.05323
0 0.01146 0.09838 0.02292 0.05418
0 0.01068 0.15399 0.02135 0.06084
0 0.01224 0.20770 0.02448 0.04848
0 0.01094 0.25475 0.02187 0.05133
0 0.01172 0.30418 0.02344 0.05513
0 0.01328 0.35979 0.02656 0.06369
0 0.01250 0.42158 0.02500 0.07319
0 0.00911 0.47196 0.01823 0.05989
0 0.00651 0.52614 0.01302 0.05608
0 0.00417 0.58222 0.00833 0.03707
0 0.05234 0.01996 0.06406 0.03992
0 0.05547 0.05608 0.07135 0.07034
0 0.05156 0.11597 0.06979 0.07414
0 0.05234 0.16682 0.07135 0.07319
0 0.05339 0.22433 0.07552 0.07414
0 0.05599 0.27899 0.07865 0.06939
0 0.05729 0.33032 0.07500 0.06749
0 0.05937 0.39164 0.07708 0.07414
0 0.05547 0.45200 0.07656 0.07129
0 0.04792 0.50048 0.08021 0.07510
0 0.19349 0.01806 0.06823 0.03612
0 0.19401 0.05418 0.07031 0.08555
0 0.19193 0.10741 0.07552 0.08175
0 0.12240 0.02329 0.07813 0.04658
0 0.12240 0.06226 0.07813 0.07510
0 0.12318 0.11930 0.08802 0.07319
0 0.19297 0.17110 0.07760 0.08175
0 0.19505 0.22766 0.06823 0.06749
0 0.19505 0.27994 0.07240 0.06559
0 0.20078 0.33840 0.07552 0.07985
0 0.20521 0.40732 0.07812 0.08650
0 0.20417 0.47624 0.07917 0.08745
0 0.19583 0.52852 0.07083 0.09125
0 0.19141 0.58650 0.07656 0.08175
0 0.18698 0.63783 0.07604 0.07795
0 0.18359 0.70247 0.08490 0.08365
0 0.17943 0.74810 0.07969 0.08555
0 0.18255 0.81749 0.07969 0.07795
0 0.18021 0.88451 0.07917 0.07890
0 0.23620 0.98907 0.04427 0.02186
0 0.23828 0.96245 0.04844 0.07510
0 0.18568 0.94487 0.07448 0.06654
0 0.18411 0.97909 0.07031 0.04183
0 0.12500 0.18061 0.08229 0.07034
0 0.12734 0.23336 0.08177 0.06749
0 0.12891 0.29088 0.08177 0.07224
0 0.13073 0.35028 0.08542 0.07510
0 0.13281 0.41445 0.07917 0.07605
0 0.12865 0.46958 0.08333 0.08555
0 0.12083 0.52376 0.08542 0.08935
0 0.11719 0.58698 0.08438 0.07510
0 0.04193 0.56321 0.08073 0.08270
0 0.03724 0.62595 0.07448 0.06559
0 0.03854 0.68203 0.07708 0.06749
0 0.03802 0.73669 0.07604 0.07414
0 0.03438 0.80513 0.06875 0.07985
0 0.03099 0.86835 0.06198 0.07319
0 0.11198 0.64496 0.08542 0.07890
0 0.10833 0.70532 0.08229 0.06654
0 0.10703 0.76236 0.08177 0.07795
0 0.10391 0.82557 0.08698 0.09411
0 0.10026 0.89306 0.09115 0.08080
0 0.03698 0.92538 0.07396 0.09411
0 0.04141 0.97719 0.08281 0.04563
0 0.11536 0.98907 0.07448 0.02186
0 0.11432 0.95675 0.08073 0.06939
0 0.29688 0.41825 0.01875 0.05513
0 0.29479 0.46911 0.02083 0.05798
0 0.29062 0.52329 0.02396 0.07319
0 0.28880 0.57557 0.02552 0.06179
0 0.28698 0.63308 0.03229 0.07414
0 0.28620 0.69154 0.03281 0.06179
0 0.28698 0.74287 0.03646 0.06939
0 0.28333 0.80989 0.03958 0.08175
0 0.28385 0.87500 0.04167 0.06749
0 0.28203 0.92776 0.04323 0.06274
0 0.27734 0.97243 0.03802 0.05513
0 0.32787 0.00665 0.01823 0.01331
0 0.32891 0.02947 0.03281 0.05894
0 0.32917 0.06939 0.03021 0.05894
0 0.32500 0.11930 0.03542 0.05989
0 0.32318 0.17776 0.03698 0.06464
0 0.32604 0.21958 0.04167 0.07795
0 0.32474 0.26616 0.04010 0.08175
0 0.32188 0.33127 0.04375 0.06369
0 0.32604 0.37167 0.05104 0.08745
0 0.32474 0.43061 0.04844 0.07605
0 0.32526 0.48336 0.05469 0.06939
0 0.32604 0.53232 0.05625 0.07795
0 0.32734 0.59886 0.06198 0.09506
0 0.32838 0.66255 0.06406 0.07034
0 0.32943 0.71578 0.06198 0.07414
0 0.32604 0.78422 0.06354 0.09316
0 0.32787 0.84934 0.06302 0.06939
0 0.32812 0.90352 0.06563 0.06369
0 0.32578 0.96293 0.06927 0.07414
0 0.39688 0.01141 0.01979 0.02281
0 0.36458 0.01711 0.04896 0.03422
0 0.36823 0.04705 0.05208 0.07129
0 0.36927 0.10456 0.05833 0.08175
0 0.37318 0.15304 0.06615 0.08555
0 0.37187 0.20722 0.06354 0.08555
0 0.37500 0.26664 0.07292 0.09411
0 0.38021 0.31226 0.07396 0.08840
0 0.38021 0.37547 0.07188 0.07795
0 0.38125 0.42586 0.06771 0.07605
0 0.38672 0.48051 0.07448 0.09221
0 0.39245 0.54040 0.08073 0.08840
0 0.39219 0.61549 0.08021 0.08460
0 0.39688 0.67395 0.08229 0.07034
0 0.39088 0.73527 0.08073 0.08460
0 0.39323 0.80561 0.08437 0.09411
0 0.39271 0.88165 0.08125 0.07700
0 0.38177 0.99715 0.04375 0.00570
0 0.39323 0.95437 0.08125 0.09125
0 0.65755 0.02376 0.02656 0.04753
0 0.65833 0.06987 0.02813 0.08460
0 0.62813 0.02567 0.04479 0.05133
0 0.57891 0.02519 0.06094 0.05038
0 0.51406 0.01568 0.08125 0.03137
0 0.43437 0.03422 0.08750 0.06844
0 0.43776 0.08175 0.08594 0.09125
0 0.44141 0.13355 0.07969 0.07700
0 0.44427 0.19677 0.08646 0.09125
0 0.66198 0.13213 0.02083 0.06084
0 0.66641 0.18489 0.02448 0.06369
0 0.66641 0.24192 0.02448 0.06939
0 0.66901 0.30371 0.02031 0.06559
0 0.66875 0.36264 0.02292 0.06749
0 0.66901 0.41968 0.02240 0.06179
0 0.66849 0.47291 0.01823 0.06179
0 0.67083 0.52424 0.01667 0.05608
0 0.62995 0.07462 0.04948 0.06939
0 0.63594 0.12690 0.05000 0.08460
0 0.63880 0.19106 0.04531 0.08365
0 0.63854 0.25285 0.04583 0.06654
0 0.64010 0.30893 0.05000 0.08365
0 0.58177 0.06702 0.06146 0.05798
0 0.58828 0.12120 0.06510 0.07700
0 0.58776 0.18536 0.07135 0.09125
0 0.58776 0.24905 0.06823 0.07034
0 0.58932 0.31369 0.06823 0.08745
0 0.51328 0.03755 0.08073 0.06939
0 0.51849 0.09886 0.09010 0.07795
0 0.51875 0.15637 0.08542 0.07700
0 0.51562 0.21055 0.08229 0.06369
0 0.51953 0.26616 0.08490 0.07414
0 0.52734 0.33460 0.08594 0.07795
0 0.64219 0.37405 0.04792 0.07510
0 0.64219 0.43013 0.03958 0.06369
0 0.65026 0.48669 0.03594 0.06084
0 0.64974 0.53755 0.04219 0.06749
0 0.65625 0.60029 0.04167 0.08650
0 0.65990 0.67158 0.03750 0.07319
0 0.65912 0.73479 0.04323 0.07985
0 0.65677 0.79373 0.04062 0.06844
0 0.65859 0.85694 0.04010 0.06749
0 0.65807 0.92158 0.04115 0.06939
0 0.59583 0.38783 0.06146 0.08175
0 0.60573 0.46673 0.05938 0.09316
0 0.60781 0.52376 0.04896 0.06084
0 0.61042 0.59173 0.06771 0.08840
0 0.61615 0.66873 0.06563 0.08650
0 0.61354 0.73717 0.06354 0.07700
0 0.61537 0.80228 0.06510 0.07795
0 0.61693 0.87025 0.06094 0.07700
0 0.65807 0.97528 0.03490 0.04943
0 0.62474 0.94487 0.05677 0.08555
0 0.61589 0.97386 0.05260 0.05228
0 0.53568 0.39686 0.08698 0.05989
0 0.53828 0.45247 0.08906 0.07605
0 0.54349 0.51996 0.08594 0.08555
0 0.53854 0.58365 0.08542 0.08175
0 0.54245 0.65257 0.09427 0.08650
0 0.54453 0.71483 0.08594 0.07605
0 0.54922 0.78184 0.08802 0.09030
0 0.54688 0.84933 0.08229 0.07890
0 0.55417 0.91112 0.08854 0.09791
0 0.54818 0.96293 0.09010 0.07414
0 0.44688 0.24952 0.07604 0.07510
0 0.44844 0.30846 0.07396 0.07510
0 0.45234 0.36217 0.09010 0.08935
0 0.45703 0.42491 0.09115 0.08745
0 0.46250 0.48574 0.08646 0.07985
0 0.46667 0.55513 0.08229 0.08935
0 0.46406 0.63260 0.08021 0.09030
0 0.46797 0.71055 0.07969 0.08840
0 0.47109 0.78707 0.08385 0.08935
0 0.46562 0.98859 0.07708 0.02281
0 0.47214 0.94867 0.08594 0.08745
0 0.47005 0.86407 0.09219 0.08935
0 0.69557 0.01141 0.02448 0.02281
0 0.69427 0.04230 0.02500 0.07319
0 0.69870 0.08555 0.02760 0.07985
0 0.69818 0.14116 0.02760 0.08080
0 0.69271 0.19534 0.01979 0.05228
0 0.69479 0.23479 0.03021 0.08745
0 0.69062 0.29991 0.02604 0.07700
0 0.69141 0.34411 0.02448 0.04943
0 0.69792 0.38688 0.03333 0.05894
0 0.69609 0.43203 0.03594 0.08840
0 0.69167 0.49097 0.03125 0.05798
0 0.69219 0.54658 0.03542 0.08555
0 0.69531 0.60314 0.02812 0.05228
0 0.69766 0.65542 0.03177 0.07510
0 0.69661 0.71435 0.03802 0.06559
0 0.69948 0.75760 0.03958 0.08175
0 0.69844 0.82082 0.03750 0.07700
0 0.70026 0.87310 0.03802 0.06559
0 0.70287 0.92300 0.04323 0.07414
0 0.70026 0.97576 0.04531 0.04848
0 0.73151 0.02662 0.05469 0.05323
0 0.73906 0.05323 0.06042 0.08745
0 0.73906 0.10028 0.06042 0.06939
0 0.73359 0.15875 0.06406 0.08555
0 0.73802 0.19439 0.06250 0.08270
0 0.72969 0.26901 0.06563 0.09506
0 0.73750 0.32842 0.07083 0.11692
0 0.74037 0.38926 0.06302 0.09601
0 0.73958 0.45532 0.07083 0.09316
0 0.73958 0.52804 0.07396 0.09981
0 0.74323 0.58603 0.07292 0.10741
0 0.74505 0.64449 0.07135 0.08365
0 0.74740 0.68774 0.06875 0.08270
0 0.75260 0.74240 0.08229 0.09316
0 0.74870 0.81559 0.07552 0.08935
0 0.75885 0.85979 0.08542 0.08460
0 0.75990 0.92443 0.08854 0.08650
0 0.75729 0.97386 0.08229 0.05228
0 0.80260 0.02471 0.08958 0.04943
0 0.80963 0.05228 0.09010 0.07985
0 0.80365 0.11264 0.08750 0.07319
0 0.80703 0.16017 0.08698 0.09411
0 0.78958 0.22434 0.05937 0.05703
0 0.80547 0.26283 0.09115 0.11692
0 0.81927 0.30703 0.09688 0.07985
0 0.81380 0.36502 0.10052 0.10076
0 0.82005 0.42015 0.09948 0.08365
0 0.81771 0.48812 0.10521 0.09030
0 0.82682 0.53660 0.10573 0.09601
0 0.82682 0.59838 0.10573 0.09791
0 0.83412 0.65684 0.11406 0.09506
0 0.84349 0.71293 0.11094 0.08555
0 0.83203 0.78612 0.10885 0.08745
0 0.84167 0.84363 0.10312 0.08650
0 0.84974 0.90257 0.10573 0.07510
0 0.84740 0.96578 0.10833 0.06844
0 0.96484 0.03137 0.07031 0.06274
0 0.96510 0.08888 0.06979 0.08460
0 0.96745 0.15447 0.06510 0.07319
0 0.96693 0.21626 0.06615 0.07890
0 0.97344 0.27472 0.05312 0.07224
0 0.97943 0.32890 0.04115 0.06464
0 0.97760 0.39021 0.04479 0.07319
0 0.98203 0.46293 0.03594 0.08365
0 0.98958 0.50380 0.02083 0.04563
0 0.98698 0.56559 0.02604 0.07795
0 0.99141 0.62453 0.01719 0.04373
0 0.98724 0.68013 0.02552 0.07129
0 0.98750 0.74002 0.02500 0.06179
0 0.98958 0.80513 0.02083 0.07224
0 0.99427 0.87310 0.01146 0.07319
0 0.99375 0.97576 0.01250 0.04848
0 0.89088 0.02471 0.09323 0.04943
0 0.88802 0.06464 0.08958 0.08745
0 0.89323 0.11312 0.09583 0.06084
0 0.89037 0.22766 0.09219 0.09981
0 0.89349 0.17205 0.09844 0.08935
0 0.90573 0.27139 0.08958 0.08080
0 0.91094 0.32700 0.09896 0.06844
0 0.90963 0.37975 0.10052 0.07890
0 0.91354 0.44962 0.10417 0.10266
0 0.92578 0.50903 0.10781 0.09221
0 0.92813 0.55893 0.10313 0.07034
0 0.93073 0.62928 0.11354 0.09125
0 0.93620 0.70200 0.09948 0.08080
0 0.93542 0.77519 0.10208 0.09601
0 0.94036 0.85314 0.10469 0.10171
0 0.94792 0.92633 0.10417 0.08460
0 0.94713 0.97528 0.09323 0.04943
