0 0.98438 0.10035 0.03125 0.04440
0 0.99472 0.14535 0.01056 0.05506
0 0.94996 0.10509 0.04856 0.03493
0 0.91512 0.10835 0.05236 0.03316
0 0.87606 0.11101 0.05279 0.03612
0 0.82981 0.11545 0.05659 0.03671
0 0.78801 0.12374 0.05068 0.03079
0 0.75106 0.12818 0.05448 0.02901
0 0.70481 0.13292 0.05152 0.03612
0 0.66068 0.14180 0.05785 0.03967
0 0.58277 0.15098 0.01351 0.01184
0 0.61296 0.15394 0.05954 0.03908
0 0.55828 0.17140 0.05743 0.04914
0 0.50697 0.17584 0.05279 0.04737
0 0.46368 0.20900 0.04645 0.10302
0 0.42335 0.21995 0.05363 0.09769
0 0.38387 0.19775 0.04814 0.03908
0 0.34100 0.20190 0.04265 0.03671
0 0.30131 0.20663 0.05110 0.04026
0 0.25296 0.21314 0.05405 0.04263
0 0.21220 0.22913 0.04350 0.04381
0 0.17293 0.23239 0.05025 0.03375
0 0.12268 0.23712 0.05110 0.03493
0 0.07559 0.23179 0.04983 0.01717
0 0.02259 0.25104 0.04519 0.03316
0 0.06736 0.25696 0.05363 0.05092
0 0.02597 0.26969 0.04941 0.04796
0 0.96790 0.14594 0.05659 0.07046
0 0.92061 0.15334 0.05490 0.07697
0 0.87247 0.15275 0.05574 0.07223
0 0.82559 0.15838 0.04983 0.07519
0 0.78125 0.16756 0.05574 0.07697
0 0.73923 0.17111 0.06377 0.07105
0 0.69341 0.18028 0.04814 0.07282
0 0.65731 0.18916 0.05701 0.06572
0 0.61170 0.19124 0.05279 0.06157
0 0.57580 0.20101 0.04181 0.06217
0 0.52998 0.21107 0.05405 0.07401
0 0.48775 0.21640 0.03632 0.05980
0 0.40963 0.23327 0.04814 0.08289
0 0.37057 0.23979 0.05785 0.07697
0 0.32791 0.24748 0.05279 0.07223
0 0.28632 0.25607 0.05743 0.07874
0 0.23881 0.26347 0.05448 0.06868
0 0.19067 0.26732 0.04519 0.06572
0 0.14928 0.26939 0.05025 0.06986
0 0.10177 0.27709 0.05321 0.07460
0 0.01626 0.30166 0.03252 0.06809
0 0.04751 0.29603 0.05617 0.07697
0 0.97403 0.21433 0.05194 0.09710
0 0.93349 0.22232 0.05448 0.09651
0 0.89084 0.22706 0.04434 0.09769
0 0.84713 0.22350 0.04983 0.09295
0 0.80342 0.22854 0.05110 0.08999
0 0.75211 0.23535 0.05152 0.09177
0 0.71284 0.23772 0.04645 0.08111
0 0.66976 0.24630 0.05574 0.08407
0 0.61845 0.25518 0.04856 0.09591
0 0.57580 0.27709 0.05785 0.12670
0 0.54392 0.30610 0.04899 0.12907
0 0.50127 0.30373 0.05405 0.13854
0 0.46537 0.31350 0.05152 0.13085
0 0.42863 0.31291 0.04899 0.09888
0 0.38028 0.31143 0.05363 0.09947
0 0.33868 0.31616 0.06250 0.09236
0 0.28737 0.32712 0.05194 0.10006
0 0.24388 0.33659 0.06208 0.10598
0 0.19595 0.34103 0.05828 0.09828
0 0.15034 0.34577 0.04814 0.10420
0 0.09924 0.35110 0.05997 0.10183
0 0.01520 0.37951 0.03041 0.09828
0 0.04540 0.36827 0.05785 0.10302
0 0.33911 0.73742 0.04223 0.07046
0 0.30089 0.75222 0.04434 0.05625
0 0.25760 0.76495 0.04476 0.05921
0 0.21981 0.77354 0.04350 0.06572
0 0.17568 0.77561 0.05152 0.06157
0 0.15372 0.78774 0.01351 0.04796
0 0.14020 0.80047 0.03463 0.12197
0 0.11318 0.82445 0.05152 0.08467
0 0.06356 0.85050 0.05110 0.05743
0 0.01668 0.85465 0.03336 0.04914
0 0.09628 0.81498 0.05574 0.07993
0 0.04645 0.82564 0.05236 0.07993
0 0.00887 0.84784 0.01774 0.04973
0 0.01668 0.77501 0.03336 0.10420
0 0.04688 0.75429 0.06672 0.10184
0 0.09438 0.73831 0.06799 0.10420
0 0.97593 0.64358 0.04814 0.02960
0 0.93687 0.64506 0.04603 0.04085
0 0.90055 0.65423 0.03252 0.03552
0 0.86043 0.66548 0.05448 0.04973
0 0.81419 0.68265 0.04645 0.03671
0 0.76647 0.69094 0.05659 0.05092
0 0.71136 0.70693 0.06039 0.03197
0 0.65414 0.71788 0.05321 0.04914
0 0.85916 0.64417 0.04519 0.04737
0 0.82095 0.64624 0.03716 0.05980
0 0.78041 0.65571 0.04983 0.07401
0 0.72973 0.66756 0.04392 0.05625
0 0.69193 0.67348 0.03927 0.06572
0 0.65224 0.68443 0.04434 0.06039
0 0.60431 0.70101 0.05405 0.06868
0 0.98564 0.59740 0.02872 0.07342
0 0.96199 0.60835 0.03716 0.07282
0 0.92589 0.60983 0.05279 0.08644
0 0.88999 0.60628 0.04772 0.07105
0 0.85093 0.58881 0.05152 0.08467
0 0.80173 0.59059 0.05617 0.09177
0 0.75422 0.60154 0.05490 0.09236
0 0.70629 0.60894 0.05954 0.08822
0 0.66491 0.62493 0.05617 0.08940
0 0.62774 0.63440 0.04603 0.08940
0 0.58087 0.63410 0.05194 0.10420
0 0.52492 0.65601 0.04392 0.10657
0 0.98860 0.52131 0.02280 0.09295
0 0.96368 0.52694 0.04899 0.09355
0 0.91681 0.52546 0.06081 0.09651
0 0.87479 0.52043 0.05279 0.09236
0 0.83467 0.50947 0.05110 0.10835
0 0.79223 0.49882 0.04561 0.09769
0 0.75000 0.51184 0.04645 0.09059
0 0.70312 0.51865 0.04983 0.09355
0 0.66089 0.53079 0.04392 0.08822
0 0.61930 0.54381 0.04350 0.10006
0 0.57432 0.54322 0.04899 0.09888
0 0.53378 0.56720 0.04645 0.10065
0 0.49219 0.57756 0.04941 0.10124
0 0.44911 0.59236 0.05279 0.09888
0 0.40562 0.60302 0.05617 0.10835
0 0.36487 0.61427 0.05490 0.10716
0 0.31947 0.61575 0.05363 0.11012
0 0.27935 0.63588 0.05025 0.09473
0 0.22994 0.63469 0.05279 0.11131
0 0.17758 0.62966 0.05363 0.11545
0 0.13007 0.64742 0.05743 0.10716
0 0.07686 0.64802 0.06757 0.11664
0 0.00887 0.67703 0.01774 0.10006
0 0.03188 0.67140 0.05785 0.10065
0 0.97698 0.42392 0.04603 0.10420
0 0.94468 0.43547 0.05405 0.11664
0 0.89823 0.43014 0.04730 0.10598
0 0.85494 0.41770 0.04603 0.09532
0 0.81693 0.40734 0.05532 0.10183
0 0.76943 0.41208 0.04814 0.09236
0 0.72234 0.41563 0.05448 0.10420
0 0.67525 0.42747 0.05068 0.10302
0 0.63281 0.43902 0.04941 0.10480
0 0.58868 0.44494 0.05152 0.10598
0 0.54160 0.45263 0.05025 0.10716
0 0.49852 0.45974 0.04772 0.11545
0 0.45608 0.48993 0.04899 0.11545
0 0.41533 0.50533 0.04603 0.10598
0 0.36592 0.50770 0.05870 0.10716
0 0.29117 0.53345 0.05025 0.11249
0 0.24282 0.53079 0.05490 0.11545
0 0.19151 0.52753 0.05954 0.11960
0 0.13513 0.53493 0.05828 0.10953
0 0.08214 0.53375 0.05870 0.10716
0 0.00887 0.57460 0.01774 0.10243
0 0.03357 0.56661 0.05785 0.11012
0 0.00887 0.47572 0.01774 0.09888
0 0.98923 0.31054 0.02154 0.10835
0 0.96960 0.31409 0.05490 0.11309
0 0.92652 0.32386 0.05912 0.12078
0 0.87584 0.32534 0.05068 0.10716
0 0.83488 0.31261 0.04899 0.11012
0 0.79139 0.31084 0.04983 0.11131
0 0.74789 0.32120 0.05405 0.10716
0 0.70312 0.32179 0.04983 0.10006
0 0.65710 0.33185 0.05574 0.11545
0 0.60621 0.34488 0.05025 0.10835
0 0.41406 0.39313 0.05110 0.10302
0 0.36951 0.40112 0.05152 0.09177
0 0.32137 0.40941 0.05574 0.09769
0 0.28104 0.42866 0.05279 0.10065
0 0.23205 0.42244 0.05448 0.09651
0 0.18497 0.42362 0.05321 0.09888
0 0.13345 0.43369 0.05068 0.09888
0 0.08361 0.43724 0.05997 0.10006
0 0.03526 0.46004 0.05870 0.10302
