0 0.05370 0.85925 0.00924 0.01039
0 0.06236 0.84322 0.01501 0.02425
0 0.07159 0.82525 0.01617 0.02122
0 0.04619 0.91425 0.01963 0.04158
0 0.05398 0.89476 0.03176 0.03378
0 0.06582 0.87549 0.03926 0.02988
0 0.07794 0.85903 0.04042 0.02988
0 0.08603 0.84192 0.03695 0.02945
0 0.08141 0.80987 0.02079 0.02599
0 0.09180 0.79125 0.01848 0.02772
0 0.10017 0.77371 0.01790 0.02469
0 0.11461 0.75509 0.02136 0.02902
0 0.12644 0.73755 0.02309 0.02685
0 0.10508 0.82438 0.05427 0.03075
0 0.10970 0.80619 0.04042 0.02988
0 0.12182 0.78735 0.04965 0.03638
0 0.13453 0.76743 0.04850 0.03291
0 0.13510 0.71893 0.01848 0.02425
0 0.14896 0.74578 0.04503 0.02685
0 0.15647 0.72824 0.04042 0.02642
0 0.14665 0.69987 0.02656 0.03118
0 0.15676 0.67908 0.02252 0.02772
0 0.16917 0.66068 0.02656 0.02902
0 0.18043 0.64119 0.02945 0.02815
0 0.18678 0.61953 0.02367 0.02902
0 0.20006 0.60134 0.02136 0.02642
0 0.21103 0.58120 0.02367 0.02599
0 0.21969 0.56475 0.02598 0.03205
0 0.23066 0.54418 0.02252 0.02469
0 0.23903 0.52404 0.02309 0.02252
0 0.25115 0.50346 0.02771 0.02642
0 0.26010 0.48311 0.02136 0.02642
0 0.26992 0.46492 0.02136 0.02728
0 0.28002 0.43893 0.01732 0.02642
0 0.16744 0.70940 0.04042 0.02599
0 0.17812 0.68861 0.04561 0.02772
0 0.19140 0.66955 0.04677 0.02685
0 0.19977 0.65158 0.03811 0.02555
0 0.21074 0.63231 0.04157 0.02685
0 0.21622 0.61347 0.04215 0.02728
0 0.23412 0.59528 0.05139 0.02728
0 0.23990 0.57622 0.04215 0.02642
0 0.24798 0.55587 0.03753 0.02555
0 0.25491 0.53508 0.03637 0.02815
0 0.26559 0.51364 0.04157 0.02685
0 0.27714 0.49394 0.04157 0.02555
0 0.28897 0.47510 0.04330 0.02425
0 0.28984 0.45366 0.03233 0.02555
0 0.29272 0.41815 0.01270 0.02036
0 0.30572 0.39671 0.01559 0.02252
0 0.30167 0.43200 0.03406 0.03248
0 0.31293 0.41187 0.03002 0.03378
0 0.32737 0.37094 0.01963 0.01949
0 0.32390 0.38956 0.02425 0.02122
0 0.33458 0.38003 0.02483 0.02555
0 0.40993 0.34950 0.01155 0.00953
0 0.47893 0.38610 0.02252 0.03421
0 0.45670 0.36769 0.03464 0.03291
0 0.42956 0.35708 0.03464 0.02902
0 0.47690 0.41793 0.02887 0.03118
0 0.47055 0.44153 0.02656 0.02902
0 0.45323 0.42854 0.04042 0.02728
0 0.45439 0.39931 0.04273 0.03465
0 0.42148 0.41511 0.04388 0.03335
0 0.42898 0.38696 0.03811 0.03248
0 0.37067 0.34625 0.00924 0.00476
0 0.38972 0.35405 0.03811 0.02902
0 0.40012 0.36964 0.04273 0.03248
0 0.35652 0.36098 0.03868 0.02988
0 0.36547 0.38242 0.04503 0.03551
0 0.39348 0.39476 0.03637 0.03162
0 0.46767 0.46752 0.01617 0.02555
0 0.45468 0.47596 0.01559 0.02858
0 0.44602 0.51407 0.01328 0.02425
0 0.44226 0.45453 0.04503 0.02642
0 0.43649 0.47683 0.04388 0.02339
0 0.43245 0.49784 0.04157 0.02295
0 0.42552 0.51906 0.04273 0.02209
0 0.41859 0.53833 0.04734 0.02339
0 0.34758 0.40689 0.04734 0.03075
0 0.33718 0.43374 0.04965 0.02988
0 0.32881 0.46124 0.05370 0.03378
0 0.31669 0.49177 0.05254 0.03421
0 0.30658 0.52057 0.05196 0.03378
0 0.29532 0.53876 0.05485 0.02945
0 0.28782 0.55825 0.05831 0.03118
0 0.42783 0.56128 0.01848 0.02772
0 0.41253 0.55868 0.03868 0.02079
0 0.41888 0.57839 0.01443 0.02036
0 0.40416 0.57709 0.03233 0.02122
0 0.40156 0.59788 0.04099 0.02209
0 0.39117 0.61693 0.03984 0.02295
0 0.38481 0.63729 0.03753 0.02209
0 0.36345 0.67453 0.04215 0.02122
0 0.37211 0.65699 0.03868 0.02165
0 0.41368 0.44110 0.04677 0.02902
0 0.40300 0.46535 0.05081 0.02902
0 0.39665 0.48722 0.04850 0.02685
0 0.39145 0.50888 0.04965 0.03118
0 0.38713 0.53378 0.04446 0.02382
0 0.37731 0.55262 0.04792 0.02339
0 0.38164 0.42053 0.04157 0.02599
0 0.37125 0.44153 0.04388 0.02988
0 0.36201 0.46644 0.04388 0.02858
0 0.35566 0.48809 0.04965 0.02858
0 0.35017 0.51191 0.04792 0.02685
0 0.34584 0.53356 0.04503 0.02599
0 0.33458 0.55435 0.04677 0.02945
0 0.37442 0.57362 0.05023 0.02382
0 0.36576 0.59160 0.05254 0.02425
0 0.35681 0.61087 0.05427 0.02902
0 0.34844 0.63318 0.05139 0.02858
0 0.33401 0.65115 0.05254 0.02642
0 0.32794 0.77133 0.01039 0.01299
0 0.34931 0.72975 0.00924 0.00866
0 0.34382 0.71503 0.04099 0.02339
0 0.35652 0.69446 0.03753 0.02642
0 0.29186 0.85123 0.00866 0.01516
0 0.33314 0.73603 0.04042 0.02122
0 0.32419 0.75487 0.03637 0.02252
0 0.31091 0.77415 0.03753 0.02036
0 0.30572 0.79233 0.03637 0.01862
0 0.29417 0.81399 0.04215 0.02469
0 0.28666 0.83413 0.03406 0.02165
0 0.26790 0.85080 0.04503 0.02382
0 0.32506 0.66912 0.04850 0.02858
0 0.31755 0.69229 0.05889 0.03248
0 0.30225 0.71200 0.05716 0.02512
0 0.29561 0.73105 0.05196 0.02599
0 0.28580 0.75076 0.05889 0.03162
0 0.27425 0.77068 0.05312 0.02988
0 0.26588 0.78995 0.05831 0.02945
0 0.25722 0.80901 0.05370 0.02685
0 0.27916 0.58077 0.05485 0.02772
0 0.27165 0.60308 0.05370 0.02815
0 0.25982 0.62365 0.06005 0.03291
0 0.24740 0.64314 0.05716 0.03205
0 0.23845 0.66436 0.05312 0.03118
0 0.22604 0.68276 0.05254 0.03162
0 0.20987 0.70225 0.05023 0.03681
0 0.32823 0.57449 0.05139 0.02728
0 0.31871 0.59506 0.05196 0.02945
0 0.31178 0.61758 0.05196 0.02772
0 0.30225 0.63642 0.04561 0.02642
0 0.28839 0.65331 0.04792 0.02728
0 0.28147 0.67345 0.04908 0.02772
0 0.27050 0.69424 0.04908 0.02685
0 0.25231 0.71178 0.05081 0.02902
0 0.24654 0.73430 0.05196 0.02642
0 0.25491 0.91035 0.01443 0.01906
0 0.20612 0.96340 0.03002 0.01256
0 0.22893 0.94695 0.02367 0.02036
0 0.22662 0.92962 0.04446 0.02295
0 0.26415 0.87094 0.04330 0.02512
0 0.24654 0.89065 0.04850 0.02382
0 0.23499 0.91078 0.04042 0.02165
0 0.24682 0.82850 0.05485 0.03378
0 0.19804 0.95214 0.04503 0.03162
0 0.21593 0.86596 0.06236 0.03162
0 0.22950 0.85080 0.05485 0.02815
0 0.15243 0.95648 0.05196 0.02122
0 0.20496 0.88328 0.05774 0.03421
0 0.19371 0.90472 0.05716 0.03032
0 0.18245 0.92313 0.06120 0.03335
0 0.15993 0.93742 0.05081 0.03508
0 0.23210 0.75227 0.05658 0.02685
0 0.22402 0.77241 0.05312 0.02642
0 0.20150 0.72239 0.05427 0.03118
0 0.19053 0.73776 0.05196 0.02902
0 0.18014 0.75899 0.05427 0.03162
0 0.21363 0.78952 0.05658 0.02945
0 0.20554 0.80879 0.05312 0.03162
0 0.19024 0.82741 0.06409 0.03248
0 0.17898 0.84950 0.04850 0.03075
0 0.16137 0.86574 0.04792 0.03118
0 0.17494 0.77783 0.04734 0.02772
0 0.16339 0.79732 0.04965 0.02945
0 0.14867 0.81529 0.04446 0.03075
0 0.13943 0.83586 0.04908 0.03378
0 0.12442 0.85340 0.04677 0.03162
0 0.11201 0.87267 0.04503 0.03291
0 0.15242 0.88437 0.05312 0.03032
0 0.14232 0.90472 0.05485 0.02945
0 0.12385 0.92075 0.04792 0.02858
0 0.09960 0.88935 0.04446 0.03248
0 0.08718 0.90472 0.04503 0.03118
0 0.07708 0.92183 0.04677 0.02988
0 0.06871 0.93980 0.04619 0.03118
0 0.10826 0.95604 0.04908 0.01949
0 0.11201 0.93764 0.04850 0.02858
