0 0.67188 0.52455 0.00417 0.00935
0 0.66771 0.53157 0.00625 0.00779
0 0.66615 0.53624 0.00521 0.01247
0 0.66302 0.54404 0.00521 0.00935
0 0.50260 0.44271 0.00417 0.01247
0 0.49792 0.44817 0.00729 0.01247
0 0.49323 0.45401 0.00625 0.01481
0 0.49037 0.46298 0.00573 0.01247
0 0.49740 0.43609 0.00729 0.01637
0 0.49297 0.43804 0.00677 0.01559
0 0.48906 0.44622 0.00833 0.01637
0 0.48750 0.34412 0.00729 0.01325
0 0.49271 0.33593 0.01146 0.01403
0 0.49792 0.32853 0.01042 0.01325
0 0.48359 0.35230 0.00885 0.01247
0 0.48177 0.35970 0.00729 0.01013
0 0.48073 0.36555 0.00625 0.00779
0 0.47943 0.37178 0.00781 0.00779
0 0.47891 0.37880 0.00885 0.01091
0 0.47786 0.38737 0.01198 0.01247
0 0.46953 0.43959 0.01823 0.01871
0 0.50807 0.35931 0.01198 0.01403
0 0.50547 0.36672 0.00990 0.01325
0 0.50313 0.37334 0.01146 0.01403
0 0.50130 0.38036 0.00990 0.01247
0 0.49792 0.38776 0.00937 0.01169
0 0.48750 0.43687 0.00625 0.01169
0 0.48594 0.45674 0.00833 0.01091
0 0.48385 0.46532 0.00833 0.01403
0 0.48021 0.47233 0.00625 0.01559
0 0.47656 0.48363 0.00833 0.01481
0 0.47162 0.49182 0.00885 0.01403
0 0.46849 0.50078 0.00885 0.01013
0 0.46276 0.50779 0.00990 0.01637
0 0.45781 0.52182 0.00938 0.01949
0 0.40990 0.44076 0.00938 0.01169
0 0.40651 0.45324 0.01094 0.01637
0 0.40312 0.46454 0.01042 0.01247
0 0.40104 0.47545 0.01146 0.01403
0 0.39453 0.48948 0.01094 0.01715
0 0.39141 0.50507 0.01198 0.01715
0 0.39062 0.51559 0.01146 0.01793
0 0.41302 0.42673 0.00729 0.01481
0 0.41641 0.41037 0.00573 0.01637
0 0.42005 0.39478 0.00677 0.01169
0 0.42109 0.38426 0.00677 0.00935
0 0.42630 0.36243 0.00677 0.01559
0 0.43958 0.32151 0.00625 0.01325
0 0.43047 0.34684 0.00677 0.01559
0 0.48776 0.29657 0.00885 0.00857
0 0.48490 0.30164 0.01042 0.01091
0 0.48229 0.30670 0.01146 0.01325
0 0.47474 0.29930 0.00990 0.00935
0 0.46823 0.30436 0.01146 0.01325
0 0.47682 0.31294 0.01302 0.01949
0 0.49818 0.30358 0.01406 0.01637
0 0.49505 0.31255 0.01198 0.02338
0 0.50625 0.31839 0.01146 0.01637
0 0.48932 0.31761 0.01198 0.02260
0 0.48412 0.32697 0.01406 0.02104
0 0.47995 0.32970 0.01302 0.02026
0 0.46042 0.31177 0.01354 0.01403
0 0.46458 0.31761 0.01250 0.01325
0 0.46224 0.32619 0.01302 0.01325
0 0.47630 0.33671 0.01615 0.02027
0 0.44948 0.31956 0.01458 0.00935
0 0.44818 0.31177 0.01302 0.00935
0 0.45729 0.30320 0.01354 0.01091
0 0.44870 0.32775 0.01615 0.01169
0 0.45964 0.33437 0.01302 0.01091
0 0.47318 0.34100 0.01510 0.01793
0 0.46510 0.34879 0.03021 0.02572
0 0.44453 0.33359 0.01719 0.01091
0 0.44219 0.34061 0.01667 0.01091
0 0.43984 0.34723 0.01719 0.01169
0 0.45469 0.35230 0.01562 0.01715
0 0.46979 0.36009 0.01562 0.02182
0 0.46693 0.36750 0.01719 0.01949
0 0.45260 0.36282 0.01354 0.01481
0 0.43854 0.35581 0.01875 0.01169
0 0.43724 0.36477 0.01719 0.01091
0 0.44974 0.37256 0.01615 0.01871
0 0.46588 0.37841 0.01615 0.01481
0 0.46432 0.39010 0.01510 0.01325
0 0.44974 0.38542 0.01510 0.01325
0 0.43437 0.37334 0.01771 0.01403
0 0.43411 0.38192 0.01719 0.01247
0 0.43151 0.38893 0.01823 0.01403
0 0.42995 0.39828 0.01719 0.01403
0 0.42682 0.40374 0.01615 0.01091
0 0.42552 0.41231 0.01667 0.01091
0 0.42370 0.42128 0.01510 0.01169
0 0.41979 0.43141 0.01458 0.01169
0 0.44661 0.39673 0.01927 0.01871
0 0.46250 0.39751 0.01458 0.01403
0 0.44297 0.40686 0.01823 0.01559
0 0.45911 0.40959 0.01510 0.01481
0 0.45365 0.42167 0.01458 0.01715
0 0.44037 0.41816 0.01615 0.01637
0 0.43594 0.42751 0.01771 0.01637
0 0.45234 0.43726 0.01510 0.02027
0 0.43958 0.44349 0.01979 0.02338
0 0.43568 0.45051 0.01927 0.02027
0 0.42213 0.43998 0.01510 0.01481
0 0.46693 0.44778 0.01510 0.02572
0 0.46224 0.45440 0.01302 0.02338
0 0.45651 0.45908 0.01615 0.02650
0 0.45104 0.46571 0.01562 0.02416
0 0.47813 0.45440 0.00729 0.02026
0 0.48177 0.44544 0.00938 0.01481
0 0.47318 0.46843 0.00781 0.01871
0 0.46797 0.47623 0.00885 0.02026
0 0.46198 0.48558 0.01042 0.02806
0 0.41641 0.45284 0.01406 0.01559
0 0.43255 0.46064 0.02135 0.01871
0 0.44557 0.47467 0.01719 0.01871
0 0.45469 0.49026 0.01354 0.02650
0 0.44089 0.48597 0.01719 0.01949
0 0.43802 0.50000 0.01667 0.02104
0 0.42760 0.47311 0.01875 0.01715
0 0.42344 0.48714 0.01771 0.01715
0 0.41823 0.50000 0.01979 0.01793
0 0.45234 0.50468 0.01302 0.02260
0 0.43281 0.51208 0.01458 0.02027
0 0.44609 0.51910 0.01615 0.02494
0 0.44349 0.54131 0.01198 0.02416
0 0.43359 0.53235 0.01823 0.02494
0 0.41719 0.51598 0.01771 0.01715
0 0.41536 0.46610 0.01510 0.01559
0 0.41276 0.47896 0.01615 0.01637
0 0.40625 0.49182 0.01771 0.01715
0 0.40338 0.51091 0.01510 0.02260
0 0.40078 0.53391 0.01510 0.02650
0 0.41458 0.53118 0.01458 0.01949
0 0.41042 0.54871 0.01667 0.01715
0 0.38958 0.53624 0.00938 0.02494
0 0.39323 0.57599 0.01146 0.02026
0 0.43177 0.55807 0.01354 0.02806
0 0.59688 0.48636 0.00625 0.01247
0 0.60052 0.47740 0.00833 0.01325
0 0.60443 0.46882 0.00677 0.01013
0 0.60781 0.46064 0.00937 0.01247
0 0.61328 0.45168 0.00885 0.01169
0 0.61745 0.44271 0.00990 0.00935
0 0.62057 0.43609 0.00573 0.00701
0 0.62422 0.42946 0.00573 0.00779
0 0.62787 0.42089 0.00781 0.00935
0 0.64635 0.41154 0.00833 0.01091
0 0.65104 0.41193 0.00729 0.00857
0 0.65677 0.41777 0.00937 0.01247
0 0.66823 0.52260 0.00521 0.01169
0 0.66198 0.53468 0.00521 0.01091
0 0.65807 0.54443 0.00573 0.01325
0 0.64688 0.56313 0.00729 0.01169
0 0.64245 0.57405 0.00573 0.01325
0 0.63724 0.58457 0.00781 0.01247
0 0.63307 0.59275 0.00677 0.01169
0 0.60859 0.58535 0.04948 0.04365
0 0.60938 0.48090 0.01250 0.01247
0 0.62109 0.48675 0.01510 0.01481
0 0.63411 0.49961 0.01615 0.02026
0 0.64792 0.51052 0.01354 0.01871
0 0.66042 0.52143 0.01354 0.01715
0 0.65573 0.52923 0.01146 0.01715
0 0.64323 0.51987 0.01458 0.02026
0 0.63073 0.51013 0.01354 0.01793
0 0.61823 0.49649 0.01562 0.01715
0 0.60573 0.48909 0.01354 0.01325
0 0.60182 0.49805 0.01094 0.01247
0 0.61432 0.50429 0.01615 0.01559
0 0.62682 0.51715 0.01406 0.02104
0 0.63958 0.52884 0.01354 0.01949
0 0.65104 0.53702 0.01146 0.01871
0 0.64714 0.54755 0.01198 0.02104
0 0.63594 0.53858 0.01146 0.01715
0 0.62422 0.52845 0.01302 0.01715
0 0.62135 0.53741 0.01354 0.01793
0 0.63281 0.54755 0.01250 0.01949
0 0.64271 0.55456 0.00937 0.01793
0 0.63854 0.56352 0.00937 0.01871
0 0.63490 0.57443 0.00938 0.01871
0 0.62943 0.58106 0.00781 0.01637
0 0.62604 0.59119 0.00833 0.01481
0 0.62031 0.57677 0.00938 0.01559
0 0.62474 0.56664 0.01094 0.01715
0 0.62839 0.55807 0.01198 0.02027
0 0.61771 0.54755 0.01354 0.01481
0 0.61458 0.55729 0.01562 0.01715
0 0.60938 0.56742 0.01354 0.01559
0 0.61276 0.51403 0.01823 0.01637
0 0.60990 0.52260 0.01667 0.01637
0 0.60599 0.53196 0.01823 0.01793
0 0.60312 0.54131 0.01771 0.01637
0 0.59974 0.55300 0.01823 0.01793
0 0.59479 0.54131 0.01562 0.06002
0 0.59922 0.50935 0.01615 0.01481
0 0.59141 0.52767 0.01198 0.01559
0 0.58906 0.53702 0.01250 0.01559
0 0.58464 0.54755 0.01406 0.01949
0 0.58177 0.55885 0.01250 0.01403
0 0.57760 0.56976 0.01250 0.01559
0 0.56615 0.57405 0.01146 0.01325
0 0.56302 0.58418 0.01042 0.01325
0 0.56875 0.56274 0.01146 0.01403
0 0.57318 0.54988 0.01094 0.01325
0 0.66016 0.40920 0.00573 0.00779
0 0.66458 0.42206 0.01250 0.01013
0 0.66536 0.41426 0.00781 0.00857
0 0.64974 0.42245 0.01302 0.01247
0 0.66276 0.43102 0.01615 0.01559
0 0.65964 0.43998 0.01510 0.01637
0 0.65573 0.44895 0.01458 0.01871
0 0.64714 0.43102 0.01510 0.01403
0 0.64245 0.43765 0.01302 0.01325
0 0.63359 0.42673 0.01510 0.01169
0 0.63776 0.41738 0.01302 0.01325
0 0.67656 0.43024 0.01562 0.01247
0 0.67682 0.44115 0.01406 0.01559
0 0.67318 0.44778 0.01302 0.01949
0 0.67005 0.45674 0.01510 0.02027
0 0.66693 0.46804 0.01510 0.01793
0 0.65338 0.45830 0.01510 0.01715
0 0.64088 0.44661 0.01823 0.01715
0 0.62943 0.43843 0.01406 0.01481
0 0.62396 0.44739 0.01146 0.01403
0 0.63568 0.45518 0.01510 0.01559
0 0.64870 0.46610 0.01510 0.01871
0 0.66328 0.47701 0.01510 0.02338
0 0.68750 0.44154 0.01042 0.01637
0 0.68385 0.45479 0.01042 0.01481
0 0.68958 0.45440 0.00937 0.01403
0 0.68099 0.46648 0.01198 0.01949
0 0.67630 0.47662 0.01302 0.01949
0 0.69036 0.46960 0.00990 0.01793
0 0.68672 0.48168 0.00781 0.01559
0 0.68203 0.49143 0.00885 0.01637
0 0.67292 0.49026 0.01146 0.01871
0 0.67734 0.50117 0.01094 0.01559
0 0.61927 0.45596 0.01250 0.01403
0 0.63177 0.46259 0.01562 0.01793
0 0.64557 0.47311 0.01510 0.02026
0 0.66068 0.48792 0.01719 0.02806
0 0.66927 0.50429 0.00937 0.01403
0 0.67292 0.51442 0.00833 0.01403
0 0.61563 0.46532 0.01354 0.01403
0 0.62891 0.47194 0.01510 0.01949
0 0.64193 0.48207 0.01510 0.02104
0 0.65469 0.49299 0.01354 0.02104
0 0.66276 0.50857 0.01198 0.02104
0 0.65104 0.50351 0.01458 0.02182
0 0.63802 0.49260 0.01458 0.02027
0 0.62578 0.47974 0.01510 0.01793
0 0.61224 0.47311 0.01302 0.01403
0 0.57630 0.50429 0.00781 0.01247
0 0.57031 0.51559 0.00833 0.01481
0 0.56120 0.52455 0.00990 0.01559
0 0.55521 0.53391 0.00729 0.01247
0 0.55078 0.53897 0.00677 0.01325
0 0.49740 0.57677 0.01458 0.02494
0 0.49036 0.58418 0.01302 0.02260
0 0.50599 0.59158 0.00781 0.01403
0 0.50026 0.59587 0.00885 0.01637
0 0.49505 0.60288 0.00990 0.01637
0 0.49010 0.61146 0.01042 0.01481
0 0.48463 0.62081 0.01094 0.01481
0 0.48594 0.59158 0.01354 0.02338
0 0.48151 0.59977 0.01406 0.02104
0 0.47578 0.60912 0.01302 0.02104
0 0.47240 0.62042 0.01458 0.02026
0 0.47891 0.56586 0.01406 0.02026
0 0.47370 0.57794 0.01510 0.02416
0 0.46875 0.58808 0.01562 0.02260
0 0.46354 0.60133 0.01458 0.02104
0 0.45755 0.61536 0.01615 0.02104
0 0.45911 0.56859 0.01510 0.01793
0 0.45521 0.57677 0.01667 0.01559
0 0.45234 0.58691 0.01823 0.01559
0 0.44766 0.59938 0.01823 0.01871
0 0.44375 0.61652 0.01458 0.02026
0 0.44167 0.63601 0.01354 0.02494
0 0.45469 0.63445 0.01354 0.02182
0 0.45000 0.65043 0.01354 0.01949
0 0.45260 0.55300 0.01354 0.01325
0 0.44740 0.56235 0.01042 0.01169
0 0.46510 0.56041 0.01250 0.01559
0 0.44297 0.57054 0.01094 0.01091
0 0.43984 0.57911 0.01406 0.01091
0 0.43620 0.58924 0.01615 0.01247
0 0.43437 0.59977 0.01146 0.01169
0 0.43125 0.61185 0.01667 0.01559
0 0.43021 0.62276 0.01562 0.01715
0 0.43073 0.63874 0.01458 0.02104
0 0.41927 0.64653 0.01458 0.01793
0 0.41849 0.63289 0.01302 0.01715
0 0.41875 0.61925 0.01042 0.01481
0 0.42396 0.60288 0.01146 0.02104
0 0.41094 0.63835 0.00417 0.01559
0 0.40885 0.65394 0.00938 0.01871
0 0.43151 0.65861 0.01510 0.01871
0 0.41641 0.66251 0.01719 0.01715
0 0.42656 0.66953 0.01458 0.01403
0 0.43802 0.67030 0.00938 0.01091
0 0.47292 0.50818 0.00938 0.01247
0 0.48229 0.51442 0.01458 0.01715
0 0.49062 0.53196 0.01354 0.02104
0 0.49896 0.54716 0.00937 0.01871
0 0.51094 0.54949 0.02708 0.02650
0 0.51354 0.55690 0.01146 0.02260
0 0.52422 0.56469 0.00781 0.01325
0 0.51901 0.57015 0.00885 0.01793
0 0.50807 0.56430 0.01510 0.02338
0 0.51484 0.57911 0.00885 0.01403
0 0.50313 0.57249 0.01354 0.02260
0 0.50990 0.58379 0.00729 0.01559
0 0.49271 0.55573 0.01667 0.02182
0 0.48516 0.53936 0.01823 0.01871
0 0.47813 0.52455 0.01354 0.01403
0 0.47109 0.51715 0.01094 0.00857
0 0.46615 0.52416 0.01250 0.01169
0 0.47109 0.53196 0.01302 0.01169
0 0.46406 0.54092 0.01562 0.01715
0 0.47682 0.54676 0.01198 0.01949
0 0.48594 0.55963 0.01354 0.02182
0 0.51693 0.50818 0.01094 0.01871
0 0.53177 0.51247 0.01146 0.02572
0 0.52656 0.52104 0.01250 0.02104
0 0.52135 0.52611 0.01146 0.02026
0 0.51042 0.51286 0.01250 0.02026
0 0.50495 0.49805 0.01615 0.01715
0 0.49557 0.48597 0.01406 0.01637
0 0.48698 0.48168 0.00833 0.01091
0 0.48958 0.49299 0.01458 0.01325
0 0.48307 0.50039 0.01302 0.01403
0 0.49687 0.50390 0.01458 0.01637
0 0.49010 0.51013 0.01250 0.01481
0 0.50339 0.51910 0.01615 0.01871
0 0.51537 0.53157 0.01094 0.01871
0 0.49661 0.52728 0.01510 0.02104
0 0.50937 0.53663 0.01458 0.01793
0 0.58229 0.48051 0.01146 0.01793
0 0.57917 0.48675 0.00937 0.01793
0 0.57474 0.49104 0.00885 0.01871
0 0.57031 0.49688 0.00938 0.02104
0 0.56667 0.50351 0.00938 0.01871
0 0.56198 0.50779 0.01146 0.01949
0 0.55781 0.51286 0.01146 0.02182
0 0.55365 0.51793 0.01042 0.02104
0 0.54870 0.52260 0.01094 0.02104
0 0.54323 0.52650 0.01146 0.01793
0 0.53880 0.53040 0.01198 0.01793
0 0.53464 0.53741 0.00885 0.01949
0 0.52865 0.54131 0.01250 0.02260
0 0.54662 0.54287 0.00781 0.01481
0 0.54193 0.54676 0.00677 0.01637
0 0.53802 0.55417 0.00729 0.01559
0 0.53438 0.55963 0.00833 0.01559
0 0.52370 0.54755 0.01302 0.02260
0 0.53021 0.56119 0.00729 0.01871
0 0.52708 0.41894 0.00938 0.01169
0 0.52266 0.42479 0.01198 0.01091
0 0.51953 0.42946 0.01094 0.01091
0 0.51641 0.43687 0.00990 0.01169
0 0.51224 0.44388 0.01094 0.01013
0 0.50859 0.45090 0.01198 0.01169
0 0.50208 0.45752 0.01146 0.00935
0 0.49948 0.46532 0.01354 0.00935
0 0.49479 0.47389 0.01250 0.01247
0 0.50312 0.47974 0.01250 0.01169
0 0.50937 0.49026 0.01354 0.01871
0 0.52135 0.50117 0.01146 0.02027
0 0.54062 0.45245 0.01458 0.01793
0 0.53516 0.45791 0.01302 0.02104
0 0.53073 0.46454 0.01250 0.01871
0 0.51953 0.46960 0.02656 0.02260
0 0.52057 0.47740 0.01094 0.01793
0 0.50807 0.47116 0.01302 0.01325
0 0.51562 0.48207 0.01354 0.01793
0 0.57031 0.44271 0.01042 0.02182
0 0.56484 0.44661 0.01302 0.02182
0 0.56016 0.45401 0.01406 0.02260
0 0.55573 0.46025 0.01250 0.02260
0 0.55156 0.46571 0.01250 0.02104
0 0.54271 0.47857 0.01250 0.02182
0 0.53802 0.48363 0.01250 0.02104
0 0.53255 0.48987 0.01510 0.02104
0 0.52760 0.49454 0.01250 0.01949
0 0.57760 0.45986 0.01458 0.01871
0 0.57396 0.46493 0.01562 0.01793
0 0.56901 0.47272 0.01406 0.01793
0 0.56588 0.47740 0.01094 0.01793
0 0.56120 0.48051 0.01094 0.01793
0 0.55599 0.48675 0.01510 0.02416
0 0.54870 0.49805 0.01198 0.01871
0 0.54401 0.50351 0.01094 0.02027
0 0.53724 0.50896 0.01302 0.02182
0 0.53151 0.43531 0.01198 0.01481
0 0.52708 0.44271 0.01146 0.01559
0 0.52135 0.45051 0.01250 0.01559
0 0.51667 0.45830 0.01146 0.01403
0 0.55859 0.42751 0.00990 0.01481
0 0.55443 0.43258 0.01094 0.01871
0 0.54948 0.43687 0.01146 0.01793
0 0.54427 0.44544 0.01354 0.01949
0 0.53568 0.42790 0.01198 0.01559
