0 0.63490 0.69727 0.02812 0.07109
0 0.12292 0.98828 0.03958 0.02344
0 0.16328 0.97148 0.05990 0.05703
0 0.21458 0.93750 0.06042 0.10156
0 0.25521 0.90781 0.06146 0.10000
0 0.29323 0.87188 0.06875 0.10625
0 0.33411 0.83906 0.06823 0.11406
0 0.37422 0.80938 0.07344 0.12031
0 0.40912 0.76953 0.06927 0.09688
0 0.45287 0.74023 0.06406 0.11016
0 0.49245 0.71875 0.07552 0.13281
0 0.52344 0.67500 0.06771 0.10156
0 0.55755 0.62461 0.06615 0.08828
0 0.59583 0.57695 0.05313 0.07578
0 0.64401 0.56172 0.06719 0.09375
0 0.66120 0.64844 0.04531 0.08594
0 0.74818 0.57500 0.05052 0.07656
0 0.71042 0.63398 0.03125 0.05234
0 0.69531 0.59492 0.05521 0.08828
0 0.79662 0.46133 0.04010 0.08359
0 0.76250 0.50586 0.04792 0.07578
0 0.73021 0.55039 0.04792 0.08359
0 0.68463 0.52109 0.05885 0.08125
0 0.71875 0.46836 0.06042 0.08828
0 0.76302 0.43164 0.05417 0.08047
0 0.82787 0.40586 0.04531 0.07109
0 0.03672 0.74180 0.06719 0.11797
0 0.07995 0.94883 0.06719 0.10234
0 0.01354 0.98047 0.02708 0.03906
0 0.03854 0.96094 0.07500 0.07812
0 0.11615 0.92070 0.06667 0.11797
0 0.15521 0.89023 0.06667 0.12266
0 0.18802 0.85078 0.06458 0.10469
0 0.22344 0.82617 0.06667 0.11172
0 0.25938 0.78750 0.06458 0.11406
0 0.29635 0.75664 0.06250 0.11484
0 0.33151 0.73281 0.06198 0.10625
0 0.37448 0.69961 0.06354 0.11016
0 0.77760 0.14687 0.04271 0.06719
