0 0.07214 0.97246 0.03281 0.05507
0 0.17969 0.97876 0.03542 0.04249
0 0.34896 0.97325 0.07812 0.05350
0 0.90573 0.94847 0.09063 0.10307
0 0.81537 0.95594 0.09323 0.08812
0 0.72083 0.96027 0.09063 0.07946
0 0.62292 0.95987 0.10417 0.08025
0 0.54245 0.97286 0.04115 0.05429
0 0.48125 0.97954 0.08854 0.04091
0 0.03281 0.86861 0.06562 0.26279
0 0.11484 0.85838 0.10990 0.28324
0 0.21042 0.85720 0.11146 0.28560
0 0.30078 0.84186 0.10677 0.30527
0 0.40000 0.85169 0.09896 0.29662
0 0.58099 0.84973 0.09219 0.28167
0 0.48802 0.84697 0.09479 0.29190
0 0.67760 0.82179 0.10417 0.28088
0 0.77578 0.81629 0.10677 0.27616
0 0.86823 0.82258 0.09271 0.27459
0 0.97656 0.96381 0.04688 0.07238
0 0.95417 0.80763 0.09167 0.26829
0 0.95990 0.55861 0.08021 0.25964
0 0.87109 0.56688 0.10781 0.27773
0 0.77943 0.55862 0.08698 0.25334
0 0.69088 0.57002 0.10260 0.26829
0 0.59193 0.58812 0.09844 0.27773
0 0.49635 0.58655 0.09792 0.27301
0 0.40182 0.57317 0.10573 0.27773
0 0.22083 0.59677 0.10417 0.27616
0 0.12188 0.59481 0.10625 0.28796
0 0.04036 0.60150 0.08073 0.28560
0 0.01562 0.02164 0.03125 0.04327
0 0.19740 0.00551 0.01458 0.01101
0 0.10391 0.01141 0.04010 0.02282
0 0.28906 0.02006 0.05208 0.04013
0 0.37344 0.02282 0.06667 0.04563
0 0.46536 0.02006 0.05156 0.04013
0 0.57656 0.03147 0.07083 0.06294
0 0.66510 0.03541 0.09062 0.07081
0 0.75208 0.01810 0.08438 0.03619
0 0.83776 0.03501 0.07760 0.07002
0 0.98177 0.01810 0.03646 0.03619
0 0.92135 0.02872 0.09167 0.05744
0 0.90000 0.11920 0.10729 0.20535
0 0.80078 0.11605 0.09948 0.20220
0 0.71667 0.10464 0.09479 0.19827
0 0.63073 0.12077 0.10833 0.22266
0 0.52474 0.11723 0.11094 0.23446
0 0.42526 0.11959 0.09740 0.23918
0 0.33281 0.10818 0.10521 0.21636
0 0.24479 0.10425 0.09167 0.20850
0 0.14948 0.11290 0.11771 0.22581
0 0.05156 0.10661 0.10312 0.21322
0 0.01068 0.32809 0.02135 0.26593
0 0.06589 0.33005 0.11406 0.29976
0 0.97370 0.12864 0.05260 0.20850
0 0.98047 0.30763 0.03906 0.25020
0 0.91823 0.32376 0.11146 0.26829
0 0.82474 0.32061 0.09740 0.28403
0 0.73021 0.31589 0.10313 0.29032
0 0.64271 0.33202 0.09896 0.29583
0 0.54401 0.33399 0.10573 0.29190
0 0.45052 0.33202 0.09896 0.28954
0 0.35469 0.32612 0.09792 0.30448
0 0.30911 0.58340 0.10156 0.27616
0 0.25964 0.32494 0.09323 0.30370
0 0.16536 0.33478 0.11094 0.29976
