0 0.33620 0.66562 0.02344 0.02656
0 0.35234 0.65078 0.02760 0.02812
0 0.43776 0.52383 0.00469 0.01484
0 0.43255 0.50078 0.00990 0.02969
0 0.42760 0.48555 0.00729 0.02734
0 0.42344 0.46406 0.00833 0.03125
0 0.44141 0.55078 0.00677 0.00937
0 0.43281 0.54219 0.01354 0.02344
0 0.42812 0.52891 0.01250 0.03281
0 0.42188 0.51172 0.01458 0.03594
0 0.41667 0.48906 0.01458 0.02813
0 0.41276 0.47305 0.01302 0.03047
0 0.40234 0.55625 0.00365 0.00938
0 0.40104 0.53789 0.01250 0.02422
0 0.40234 0.51133 0.02344 0.03828
0 0.39010 0.59844 0.01562 0.02500
0 0.39062 0.57578 0.02812 0.03438
0 0.37344 0.62383 0.02500 0.02891
0 0.36901 0.60469 0.03073 0.02969
0 0.32500 0.64648 0.02604 0.01953
0 0.34505 0.63320 0.03073 0.02891
0 0.33906 0.61367 0.03229 0.02734
0 0.33203 0.59961 0.03177 0.02266
0 0.31771 0.62617 0.02500 0.02422
0 0.31198 0.60156 0.01979 0.02656
0 0.29948 0.62305 0.01354 0.01953
0 0.29297 0.60312 0.02240 0.02500
0 0.36094 0.58789 0.03125 0.03047
0 0.38646 0.55781 0.02917 0.03438
0 0.38151 0.53945 0.02760 0.03359
0 0.35729 0.56680 0.03125 0.03203
0 0.35313 0.54766 0.03125 0.03125
0 0.32917 0.57930 0.03542 0.02578
0 0.32604 0.56250 0.03125 0.02344
0 0.32292 0.54297 0.03125 0.02500
0 0.30391 0.57578 0.02135 0.02500
0 0.29922 0.55586 0.02448 0.02266
0 0.29193 0.58555 0.02760 0.02266
0 0.28490 0.56719 0.01979 0.02031
0 0.28021 0.54844 0.01771 0.01875
0 0.27474 0.58203 0.01510 0.02188
0 0.26927 0.56367 0.01667 0.02266
0 0.26406 0.54570 0.01875 0.01797
0 0.27474 0.53008 0.01927 0.02422
0 0.26016 0.52773 0.01615 0.02266
0 0.25729 0.51016 0.01771 0.01875
0 0.27214 0.51211 0.02240 0.02266
0 0.26849 0.49375 0.02135 0.02187
0 0.25208 0.49180 0.01875 0.02109
0 0.26484 0.47383 0.02240 0.02422
0 0.24974 0.47539 0.01823 0.02422
0 0.24010 0.47344 0.00937 0.02656
0 0.41823 0.44453 0.00833 0.02812
0 0.40781 0.45508 0.01562 0.03672
0 0.41276 0.42734 0.00885 0.02812
0 0.40026 0.43398 0.01823 0.03828
0 0.39479 0.41328 0.01250 0.03281
0 0.40573 0.40781 0.01042 0.02969
0 0.40000 0.38750 0.00938 0.02656
0 0.39037 0.39180 0.01198 0.03203
0 0.38099 0.42500 0.02031 0.03906
0 0.37787 0.40234 0.01927 0.03906
0 0.39557 0.49141 0.02344 0.03906
0 0.39010 0.47031 0.02187 0.04219
0 0.38490 0.44844 0.01979 0.03594
0 0.37708 0.51836 0.02708 0.03672
0 0.37161 0.49844 0.02448 0.03438
0 0.29583 0.53398 0.02708 0.02578
0 0.29193 0.51406 0.02760 0.02344
0 0.28880 0.49180 0.02865 0.02422
0 0.28750 0.47148 0.03125 0.02578
0 0.34896 0.52812 0.03125 0.03125
0 0.32005 0.52227 0.03177 0.02734
0 0.34583 0.50547 0.03021 0.03281
0 0.31693 0.50195 0.03594 0.02891
0 0.31484 0.48086 0.03073 0.02578
0 0.36797 0.47617 0.02552 0.03672
0 0.34323 0.48047 0.02917 0.03437
0 0.36354 0.45430 0.02708 0.03516
0 0.36016 0.43203 0.02552 0.03438
0 0.33854 0.45977 0.02604 0.03047
0 0.24349 0.45352 0.02135 0.02422
0 0.26016 0.45352 0.02760 0.02109
0 0.28542 0.45195 0.03021 0.02266
0 0.31302 0.45859 0.03229 0.02812
0 0.33698 0.43711 0.02604 0.03359
0 0.35781 0.40859 0.02292 0.03437
0 0.33516 0.41328 0.02760 0.03438
0 0.31042 0.43633 0.03229 0.02578
0 0.28073 0.43125 0.03021 0.02500
0 0.25573 0.43359 0.02813 0.02344
0 0.23854 0.43398 0.01979 0.02422
0 0.30625 0.41406 0.03542 0.03438
0 0.27682 0.40938 0.03073 0.02344
0 0.25286 0.41445 0.02552 0.02422
0 0.23281 0.41250 0.01771 0.02500
0 0.37396 0.37734 0.01875 0.04063
0 0.36823 0.35625 0.01667 0.03906
0 0.39297 0.36602 0.01094 0.03047
0 0.38620 0.36641 0.01094 0.03438
0 0.38542 0.34414 0.00417 0.01641
0 0.37943 0.34453 0.00990 0.02969
0 0.37292 0.32344 0.01562 0.03281
0 0.35495 0.38359 0.02240 0.03438
0 0.35156 0.36016 0.02083 0.03750
0 0.34661 0.33125 0.02135 0.04063
0 0.36276 0.33125 0.01510 0.03750
0 0.36354 0.30117 0.01771 0.02891
0 0.35963 0.27617 0.01094 0.02578
0 0.35339 0.29258 0.01615 0.03828
0 0.34401 0.27031 0.02031 0.04063
0 0.33958 0.30430 0.02083 0.03828
0 0.32005 0.31641 0.02760 0.04219
0 0.32526 0.34023 0.02656 0.03359
0 0.32943 0.36328 0.02969 0.03750
0 0.32995 0.39062 0.02865 0.03438
0 0.30286 0.38984 0.03073 0.02969
0 0.29974 0.36641 0.03490 0.03750
0 0.29557 0.34297 0.03490 0.03750
0 0.27370 0.38867 0.03177 0.02734
0 0.26797 0.36719 0.03177 0.02812
0 0.24740 0.39375 0.02917 0.02500
0 0.24193 0.37344 0.02865 0.02500
0 0.23828 0.35156 0.02865 0.02812
0 0.22813 0.39219 0.02083 0.02969
0 0.22318 0.37305 0.01927 0.02891
0 0.21927 0.35391 0.01667 0.02031
0 0.32500 0.26914 0.02187 0.04297
0 0.31380 0.29844 0.03073 0.04219
0 0.20417 0.30977 0.00937 0.01953
0 0.21510 0.33008 0.01875 0.02891
0 0.23125 0.32500 0.02917 0.03125
0 0.26328 0.34648 0.03073 0.02734
0 0.25703 0.32461 0.03281 0.03047
0 0.28880 0.31875 0.03490 0.04219
0 0.27891 0.29531 0.03385 0.04219
0 0.30130 0.27383 0.02969 0.04453
0 0.26927 0.27188 0.03750 0.04063
0 0.24818 0.29922 0.02969 0.03594
0 0.23385 0.27617 0.03333 0.03516
0 0.22318 0.29531 0.02135 0.03437
0 0.20964 0.29609 0.01719 0.03906
0 0.20130 0.28008 0.01094 0.02891
0 0.21068 0.26836 0.01510 0.02578
0 0.19922 0.25977 0.00885 0.02109
0 0.22240 0.24883 0.02708 0.03828
0 0.20338 0.23398 0.02135 0.04141
0 0.19870 0.20078 0.00990 0.03125
0 0.20573 0.20469 0.01979 0.03125
0 0.22813 0.22109 0.03333 0.03750
0 0.24974 0.24727 0.02865 0.04141
0 0.27682 0.23516 0.03177 0.04063
0 0.31250 0.23867 0.02188 0.04297
0 0.30052 0.22891 0.02396 0.04844
0 0.33411 0.24492 0.02135 0.04453
0 0.32344 0.21875 0.02396 0.04531
0 0.35130 0.25430 0.01198 0.02578
0 0.34349 0.23203 0.01302 0.03281
0 0.33151 0.20820 0.01719 0.02734
0 0.32292 0.18555 0.01250 0.02266
0 0.31042 0.17578 0.01875 0.03437
0 0.30391 0.18906 0.02552 0.04375
0 0.28438 0.19844 0.02813 0.04062
0 0.25703 0.20586 0.03177 0.04922
0 0.23281 0.18320 0.03229 0.05234
0 0.21302 0.17969 0.02188 0.04062
0 0.20365 0.16211 0.01875 0.04766
0 0.25313 0.15938 0.02604 0.04375
0 0.27995 0.16367 0.02865 0.04141
0 0.30026 0.14961 0.02240 0.03203
0 0.29193 0.12852 0.00885 0.01328
0 0.28047 0.12695 0.02135 0.03516
0 0.26224 0.13320 0.02552 0.03984
0 0.22031 0.14336 0.02604 0.03984
0 0.23620 0.13242 0.02552 0.04922
0 0.25912 0.10078 0.02240 0.02500
0 0.23984 0.09609 0.02448 0.02500
0 0.21406 0.12148 0.02500 0.03672
