0 0.46969 0.39086 0.02483 0.01862
0 0.44573 0.38891 0.02656 0.02165
0 0.50924 0.39931 0.01963 0.01386
0 0.49047 0.39259 0.01905 0.00996
0 0.47575 0.40104 0.03118 0.02165
0 0.49076 0.40645 0.03002 0.01949
0 0.22431 0.42876 0.02136 0.01472
0 0.22229 0.44890 0.02309 0.01602
0 0.24307 0.46297 0.02309 0.01386
0 0.24538 0.45734 0.02656 0.01646
0 0.24105 0.43828 0.03176 0.02339
0 0.26241 0.47380 0.02483 0.01299
0 0.26674 0.46773 0.02540 0.01732
0 0.26530 0.44825 0.03176 0.02425
0 0.23008 0.41230 0.02945 0.02512
0 0.25115 0.42269 0.03233 0.02772
0 0.25173 0.39952 0.02887 0.02036
0 0.23701 0.35513 0.02714 0.01819
0 0.24192 0.34409 0.02887 0.01256
0 0.25866 0.36206 0.02309 0.01992
0 0.26674 0.34842 0.03349 0.01862
0 0.29388 0.34950 0.02309 0.01126
0 0.28320 0.36228 0.02829 0.02469
0 0.27973 0.38848 0.03060 0.02425
0 0.27223 0.40754 0.02829 0.02252
0 0.27627 0.43071 0.03291 0.02902
0 0.28753 0.47900 0.03002 0.02079
0 0.28868 0.45821 0.03349 0.02425
0 0.29994 0.41230 0.03753 0.02858
0 0.30167 0.43915 0.03406 0.02858
0 0.30687 0.48831 0.02829 0.02122
0 0.31293 0.46579 0.03695 0.02728
0 0.32477 0.44630 0.03176 0.02642
0 0.32650 0.50087 0.02252 0.01516
0 0.32968 0.49329 0.02540 0.01906
0 0.33141 0.47466 0.03002 0.02252
0 0.34700 0.45517 0.03349 0.03118
0 0.32592 0.42118 0.03406 0.02728
0 0.30658 0.39238 0.03118 0.02425
0 0.29879 0.37527 0.02945 0.01689
0 0.30947 0.36250 0.02540 0.02079
0 0.31899 0.35080 0.02945 0.01299
0 0.34353 0.35470 0.02540 0.01299
0 0.33545 0.36423 0.02887 0.02079
0 0.32650 0.37765 0.03176 0.01992
0 0.33314 0.39736 0.03349 0.02728
0 0.34729 0.42789 0.02945 0.02772
0 0.37096 0.43265 0.03176 0.02858
0 0.36085 0.40624 0.03580 0.02772
0 0.38222 0.41295 0.01617 0.01862
0 0.35219 0.38328 0.02887 0.02165
0 0.35739 0.37094 0.02656 0.02209
0 0.36836 0.36163 0.02771 0.01472
0 0.37846 0.37397 0.02367 0.01516
0 0.37644 0.39108 0.02887 0.02599
0 0.39896 0.42053 0.03233 0.02599
0 0.39550 0.39866 0.02656 0.02122
0 0.41772 0.40602 0.02829 0.02642
0 0.40012 0.38155 0.02425 0.02165
0 0.39145 0.36618 0.02309 0.01429
0 0.41368 0.37202 0.02483 0.01299
0 0.43216 0.37722 0.02136 0.01299
0 0.42177 0.38740 0.02598 0.02295
0 0.45410 0.38307 0.02136 0.01689
0 0.43938 0.41078 0.02887 0.02728
0 0.45699 0.41728 0.03291 0.02555
0 0.42639 0.42789 0.03176 0.02252
0 0.39348 0.44088 0.03291 0.02772
0 0.36923 0.46016 0.02945 0.02815
0 0.35248 0.48181 0.03406 0.02728
0 0.34584 0.50910 0.02425 0.01083
0 0.35017 0.50152 0.02598 0.01646
0 0.38915 0.46730 0.03464 0.02772
0 0.41513 0.44716 0.03349 0.02728
0 0.37442 0.48809 0.03406 0.02772
0 0.36547 0.51559 0.02194 0.01169
0 0.37125 0.50801 0.02540 0.01559
0 0.38741 0.51711 0.03118 0.01819
0 0.39492 0.49459 0.03464 0.02858
0 0.40993 0.47250 0.03118 0.02945
0 0.43620 0.45366 0.03176 0.02902
0 0.42754 0.47878 0.03176 0.02555
0 0.41484 0.50216 0.03406 0.02642
0 0.40733 0.52339 0.02714 0.01776
0 0.47604 0.42334 0.02252 0.02469
0 0.51270 0.41468 0.02540 0.01862
0 0.49769 0.42724 0.02540 0.02642
0 0.45872 0.43828 0.03060 0.02252
0 0.48181 0.44738 0.02714 0.02772
0 0.45525 0.46297 0.03291 0.03032
0 0.47113 0.46990 0.02771 0.02512
0 0.44630 0.49004 0.03349 0.02642
0 0.43331 0.51169 0.03406 0.02209
0 0.42523 0.53053 0.03060 0.01646
0 0.44342 0.53595 0.02887 0.01429
0 0.45150 0.51732 0.03349 0.02382
0 0.46565 0.49524 0.03176 0.02815
0 0.45323 0.54504 0.01848 0.00823
0 0.46363 0.54179 0.02540 0.01299
0 0.46709 0.52404 0.02771 0.02425
0 0.48326 0.50368 0.03118 0.02858
0 0.49076 0.47575 0.03118 0.02988
0 0.49654 0.45214 0.02656 0.02512
0 0.51501 0.43612 0.02656 0.02512
0 0.51819 0.45951 0.02598 0.02685
0 0.53291 0.44348 0.02656 0.02512
0 0.52916 0.40710 0.02367 0.01732
0 0.53522 0.42269 0.02194 0.02079
0 0.54648 0.41317 0.02252 0.01732
0 0.56438 0.41750 0.02136 0.01472
0 0.55803 0.42832 0.02367 0.02079
0 0.55341 0.44976 0.02598 0.02555
0 0.53724 0.46665 0.02714 0.02295
0 0.51039 0.48333 0.03464 0.02685
0 0.50318 0.50953 0.03060 0.02728
0 0.48787 0.52902 0.03349 0.02642
0 0.47719 0.54786 0.03060 0.01386
0 0.49654 0.55414 0.02771 0.01256
0 0.50404 0.53703 0.03349 0.02339
0 0.51905 0.51732 0.03118 0.02469
0 0.52685 0.49112 0.02945 0.02945
0 0.54475 0.49848 0.03060 0.02858
0 0.53580 0.52534 0.03349 0.02599
0 0.52223 0.54483 0.03291 0.01992
0 0.51328 0.55998 0.02887 0.01126
0 0.52916 0.56561 0.02598 0.01039
0 0.53984 0.55045 0.03233 0.02512
0 0.54936 0.57168 0.02714 0.01213
0 0.55716 0.55912 0.03464 0.02165
0 0.55485 0.53162 0.03118 0.02555
0 0.56293 0.50563 0.03118 0.02988
0 0.55341 0.47445 0.02714 0.02555
0 0.57015 0.45886 0.02252 0.02642
0 0.57102 0.48116 0.02771 0.02425
0 0.58718 0.46319 0.02656 0.02815
0 0.57419 0.43785 0.02367 0.02685
0 0.58285 0.42399 0.02136 0.01732
0 0.61085 0.42594 0.01963 0.00650
0 0.60162 0.42962 0.01963 0.01299
0 0.59382 0.44197 0.02136 0.02295
0 0.58834 0.48831 0.02656 0.02295
0 0.60479 0.47142 0.02945 0.03075
0 0.60508 0.49632 0.02771 0.02425
0 0.58199 0.51234 0.03233 0.02858
0 0.57188 0.53919 0.03291 0.02772
0 0.56928 0.57796 0.02540 0.01083
0 0.57535 0.56540 0.03176 0.01776
0 0.59786 0.52165 0.03060 0.02815
0 0.59036 0.54742 0.03291 0.02512
0 0.61778 0.52772 0.03118 0.02728
0 0.62558 0.50260 0.03060 0.02642
0 0.62471 0.47770 0.02887 0.02772
0 0.61114 0.44781 0.02483 0.02599
0 0.61923 0.43590 0.02021 0.01516
0 0.62933 0.43179 0.02079 0.00953
0 0.64578 0.43785 0.01674 0.00780
0 0.63828 0.44218 0.02136 0.01473
0 0.63135 0.45539 0.02714 0.02642
0 0.64405 0.48398 0.02367 0.02642
0 0.64983 0.46275 0.02483 0.02728
0 0.65647 0.44954 0.01963 0.01819
0 0.66513 0.44370 0.02309 0.01169
0 0.68447 0.44911 0.02021 0.01126
0 0.67552 0.45561 0.02079 0.01646
0 0.66859 0.46990 0.02540 0.02512
0 0.66109 0.49091 0.02194 0.02642
0 0.64492 0.50888 0.02887 0.02512
0 0.63741 0.53378 0.03233 0.02902
0 0.58632 0.58315 0.02483 0.01083
0 0.59296 0.56886 0.02540 0.01949
0 0.61028 0.55370 0.03233 0.02555
0 0.60393 0.58835 0.02540 0.00996
0 0.60941 0.57557 0.02598 0.01992
0 0.62875 0.55998 0.03349 0.02599
0 0.62991 0.58229 0.03349 0.02036
0 0.61980 0.59528 0.02252 0.00736
0 0.63770 0.59939 0.02252 0.00780
0 0.64550 0.58900 0.03233 0.01906
0 0.64781 0.56670 0.03118 0.02382
0 0.65445 0.54158 0.02945 0.03075
0 0.66426 0.51711 0.02829 0.02945
0 0.67985 0.49697 0.02598 0.02902
0 0.68533 0.47791 0.02540 0.02988
0 0.69313 0.46167 0.01790 0.01732
0 0.70352 0.45539 0.02021 0.00996
0 0.72142 0.46124 0.02021 0.00866
0 0.71189 0.46752 0.02194 0.01862
0 0.70670 0.48138 0.02656 0.02382
0 0.69977 0.50346 0.02656 0.02728
0 0.68447 0.52209 0.03176 0.02555
0 0.67437 0.54634 0.02887 0.02902
0 0.66455 0.57276 0.03695 0.02555
0 0.65675 0.60502 0.02598 0.00866
0 0.66397 0.59506 0.03233 0.01992
0 0.68476 0.57796 0.03349 0.02555
0 0.69226 0.55132 0.02656 0.02945
0 0.70237 0.53010 0.02829 0.02685
0 0.71882 0.51191 0.03002 0.02945
0 0.72488 0.48917 0.02829 0.02555
0 0.73181 0.47445 0.02021 0.01949
0 0.73961 0.46773 0.02079 0.00866
0 0.75693 0.47445 0.01848 0.00909
0 0.74971 0.48094 0.02136 0.01949
0 0.74307 0.49654 0.02540 0.02295
0 0.73816 0.51797 0.02021 0.02339
0 0.72373 0.53421 0.02829 0.02382
0 0.71247 0.55782 0.03349 0.03032
0 0.70525 0.58445 0.03060 0.02382
0 0.68331 0.60091 0.03406 0.02382
0 0.70352 0.60589 0.03291 0.02079
0 0.72315 0.58857 0.03291 0.02425
0 0.73095 0.56540 0.02771 0.02555
0 0.74163 0.54244 0.03176 0.02642
0 0.75491 0.52642 0.02483 0.02728
0 0.76039 0.50390 0.02771 0.02642
0 0.76819 0.48874 0.02136 0.01949
0 0.77887 0.48311 0.02540 0.01256
0 0.78580 0.49610 0.01848 0.01689
0 0.79705 0.49177 0.02136 0.01256
0 0.81264 0.49827 0.01905 0.01083
0 0.80312 0.50238 0.01732 0.01386
0 0.77973 0.51039 0.02598 0.02469
0 0.77396 0.53097 0.02829 0.02599
0 0.76876 0.54352 0.00520 0.00260
0 0.75924 0.54894 0.02079 0.02209
0 0.74913 0.56864 0.02483 0.02685
0 0.71680 0.61888 0.02598 0.00866
0 0.72431 0.60935 0.02945 0.01819
0 0.74076 0.62300 0.02887 0.00823
0 0.74567 0.61325 0.03522 0.01646
0 0.74509 0.59246 0.03406 0.02599
0 0.75895 0.62473 0.01674 0.00650
0 0.77281 0.62516 0.01905 0.00823
0 0.77050 0.61563 0.03291 0.01516
0 0.76674 0.59766 0.03118 0.02165
0 0.76992 0.57362 0.02945 0.02902
0 0.77973 0.55349 0.02945 0.02425
0 0.79504 0.53573 0.02540 0.02425
0 0.79994 0.51667 0.02714 0.02425
0 0.82102 0.50801 0.01848 0.01213
0 0.83256 0.51234 0.01501 0.00953
0 0.83747 0.51862 0.01443 0.00909
0 0.82102 0.52360 0.02309 0.02512
0 0.81784 0.54071 0.02136 0.02469
0 0.83805 0.52447 0.01443 0.01213
0 0.84122 0.53486 0.02309 0.01559
0 0.84584 0.55219 0.01270 0.02252
0 0.83487 0.54807 0.02079 0.02382
0 0.80312 0.55782 0.03233 0.02425
0 0.79272 0.57752 0.03118 0.02728
0 0.78839 0.59983 0.03637 0.02512
0 0.78897 0.61975 0.02483 0.01386
0 0.80976 0.61390 0.02021 0.01343
0 0.81438 0.58034 0.02136 0.02079
0 0.80456 0.60134 0.03522 0.02728
0 0.82852 0.59398 0.01963 0.02728
