0 0.55521 0.84492 0.01146 0.01172
0 0.57318 0.83555 0.01927 0.01953
0 0.75078 0.42422 0.01927 0.01094
0 0.74037 0.43594 0.01719 0.01250
0 0.72838 0.44648 0.01823 0.01328
0 0.81537 0.46211 0.01198 0.02422
0 0.81536 0.43945 0.01302 0.02109
0 0.80000 0.44805 0.02396 0.03984
0 0.71719 0.45977 0.02083 0.01953
0 0.71016 0.47344 0.01823 0.01875
0 0.69063 0.46914 0.01562 0.01172
0 0.68255 0.48047 0.01302 0.01094
0 0.67240 0.49336 0.01458 0.01641
0 0.66224 0.50742 0.01302 0.01172
0 0.65052 0.51875 0.01250 0.01406
0 0.64245 0.53203 0.01302 0.01406
0 0.63333 0.54531 0.01562 0.01406
0 0.62292 0.55938 0.01667 0.01875
0 0.61771 0.56641 0.01771 0.01094
0 0.69766 0.48516 0.02031 0.01406
0 0.68880 0.49727 0.02031 0.02109
0 0.67682 0.51055 0.02031 0.01797
0 0.66016 0.52305 0.01719 0.01953
0 0.65391 0.54023 0.02344 0.02109
0 0.64349 0.55938 0.02552 0.02031
0 0.77500 0.43320 0.01771 0.01641
0 0.76068 0.44336 0.02240 0.02266
0 0.74870 0.45703 0.02344 0.02500
0 0.73854 0.47031 0.02396 0.02969
0 0.73099 0.48438 0.02031 0.02500
0 0.72161 0.49648 0.02031 0.03047
0 0.71068 0.50703 0.02552 0.02500
0 0.69713 0.52109 0.02135 0.02500
0 0.67708 0.52852 0.01979 0.01797
0 0.67839 0.55117 0.02552 0.02891
0 0.69531 0.54453 0.02396 0.02812
0 0.78932 0.45859 0.02552 0.04219
0 0.77604 0.47422 0.02292 0.04219
0 0.76458 0.48320 0.02604 0.03359
0 0.75859 0.49844 0.02760 0.03438
0 0.74740 0.51445 0.02812 0.03828
0 0.73724 0.52773 0.02552 0.03672
0 0.72344 0.53359 0.02083 0.03281
0 0.80625 0.48242 0.01771 0.02578
0 0.79583 0.49687 0.02396 0.03281
0 0.78516 0.51602 0.02552 0.03672
0 0.77552 0.53125 0.02396 0.03281
0 0.76667 0.54727 0.02396 0.03359
0 0.75807 0.56133 0.01823 0.03359
0 0.74141 0.55625 0.01823 0.02812
0 0.74870 0.57734 0.01406 0.01562
0 0.73698 0.58711 0.02396 0.02891
0 0.72370 0.56016 0.02135 0.03438
0 0.60521 0.58047 0.01875 0.01562
0 0.61745 0.58320 0.02344 0.02578
0 0.60651 0.59961 0.02344 0.02266
0 0.59349 0.59180 0.01510 0.01328
0 0.58568 0.60312 0.01719 0.01094
0 0.59427 0.61563 0.01875 0.02031
0 0.58359 0.63477 0.02031 0.03047
0 0.57500 0.61680 0.01875 0.01641
0 0.56484 0.63164 0.01406 0.01328
0 0.55495 0.64648 0.01615 0.02422
0 0.54088 0.66523 0.01510 0.02266
0 0.52448 0.69102 0.01354 0.02578
0 0.50990 0.73008 0.01979 0.02891
0 0.48698 0.76719 0.00938 0.02344
0 0.50052 0.75703 0.02292 0.02812
0 0.56719 0.65156 0.02187 0.02656
0 0.55495 0.67266 0.02448 0.02813
0 0.53828 0.69219 0.02656 0.02969
0 0.52526 0.71797 0.01927 0.02969
0 0.66927 0.56172 0.03021 0.02656
0 0.65703 0.57734 0.02760 0.02813
0 0.64714 0.58516 0.02552 0.02969
0 0.63854 0.59727 0.02396 0.03516
0 0.62839 0.61289 0.02344 0.03516
0 0.61615 0.62656 0.02604 0.03438
0 0.60781 0.64023 0.02292 0.02422
0 0.59609 0.65352 0.02344 0.03047
0 0.58307 0.66875 0.02344 0.03281
0 0.57292 0.68437 0.02604 0.02969
0 0.56016 0.70391 0.02552 0.02813
0 0.54141 0.72578 0.02656 0.03125
0 0.52318 0.75781 0.02448 0.03750
0 0.70729 0.56953 0.02604 0.04063
0 0.72526 0.59961 0.02135 0.03047
0 0.71641 0.61055 0.02135 0.03047
0 0.69583 0.58125 0.02500 0.04062
0 0.68464 0.59453 0.02656 0.04062
0 0.70755 0.62500 0.02552 0.03750
0 0.69531 0.63828 0.02396 0.03906
0 0.67500 0.60859 0.02292 0.03594
0 0.66250 0.61680 0.02187 0.03672
0 0.68099 0.64844 0.02448 0.03594
0 0.67188 0.66328 0.02188 0.03906
0 0.65339 0.63477 0.02240 0.03672
0 0.63802 0.64805 0.02083 0.03359
0 0.62474 0.66836 0.02865 0.03672
0 0.60495 0.68945 0.02865 0.03672
0 0.58620 0.71172 0.02969 0.03750
0 0.56849 0.73516 0.03073 0.03906
0 0.54922 0.75508 0.03594 0.03516
0 0.65729 0.67539 0.02812 0.04297
0 0.64349 0.69687 0.02135 0.03906
0 0.63125 0.73633 0.01354 0.01797
0 0.62969 0.70898 0.02187 0.03828
0 0.61354 0.72617 0.02396 0.03828
0 0.59818 0.74414 0.02448 0.04453
0 0.61823 0.75937 0.02083 0.03125
0 0.59974 0.78242 0.02344 0.03203
0 0.57969 0.76445 0.02813 0.04141
0 0.57865 0.79883 0.02813 0.03359
0 0.55182 0.78672 0.02969 0.03281
0 0.53620 0.82109 0.01510 0.02344
0 0.55573 0.82148 0.03021 0.03672
