0 0.17010 0.85838 0.05155 0.02312
0 0.15979 0.83671 0.05155 0.02023
0 0.14949 0.81214 0.07216 0.02890
0 0.22680 0.89017 0.08247 0.02312
0 0.21134 0.87428 0.09278 0.02601
0 0.21650 0.84971 0.08247 0.02312
0 0.21134 0.82370 0.11340 0.02890
0 0.29897 0.89306 0.08247 0.02890
0 0.28866 0.86416 0.08247 0.03468
0 0.32990 0.87428 0.18557 0.10694
0 0.36083 0.88584 0.10309 0.03179
0 0.37629 0.85549 0.11340 0.02890
0 0.40206 0.82659 0.12371 0.02890
0 0.45361 0.91618 0.12371 0.02312
0 0.46392 0.89595 0.14433 0.02890
0 0.47423 0.86705 0.16495 0.03468
0 0.50000 0.83815 0.13402 0.02890
0 0.92783 0.79769 0.08247 0.01734
0 0.93814 0.81792 0.08247 0.02890
0 0.93299 0.84393 0.07216 0.02890
0 0.92268 0.86705 0.09278 0.02312
0 0.88660 0.89306 0.06186 0.02312
0 0.80412 0.90173 0.12371 0.02312
0 0.83505 0.87717 0.12371 0.03179
0 0.85052 0.84682 0.11340 0.02890
0 0.86083 0.81792 0.11340 0.02890
0 0.69588 0.90751 0.13402 0.02890
0 0.71134 0.88006 0.14433 0.03179
0 0.74742 0.84827 0.17526 0.03179
0 0.75258 0.82659 0.14433 0.02890
0 0.56701 0.91908 0.12371 0.02890
0 0.59278 0.89306 0.13402 0.02890
0 0.60825 0.86416 0.12371 0.03468
0 0.62887 0.83670 0.12371 0.03179
0 0.15979 0.79191 0.07216 0.03468
0 0.12371 0.77168 0.06186 0.02312
0 0.12371 0.75144 0.06186 0.02312
0 0.12887 0.73121 0.09278 0.01734
0 0.10825 0.71387 0.07216 0.02312
0 0.10309 0.69364 0.06186 0.02312
0 0.10309 0.67197 0.06186 0.02023
0 0.10825 0.65029 0.07216 0.01734
0 0.09794 0.63150 0.05155 0.01445
0 0.09278 0.61705 0.06186 0.02023
0 0.08247 0.59827 0.06186 0.01734
0 0.29897 0.80925 0.08247 0.02890
0 0.24227 0.79624 0.11340 0.02601
0 0.21649 0.77601 0.10309 0.02601
0 0.20103 0.75867 0.09278 0.02023
0 0.19588 0.74133 0.08247 0.02023
0 0.19072 0.72399 0.11340 0.02023
0 0.18041 0.70520 0.09278 0.01734
0 0.17526 0.68497 0.10309 0.02890
0 0.17526 0.66619 0.10309 0.02023
0 0.17526 0.64451 0.10309 0.02312
0 0.17010 0.62572 0.09278 0.02023
0 0.16495 0.60838 0.10309 0.02601
0 0.14949 0.59249 0.09278 0.02312
0 0.29897 0.78468 0.08247 0.02601
0 0.29897 0.76301 0.10309 0.02890
0 0.28866 0.73844 0.10309 0.03179
0 0.28350 0.71098 0.11340 0.02890
0 0.27320 0.68931 0.11340 0.02601
0 0.27320 0.66763 0.11340 0.02312
0 0.27320 0.64595 0.11340 0.02601
0 0.26804 0.62283 0.10309 0.02601
0 0.25773 0.60116 0.10309 0.02312
0 0.92783 0.77746 0.06186 0.02890
0 0.92268 0.75000 0.05155 0.03179
0 0.92783 0.73121 0.04124 0.02312
0 0.92783 0.71098 0.06186 0.02890
0 0.91237 0.69075 0.05155 0.02890
0 0.89691 0.67630 0.06186 0.02312
0 0.88660 0.65751 0.06186 0.03179
0 0.88660 0.63728 0.06186 0.02601
0 0.88144 0.61127 0.05155 0.03179
0 0.87113 0.58526 0.05155 0.02601
0 0.81959 0.59827 0.09278 0.01734
0 0.81443 0.61705 0.10309 0.02023
0 0.82990 0.63439 0.09278 0.02023
0 0.82474 0.65607 0.10309 0.02312
0 0.82990 0.67485 0.09278 0.02023
0 0.84536 0.69220 0.08247 0.01445
0 0.86083 0.71098 0.09278 0.02312
0 0.86083 0.73121 0.09278 0.02312
0 0.86598 0.75433 0.10309 0.02312
0 0.87113 0.77457 0.09278 0.02312
0 0.87113 0.79480 0.09278 0.02890
0 0.77835 0.80058 0.13402 0.02890
0 0.76804 0.77746 0.13402 0.02312
0 0.77835 0.75433 0.09278 0.02890
0 0.77835 0.72977 0.11340 0.02023
0 0.76804 0.70809 0.13402 0.02312
0 0.75258 0.69075 0.10309 0.01734
0 0.74227 0.67485 0.10309 0.02023
0 0.73711 0.65462 0.11340 0.02601
0 0.73711 0.63150 0.13402 0.02601
0 0.72165 0.60838 0.10309 0.02601
0 0.64433 0.80780 0.13402 0.03179
0 0.66495 0.78468 0.13402 0.02601
0 0.66495 0.76301 0.15464 0.02312
0 0.67526 0.74133 0.17526 0.02601
0 0.66495 0.72110 0.13402 0.02601
0 0.63402 0.70665 0.13402 0.02601
0 0.63402 0.68064 0.15464 0.02601
0 0.62887 0.66040 0.12371 0.02601
0 0.62371 0.64017 0.13402 0.02601
0 0.61340 0.61705 0.13402 0.02601
0 0.51546 0.81214 0.12371 0.02890
0 0.53093 0.78613 0.15464 0.02890
0 0.52577 0.76156 0.14433 0.02601
0 0.52577 0.74422 0.14433 0.02023
0 0.52062 0.71965 0.13402 0.02312
0 0.51031 0.70087 0.13402 0.02601
0 0.51031 0.67919 0.13402 0.02890
0 0.50516 0.65607 0.12371 0.02890
0 0.50516 0.63150 0.12371 0.02601
0 0.50000 0.60838 0.13402 0.02601
0 0.39691 0.80058 0.13402 0.02312
0 0.40206 0.78179 0.14433 0.02601
0 0.40206 0.75867 0.12371 0.02023
0 0.39691 0.73988 0.13402 0.02312
0 0.38660 0.72110 0.13402 0.02023
0 0.39691 0.69942 0.13402 0.02312
0 0.39175 0.67919 0.12371 0.02312
0 0.38144 0.66185 0.12371 0.02312
0 0.39175 0.64017 0.12371 0.02023
0 0.38660 0.62139 0.13402 0.02312
0 0.37629 0.60116 0.13402 0.02312
0 0.08247 0.57948 0.06186 0.02601
0 0.07732 0.56214 0.05155 0.02023
0 0.07216 0.54480 0.06186 0.02023
0 0.06701 0.52746 0.05155 0.02023
0 0.06701 0.50867 0.05155 0.01734
0 0.06701 0.49133 0.07216 0.02312
0 0.06186 0.47110 0.06186 0.02312
0 0.05670 0.45231 0.05155 0.02023
0 0.06186 0.43353 0.06186 0.02312
0 0.07216 0.41618 0.06186 0.01734
0 0.15464 0.57370 0.10309 0.02023
0 0.13917 0.55636 0.09278 0.02023
0 0.12371 0.54046 0.08247 0.02312
0 0.11856 0.51879 0.09278 0.02601
0 0.12887 0.49711 0.09278 0.01734
0 0.12887 0.48266 0.09278 0.01734
0 0.12371 0.46821 0.08247 0.01734
0 0.12887 0.45376 0.09278 0.01156
0 0.12887 0.43931 0.09278 0.01734
0 0.12371 0.42341 0.08247 0.02023
0 0.25773 0.57803 0.12371 0.02890
0 0.23711 0.56069 0.12371 0.02890
0 0.22680 0.54046 0.12371 0.02890
0 0.22165 0.51879 0.11340 0.02023
0 0.22165 0.50289 0.11340 0.02312
0 0.22165 0.48410 0.11340 0.02023
0 0.21650 0.46532 0.12371 0.02312
0 0.22165 0.44509 0.13402 0.02312
0 0.22680 0.42341 0.12371 0.02601
0 0.36598 0.58526 0.15464 0.02023
0 0.36598 0.56792 0.13402 0.02023
0 0.35052 0.55058 0.14433 0.02601
0 0.34536 0.52746 0.13402 0.02601
0 0.32474 0.51012 0.13402 0.02601
0 0.31959 0.49133 0.12371 0.02312
0 0.32990 0.47254 0.12371 0.02023
0 0.32990 0.45520 0.12371 0.02023
0 0.32990 0.43642 0.12371 0.02312
0 0.33505 0.41618 0.11340 0.01734
0 0.86598 0.56503 0.06186 0.01445
0 0.86598 0.55202 0.04124 0.01734
0 0.85567 0.53468 0.04124 0.02312
0 0.83505 0.50289 0.04124 0.01156
0 0.84536 0.51734 0.04124 0.01734
0 0.79897 0.58092 0.11340 0.02312
0 0.79897 0.56214 0.09278 0.02023
0 0.80412 0.54624 0.08247 0.01734
0 0.79381 0.52890 0.10309 0.02312
0 0.78866 0.51156 0.09278 0.02312
0 0.78866 0.48988 0.11340 0.02601
0 0.78351 0.46965 0.08247 0.01445
0 0.79897 0.41474 0.05155 0.01445
0 0.80928 0.44075 0.05155 0.01445
0 0.77835 0.45520 0.11340 0.02023
0 0.76804 0.43208 0.07216 0.02601
0 0.71650 0.58815 0.09278 0.02023
0 0.71134 0.56792 0.10309 0.02023
0 0.70619 0.54624 0.11340 0.02890
0 0.69588 0.52457 0.11340 0.02023
0 0.69588 0.50433 0.11340 0.02023
0 0.68557 0.48844 0.11340 0.01734
0 0.69072 0.47110 0.12371 0.02312
0 0.68557 0.45376 0.11340 0.02312
0 0.69072 0.43497 0.12371 0.01445
0 0.68557 0.42485 0.11340 0.02312
0 0.62371 0.59249 0.11340 0.01734
0 0.61340 0.57515 0.13402 0.02312
0 0.60309 0.55491 0.13402 0.02312
0 0.59278 0.53613 0.15464 0.02023
0 0.59278 0.51590 0.13402 0.02601
0 0.58247 0.49422 0.13402 0.02312
0 0.57732 0.47543 0.14433 0.02023
0 0.57732 0.45809 0.12371 0.02023
0 0.57732 0.44075 0.12371 0.02023
0 0.57732 0.42341 0.12371 0.01445
0 0.49485 0.58815 0.12371 0.02023
0 0.49485 0.56936 0.12371 0.02312
0 0.48454 0.55202 0.12371 0.02312
0 0.45876 0.53468 0.11340 0.01734
0 0.44845 0.51590 0.13402 0.02023
0 0.44845 0.49711 0.13402 0.02312
0 0.44330 0.47977 0.12371 0.01734
0 0.45361 0.46098 0.14433 0.02023
0 0.44845 0.44364 0.13402 0.02023
0 0.44845 0.42485 0.13402 0.01734
0 0.46392 0.40896 0.12371 0.02023
0 0.57732 0.40462 0.14433 0.02312
0 0.67526 0.40607 0.09278 0.02023
0 0.69072 0.38873 0.08247 0.02023
0 0.76804 0.40318 0.11340 0.03179
0 0.75258 0.38439 0.06186 0.02312
0 0.73711 0.36416 0.07216 0.02312
0 0.71134 0.34682 0.06186 0.02312
0 0.69072 0.32948 0.06186 0.02312
0 0.67010 0.31069 0.06186 0.02023
0 0.67010 0.38295 0.06186 0.02601
0 0.65979 0.36850 0.04124 0.02023
0 0.64433 0.34971 0.05155 0.02312
0 0.63402 0.33237 0.05155 0.01734
0 0.62371 0.31792 0.05155 0.01734
0 0.59794 0.30636 0.06186 0.02312
0 0.07732 0.39740 0.07216 0.02023
0 0.08247 0.37283 0.06186 0.02312
0 0.08763 0.35116 0.05155 0.02023
0 0.11340 0.33382 0.06186 0.02023
0 0.19072 0.30636 0.09278 0.01734
0 0.18041 0.32370 0.09278 0.02312
0 0.15464 0.34104 0.08247 0.01734
0 0.14433 0.35983 0.10309 0.02601
0 0.13917 0.38439 0.09278 0.02312
0 0.13402 0.40607 0.08247 0.02023
0 0.22165 0.40751 0.11340 0.02312
0 0.22680 0.38873 0.12371 0.02023
0 0.23711 0.36561 0.12371 0.02601
0 0.23711 0.34393 0.10309 0.01734
0 0.24742 0.32659 0.10309 0.01734
0 0.26289 0.31358 0.09278 0.02023
0 0.33505 0.40029 0.13402 0.02023
0 0.35052 0.37861 0.14433 0.02312
0 0.35052 0.35983 0.12371 0.02023
0 0.34536 0.33960 0.13402 0.02023
0 0.34536 0.32370 0.11340 0.01734
0 0.35567 0.30780 0.11340 0.01445
0 0.57732 0.38728 0.12371 0.02312
0 0.58247 0.36850 0.13402 0.02023
0 0.57217 0.35260 0.13402 0.02312
0 0.56186 0.33526 0.11340 0.02312
0 0.55670 0.31647 0.10309 0.02023
0 0.55155 0.29335 0.11340 0.02023
0 0.45361 0.38873 0.12371 0.02023
0 0.46392 0.36850 0.12371 0.02023
0 0.46392 0.35260 0.12371 0.01734
0 0.45361 0.33526 0.12371 0.02312
0 0.45361 0.31647 0.12371 0.02023
0 0.45361 0.29769 0.10309 0.01734
0 0.13917 0.28613 0.05155 0.01156
0 0.15464 0.27746 0.06186 0.01156
0 0.15464 0.26590 0.06186 0.01734
0 0.21650 0.26301 0.08247 0.01156
0 0.19588 0.28902 0.08247 0.01734
0 0.27835 0.29769 0.10309 0.01156
0 0.36083 0.29624 0.10309 0.00867
0 0.28350 0.28613 0.09278 0.01734
0 0.37629 0.28468 0.09278 0.01445
0 0.54124 0.28324 0.09278 0.01156
0 0.45876 0.28468 0.09278 0.01445
0 0.52577 0.26445 0.08247 0.02601
0 0.45361 0.27168 0.08247 0.01734
0 0.45361 0.25578 0.08247 0.02023
0 0.37629 0.27168 0.07216 0.01734
0 0.37113 0.25722 0.08247 0.01734
0 0.28350 0.27023 0.07216 0.02023
0 0.21649 0.27457 0.06186 0.01734
0 0.22165 0.25433 0.07216 0.01734
0 0.28866 0.25433 0.08247 0.01734
0 0.01031 0.44220 0.02062 0.01734
0 0.01031 0.46243 0.02062 0.02312
0 0.01546 0.48410 0.03093 0.02023
0 0.01546 0.49856 0.03093 0.01445
0 0.02062 0.51734 0.04124 0.02312
0 0.02062 0.53613 0.04124 0.02023
0 0.02062 0.55491 0.04124 0.02312
0 0.02577 0.57225 0.05155 0.01734
0 0.02577 0.58960 0.05155 0.01734
0 0.02577 0.60694 0.05155 0.02312
0 0.02062 0.62139 0.04124 0.01156
0 0.02577 0.63873 0.05155 0.02312
0 0.03093 0.65896 0.06186 0.02312
0 0.03093 0.67775 0.06186 0.02023
0 0.03093 0.69653 0.06186 0.02312
0 0.03608 0.71532 0.07216 0.02023
0 0.04124 0.72977 0.08247 0.01445
0 0.03608 0.74277 0.07216 0.01734
0 0.03608 0.75723 0.07216 0.01734
0 0.04124 0.77457 0.08247 0.01734
0 0.05670 0.79046 0.07216 0.02023
0 0.01031 0.79046 0.02062 0.02023
0 0.05155 0.80780 0.06186 0.02023
0 0.01031 0.80780 0.02062 0.02023
0 0.05155 0.82515 0.06186 0.02601
0 0.01031 0.82803 0.02062 0.02023
0 0.05670 0.84827 0.05155 0.02601
0 0.02577 0.84827 0.05155 0.02023
0 0.06701 0.87139 0.07216 0.02601
0 0.02577 0.87139 0.05155 0.02601
0 0.06701 0.89595 0.05155 0.02890
0 0.03093 0.89451 0.06186 0.03179
0 0.02577 0.94509 0.05155 0.02312
0 0.05155 0.92341 0.06186 0.02601
0 0.03093 0.92341 0.06186 0.02601
