0 0.43021 0.57422 0.00937 0.01094
0 0.43490 0.56250 0.00729 0.01250
0 0.44089 0.54883 0.00677 0.01484
0 0.44740 0.53633 0.00729 0.01328
0 0.45365 0.52578 0.00938 0.01250
0 0.45964 0.51484 0.00885 0.01562
0 0.46484 0.50273 0.00990 0.01641
0 0.47057 0.48906 0.00885 0.01875
0 0.47708 0.47656 0.00937 0.01406
0 0.48385 0.46484 0.01146 0.01406
0 0.48958 0.47656 0.01667 0.02344
0 0.48281 0.48828 0.01667 0.02031
0 0.47786 0.49961 0.01615 0.01953
0 0.47214 0.50859 0.01615 0.01875
0 0.46641 0.52305 0.01615 0.02109
0 0.45807 0.53398 0.01510 0.01797
0 0.45130 0.54570 0.01510 0.01797
0 0.44635 0.55938 0.01667 0.01875
0 0.44010 0.57305 0.01562 0.01797
0 0.42344 0.58750 0.00833 0.01562
0 0.41667 0.60312 0.00938 0.01562
0 0.41094 0.61641 0.00729 0.01094
0 0.40521 0.62891 0.00833 0.01406
0 0.39922 0.64297 0.00885 0.01406
0 0.37943 0.69570 0.00573 0.01016
0 0.38021 0.68789 0.00312 0.01172
0 0.39323 0.65703 0.00833 0.01094
0 0.38750 0.66992 0.00729 0.01484
0 0.43411 0.58867 0.01510 0.02109
0 0.42786 0.59961 0.01302 0.01953
0 0.42240 0.61133 0.01562 0.02109
0 0.41693 0.62695 0.01615 0.02422
0 0.41016 0.63945 0.01510 0.02266
0 0.40365 0.65664 0.01667 0.02578
0 0.39687 0.67305 0.01562 0.02266
0 0.38542 0.70664 0.01354 0.02266
0 0.38750 0.68711 0.01354 0.02266
0 0.40026 0.69805 0.02240 0.02734
0 0.40859 0.68203 0.01927 0.02500
0 0.39531 0.71875 0.02083 0.02344
0 0.40938 0.73242 0.01875 0.03203
0 0.41927 0.70703 0.02292 0.02656
0 0.42682 0.69023 0.02344 0.03047
0 0.43411 0.67305 0.02240 0.02891
0 0.42734 0.75078 0.01927 0.02500
0 0.42891 0.72891 0.02344 0.03281
0 0.44063 0.71641 0.02083 0.02969
0 0.44844 0.70156 0.02187 0.03438
0 0.45651 0.68633 0.02240 0.03047
0 0.52760 0.64336 0.00521 0.01328
0 0.52344 0.65430 0.00625 0.01328
0 0.51823 0.66758 0.00625 0.01797
0 0.51224 0.68008 0.00573 0.01484
0 0.50833 0.69414 0.00833 0.01953
0 0.50078 0.70898 0.00885 0.01953
0 0.49245 0.73281 0.00781 0.01562
0 0.48542 0.75000 0.01042 0.02031
0 0.47734 0.76953 0.00990 0.02188
0 0.46719 0.78438 0.01354 0.02344
0 0.51068 0.66406 0.01094 0.02187
0 0.50391 0.67656 0.01198 0.02031
0 0.49896 0.68984 0.01250 0.02188
0 0.49349 0.70469 0.01094 0.02500
0 0.48854 0.71719 0.01354 0.02500
0 0.48281 0.73203 0.01354 0.02656
0 0.47474 0.74805 0.01510 0.02578
0 0.46588 0.76328 0.01615 0.02500
0 0.44036 0.78359 0.02344 0.02812
0 0.43385 0.77305 0.01458 0.02734
0 0.45495 0.77656 0.02135 0.03594
0 0.44740 0.74961 0.02083 0.03672
0 0.45911 0.73555 0.01927 0.03672
0 0.46641 0.71797 0.02135 0.03594
0 0.47448 0.70195 0.01771 0.03047
0 0.47891 0.68828 0.01927 0.03281
0 0.48542 0.67773 0.01875 0.02578
0 0.51537 0.65078 0.01198 0.02187
0 0.51979 0.63906 0.01354 0.01875
0 0.52422 0.62812 0.01406 0.02031
0 0.52995 0.61523 0.01406 0.01953
0 0.53594 0.60391 0.01458 0.02187
0 0.56901 0.53438 0.00677 0.00781
0 0.55495 0.56719 0.00573 0.01094
0 0.56641 0.54375 0.00365 0.01094
0 0.56016 0.55586 0.00573 0.01172
0 0.54193 0.58750 0.01719 0.02656
0 0.54713 0.57578 0.01510 0.02188
0 0.55000 0.56094 0.01146 0.02188
0 0.55573 0.55234 0.01042 0.01719
0 0.56068 0.53906 0.01094 0.02187
0 0.56589 0.52578 0.01198 0.01875
0 0.56901 0.51133 0.01302 0.02266
0 0.57422 0.50313 0.01094 0.01719
0 0.57865 0.49219 0.01354 0.01875
0 0.58281 0.48164 0.01354 0.01953
0 0.58750 0.47031 0.01250 0.01562
0 0.41510 0.66445 0.01771 0.02422
0 0.42266 0.65078 0.02031 0.02344
0 0.42969 0.63750 0.01979 0.02656
0 0.43385 0.62344 0.01875 0.02500
0 0.44037 0.61055 0.01927 0.02266
0 0.44635 0.59687 0.01979 0.02031
0 0.44167 0.66094 0.02083 0.02500
0 0.44844 0.64570 0.01979 0.02578
0 0.45338 0.63125 0.02240 0.02500
0 0.45885 0.61836 0.02083 0.02734
0 0.46302 0.66875 0.02292 0.02344
0 0.46953 0.65781 0.02135 0.02656
0 0.47396 0.64414 0.02187 0.02734
0 0.49141 0.66016 0.01823 0.02812
0 0.49688 0.64805 0.02083 0.02734
0 0.50339 0.63594 0.01719 0.02812
0 0.50807 0.62617 0.01615 0.02422
0 0.51354 0.60977 0.01771 0.02891
0 0.51927 0.59805 0.01771 0.02266
0 0.52422 0.58594 0.01510 0.02187
0 0.52865 0.57422 0.01667 0.02188
0 0.53359 0.56094 0.01719 0.02500
0 0.53906 0.54961 0.01667 0.02422
0 0.54479 0.53828 0.01667 0.02344
0 0.54948 0.52578 0.01667 0.02344
0 0.55521 0.51367 0.01562 0.02266
0 0.55990 0.50156 0.01667 0.02031
0 0.47812 0.63125 0.02083 0.02812
0 0.48490 0.61992 0.02083 0.02891
0 0.49323 0.60625 0.02500 0.03281
0 0.49505 0.59258 0.02135 0.02734
0 0.50260 0.58203 0.02083 0.02656
0 0.51016 0.56797 0.02135 0.02969
0 0.51510 0.55352 0.01979 0.02734
0 0.52344 0.53633 0.01875 0.02578
0 0.52812 0.52344 0.01979 0.02656
0 0.53542 0.50859 0.01979 0.02656
0 0.54115 0.49688 0.01875 0.02656
0 0.46588 0.60586 0.02031 0.02734
0 0.47083 0.59102 0.02292 0.03047
0 0.47552 0.57930 0.02188 0.02422
0 0.48099 0.56758 0.02448 0.02578
0 0.48906 0.55547 0.02083 0.02344
0 0.49453 0.54219 0.02031 0.02500
0 0.50182 0.53008 0.02552 0.02578
0 0.50833 0.51797 0.02083 0.02344
0 0.51432 0.50195 0.02031 0.02422
0 0.45156 0.58320 0.01771 0.01953
0 0.45703 0.56875 0.01615 0.01875
0 0.46224 0.55859 0.01615 0.02031
0 0.46823 0.54805 0.01667 0.02266
0 0.47604 0.53398 0.01875 0.02266
0 0.48151 0.52070 0.01615 0.02109
0 0.48984 0.50898 0.01615 0.02109
0 0.49583 0.50000 0.01771 0.02188
0 0.59297 0.46016 0.01094 0.01250
0 0.59896 0.44688 0.01146 0.02344
0 0.60312 0.43516 0.00938 0.01719
0 0.60729 0.42344 0.01042 0.01406
0 0.61224 0.40820 0.01094 0.02109
0 0.62057 0.39180 0.00990 0.01641
0 0.62630 0.37461 0.00885 0.01953
0 0.56484 0.49023 0.01615 0.02109
0 0.57031 0.48047 0.01354 0.02031
0 0.57578 0.46953 0.01198 0.02031
0 0.58021 0.45977 0.01250 0.01953
0 0.58542 0.44687 0.01667 0.02500
0 0.59219 0.43594 0.01354 0.02031
0 0.59609 0.42344 0.01406 0.02031
0 0.60130 0.41250 0.01302 0.01875
0 0.60599 0.40039 0.01406 0.01953
0 0.54740 0.48164 0.01875 0.02422
0 0.55495 0.46719 0.02031 0.02500
0 0.56068 0.45352 0.02240 0.02734
0 0.56693 0.43984 0.01823 0.02187
0 0.57318 0.42734 0.01823 0.02500
0 0.57995 0.41836 0.01719 0.02578
0 0.58594 0.40391 0.01667 0.02344
0 0.49375 0.44258 0.00938 0.01328
0 0.48802 0.45547 0.00938 0.01562
0 0.49922 0.43242 0.00990 0.01484
0 0.50547 0.42109 0.01198 0.01406
0 0.51094 0.40977 0.01042 0.01484
0 0.51667 0.39844 0.01146 0.01406
0 0.52214 0.38633 0.01198 0.01953
0 0.50000 0.48516 0.01667 0.02500
0 0.49974 0.45273 0.01615 0.01641
0 0.49687 0.46445 0.01562 0.01641
0 0.50599 0.44180 0.01719 0.01641
0 0.51146 0.43008 0.01771 0.01484
0 0.51667 0.41875 0.01458 0.01875
0 0.52318 0.40703 0.01615 0.01719
0 0.50885 0.47500 0.01875 0.02812
0 0.51537 0.45977 0.01927 0.02578
0 0.52240 0.44492 0.01771 0.02266
0 0.52838 0.43281 0.01927 0.02188
0 0.53333 0.42031 0.01979 0.02187
0 0.53854 0.40781 0.01875 0.02031
0 0.52214 0.48750 0.02031 0.02344
0 0.52865 0.47539 0.02188 0.02109
0 0.53437 0.46445 0.02083 0.02422
0 0.53958 0.45430 0.01875 0.02266
0 0.54453 0.44219 0.02031 0.02500
0 0.55208 0.42891 0.01875 0.02187
0 0.55703 0.41719 0.02031 0.02188
0 0.56224 0.40547 0.01927 0.02500
0 0.61146 0.38906 0.01354 0.01875
0 0.61589 0.37813 0.01406 0.01875
0 0.59063 0.39336 0.01667 0.02266
0 0.59635 0.38242 0.01771 0.02422
0 0.60130 0.36992 0.01615 0.02422
0 0.53932 0.35117 0.01094 0.01641
0 0.53385 0.36211 0.01354 0.01328
0 0.52917 0.37344 0.01354 0.01562
0 0.52891 0.39375 0.01615 0.01875
0 0.53516 0.38281 0.01510 0.01562
0 0.54193 0.36953 0.01406 0.02187
0 0.54453 0.39648 0.01719 0.02266
0 0.55156 0.38398 0.01875 0.02266
0 0.55599 0.37109 0.01615 0.02187
0 0.56875 0.39453 0.01875 0.02656
0 0.57344 0.38242 0.01979 0.02109
0 0.57917 0.37070 0.01979 0.02578
0 0.56146 0.36133 0.01667 0.02578
0 0.55156 0.35234 0.01771 0.01875
0 0.54688 0.33672 0.01146 0.01719
0 0.55651 0.31992 0.01823 0.02734
0 0.55833 0.33672 0.01562 0.02187
0 0.56849 0.34922 0.01615 0.02344
0 0.56719 0.32539 0.01667 0.02422
0 0.58750 0.35859 0.01875 0.02500
0 0.57578 0.33828 0.01719 0.02344
0 0.56693 0.30469 0.00990 0.01719
0 0.57422 0.29297 0.00781 0.01562
0 0.57448 0.31211 0.01562 0.02266
0 0.58385 0.32617 0.01771 0.02109
0 0.60755 0.35820 0.01823 0.02734
0 0.62213 0.36406 0.01406 0.02187
0 0.63125 0.34648 0.01250 0.03359
0 0.62630 0.35195 0.01302 0.02109
0 0.63516 0.33008 0.00885 0.01328
0 0.63828 0.31719 0.00677 0.01562
0 0.61432 0.34414 0.01615 0.02266
0 0.62162 0.32930 0.01823 0.02734
0 0.63698 0.30117 0.00937 0.02109
0 0.62995 0.30117 0.01302 0.01797
0 0.62917 0.31563 0.01354 0.02187
0 0.59167 0.34648 0.01771 0.02109
0 0.59896 0.33555 0.01667 0.02266
0 0.60547 0.32422 0.01615 0.02187
0 0.59010 0.31367 0.01771 0.02266
0 0.59557 0.30313 0.01615 0.02187
0 0.58099 0.28086 0.01198 0.01797
0 0.58464 0.29336 0.01615 0.01797
0 0.59453 0.26953 0.01615 0.01406
0 0.59609 0.28203 0.02031 0.01875
0 0.61094 0.31563 0.01458 0.02187
0 0.61667 0.30352 0.01354 0.02109
0 0.61120 0.28672 0.01406 0.01875
0 0.60365 0.29531 0.01250 0.01875
0 0.60312 0.26641 0.01042 0.01406
0 0.60859 0.25977 0.00885 0.00703
0 0.63255 0.28398 0.01094 0.01953
0 0.62344 0.28789 0.01146 0.02109
0 0.61172 0.27109 0.01406 0.01719
