0 0.53637 0.32460 0.00924 0.01083
0 0.53522 0.33673 0.01270 0.01429
0 0.53666 0.39195 0.00751 0.01299
0 0.53551 0.37159 0.00866 0.01472
0 0.53753 0.35167 0.00924 0.01732
0 0.41542 0.36271 0.01328 0.02122
0 0.53262 0.29515 0.01097 0.01949
0 0.53435 0.31334 0.01097 0.01516
0 0.47979 0.81399 0.01617 0.02469
0 0.48268 0.79385 0.01501 0.02079
0 0.48326 0.77609 0.01386 0.01906
0 0.48441 0.75812 0.01386 0.02295
0 0.48643 0.73885 0.01097 0.01819
0 0.48701 0.72196 0.01443 0.01732
0 0.48730 0.70442 0.01039 0.02209
0 0.48787 0.68406 0.01039 0.01949
0 0.48759 0.66609 0.00982 0.01819
0 0.48816 0.64703 0.00866 0.02079
0 0.49134 0.62430 0.00346 0.01689
0 0.49047 0.60502 0.00635 0.01906
0 0.49076 0.58489 0.00924 0.02036
0 0.49105 0.56085 0.00866 0.01646
0 0.49192 0.53703 0.00924 0.02165
0 0.49365 0.51538 0.01155 0.02079
0 0.49509 0.49480 0.01443 0.02295
0 0.49740 0.47380 0.01443 0.02165
0 0.53695 0.40883 0.00924 0.01213
0 0.50087 0.45474 0.01212 0.02512
0 0.50375 0.43980 0.00982 0.01602
0 0.50520 0.42508 0.00808 0.01689
0 0.28262 0.53551 0.00982 0.01602
0 0.28262 0.52100 0.01328 0.02079
0 0.28435 0.50022 0.01212 0.01992
0 0.28464 0.48333 0.01039 0.01386
0 0.28435 0.46514 0.00982 0.01472
0 0.38279 0.52057 0.01270 0.01472
0 0.38684 0.50282 0.01848 0.02339
0 0.39117 0.48203 0.01674 0.02339
0 0.39319 0.46600 0.01501 0.01646
0 0.39694 0.44954 0.01674 0.02512
0 0.39896 0.42616 0.01848 0.02425
0 0.32506 0.48463 0.01732 0.01559
0 0.31697 0.45539 0.01386 0.02036
0 0.31640 0.43720 0.01732 0.01949
0 0.31495 0.41620 0.02367 0.02599
0 0.32910 0.47163 0.01617 0.02079
0 0.33083 0.45258 0.01732 0.02079
0 0.33256 0.43395 0.01963 0.01906
0 0.30427 0.36618 0.01501 0.01776
0 0.30081 0.28411 0.01039 0.01559
0 0.30283 0.30013 0.01905 0.01819
0 0.30196 0.31680 0.01848 0.01949
0 0.30254 0.33434 0.01848 0.01906
0 0.30225 0.34950 0.01443 0.01732
0 0.31640 0.39519 0.02887 0.02382
0 0.31467 0.37700 0.02887 0.02036
0 0.31669 0.35838 0.03060 0.02122
0 0.31813 0.33976 0.02887 0.02295
0 0.31611 0.32070 0.02598 0.02036
0 0.31640 0.30056 0.02656 0.02079
0 0.31669 0.28302 0.03060 0.02036
0 0.36432 0.30446 0.01386 0.01732
0 0.36316 0.28779 0.02079 0.02209
0 0.31524 0.26592 0.02425 0.01819
0 0.31553 0.24773 0.02598 0.02425
0 0.31553 0.22802 0.02483 0.01776
0 0.31553 0.20918 0.02252 0.02165
0 0.31495 0.19099 0.01790 0.02252
0 0.31611 0.17064 0.01905 0.01992
0 0.32073 0.14985 0.01559 0.02339
0 0.32564 0.13079 0.01155 0.01819
0 0.43302 0.03010 0.02425 0.01689
0 0.45901 0.03703 0.02771 0.01602
0 0.46998 0.05522 0.03926 0.02295
0 0.48297 0.07622 0.03637 0.03032
0 0.44226 0.08943 0.02194 0.02209
0 0.44775 0.06735 0.03868 0.02469
0 0.44082 0.04612 0.03176 0.02122
0 0.47113 0.09073 0.04388 0.02295
0 0.46651 0.11932 0.03580 0.03075
0 0.43678 0.11217 0.02367 0.02252
0 0.49480 0.12105 0.02656 0.02988
0 0.49596 0.14140 0.03002 0.03162
0 0.44746 0.13599 0.02887 0.02512
0 0.47662 0.14682 0.03060 0.03205
0 0.44486 0.15829 0.02829 0.02382
0 0.47344 0.17453 0.02887 0.03638
0 0.44804 0.17952 0.03118 0.02815
0 0.44631 0.20052 0.02771 0.02512
0 0.46940 0.20377 0.02540 0.03248
0 0.44515 0.21958 0.02540 0.02599
0 0.46363 0.22845 0.02425 0.03248
0 0.45064 0.24340 0.03291 0.02858
0 0.45035 0.26635 0.02425 0.02685
0 0.44717 0.29233 0.01443 0.02858
0 0.50751 0.10026 0.01617 0.02555
0 0.51559 0.12278 0.01963 0.02642
0 0.52136 0.14638 0.01848 0.02252
0 0.52396 0.16349 0.01905 0.01862
0 0.52396 0.18211 0.02483 0.02122
0 0.53002 0.20225 0.01963 0.01732
0 0.52916 0.22044 0.01790 0.02425
0 0.51819 0.22174 0.02367 0.02858
0 0.53291 0.24253 0.01501 0.01992
0 0.51848 0.24296 0.02194 0.02512
0 0.53262 0.26310 0.01328 0.02209
0 0.52078 0.26635 0.01963 0.02512
0 0.53291 0.27631 0.01155 0.01906
0 0.52252 0.28475 0.01848 0.02469
0 0.52338 0.30316 0.01790 0.02165
0 0.52569 0.32265 0.01674 0.02252
0 0.52829 0.34322 0.01386 0.02122
0 0.53002 0.36228 0.01270 0.02036
0 0.53204 0.38177 0.01097 0.01949
0 0.53378 0.39996 0.00982 0.01949
0 0.53493 0.41706 0.00404 0.01126
0 0.40300 0.40255 0.01732 0.02382
0 0.40618 0.38263 0.01674 0.02382
0 0.40647 0.36076 0.01501 0.02165
0 0.41426 0.34171 0.02483 0.02512
0 0.42465 0.31984 0.03291 0.03248
0 0.42667 0.29472 0.03118 0.03421
0 0.42667 0.27025 0.03118 0.02945
0 0.42436 0.24599 0.03464 0.02685
0 0.42148 0.22412 0.03580 0.02642
0 0.41801 0.20182 0.03464 0.02945
0 0.41830 0.18168 0.03753 0.02555
0 0.41772 0.16262 0.03522 0.02815
0 0.41657 0.14314 0.03868 0.02988
0 0.41744 0.12170 0.04273 0.03205
0 0.41224 0.10134 0.04388 0.02772
0 0.41455 0.07557 0.03926 0.02902
0 0.36490 0.26743 0.02540 0.02642
0 0.37587 0.24470 0.04273 0.02425
0 0.38077 0.22456 0.04677 0.02642
0 0.37616 0.20052 0.04330 0.01992
0 0.37673 0.18276 0.04561 0.02599
0 0.37471 0.16544 0.04619 0.02512
0 0.37442 0.14703 0.04792 0.02728
0 0.37529 0.12473 0.04157 0.02599
0 0.33545 0.41403 0.01501 0.02599
0 0.33718 0.39411 0.01617 0.01732
0 0.34036 0.37419 0.02483 0.02599
0 0.34325 0.35383 0.02714 0.02599
0 0.34613 0.33586 0.02829 0.02469
0 0.34527 0.31637 0.03464 0.02902
0 0.34469 0.29732 0.03233 0.03162
0 0.34324 0.27631 0.02598 0.02079
0 0.34007 0.26007 0.03233 0.02555
0 0.34065 0.24015 0.03233 0.02295
0 0.34267 0.22196 0.03176 0.02728
0 0.33776 0.20117 0.03233 0.03075
0 0.33776 0.18125 0.03233 0.02728
0 0.33891 0.16154 0.03002 0.02772
0 0.34036 0.13902 0.02598 0.02599
0 0.34353 0.11910 0.02771 0.02858
0 0.33458 0.10827 0.01790 0.02165
0 0.34527 0.08705 0.01617 0.01646
0 0.34960 0.09485 0.02136 0.01732
0 0.37846 0.09831 0.03060 0.02165
0 0.38077 0.07666 0.03176 0.02425
0 0.36201 0.07276 0.02540 0.02165
0 0.35826 0.06301 0.01905 0.02036
0 0.40098 0.05392 0.04792 0.02469
0 0.37991 0.04417 0.03233 0.02079
0 0.40300 0.02793 0.03349 0.02122
0 0.42783 0.01408 0.03580 0.01689
