0 0.38222 0.81421 0.02194 0.01559
0 0.40040 0.43417 0.01790 0.01516
0 0.39810 0.41966 0.01443 0.01906
0 0.39925 0.40126 0.02021 0.01862
0 0.39810 0.38631 0.01443 0.01559
0 0.39983 0.37267 0.01790 0.01776
0 0.40127 0.35600 0.01848 0.01559
0 0.40040 0.34192 0.01443 0.01776
0 0.40271 0.32503 0.01212 0.01862
0 0.41224 0.30013 0.01155 0.01386
0 0.43245 0.25574 0.01963 0.01862
0 0.43649 0.26851 0.02309 0.01646
0 0.42523 0.28887 0.02714 0.01646
0 0.41368 0.31377 0.02021 0.01776
0 0.40993 0.33023 0.01501 0.01776
0 0.41311 0.34495 0.01905 0.01602
0 0.41339 0.37852 0.02309 0.01646
0 0.41109 0.36314 0.02425 0.01689
0 0.41570 0.39216 0.02540 0.02209
0 0.41195 0.41122 0.02252 0.01862
0 0.41282 0.42724 0.02079 0.01949
0 0.40820 0.44305 0.02194 0.01472
0 0.39203 0.47878 0.01386 0.01602
0 0.39810 0.46535 0.02136 0.01689
0 0.40820 0.45517 0.02540 0.01472
0 0.42581 0.44586 0.02483 0.01776
0 0.42841 0.42767 0.02425 0.01689
0 0.43101 0.41122 0.02829 0.01689
0 0.40156 0.48636 0.01905 0.01472
0 0.40791 0.47423 0.02367 0.01819
0 0.42206 0.46470 0.02771 0.01819
0 0.39781 0.50108 0.02540 0.01732
0 0.40069 0.51494 0.02309 0.01646
0 0.39376 0.55219 0.02194 0.01213
0 0.39550 0.54136 0.01848 0.01213
0 0.39550 0.52967 0.02309 0.01559
0 0.39145 0.56172 0.01963 0.01213
0 0.39030 0.57233 0.02309 0.01083
0 0.38424 0.60805 0.02252 0.01386
0 0.38770 0.59723 0.01905 0.01472
0 0.38857 0.58359 0.02194 0.01516
0 0.42119 0.48073 0.02483 0.01299
0 0.42032 0.49177 0.02309 0.01256
0 0.41772 0.50476 0.02483 0.01949
0 0.41657 0.52165 0.02598 0.01776
0 0.41455 0.53703 0.02656 0.01559
0 0.41109 0.56431 0.02425 0.01646
0 0.41368 0.54980 0.02483 0.01689
0 0.40849 0.57991 0.02714 0.01819
0 0.40935 0.59528 0.02540 0.01516
0 0.40300 0.60611 0.02425 0.01776
0 0.38020 0.67367 0.02021 0.01429
0 0.38048 0.66154 0.02309 0.01516
0 0.38539 0.64595 0.02252 0.01516
0 0.38886 0.63361 0.02136 0.01386
0 0.38741 0.61888 0.02309 0.01732
0 0.40214 0.62191 0.02252 0.01386
0 0.37413 0.76397 0.01039 0.01386
0 0.38655 0.75249 0.03753 0.01689
0 0.37731 0.74015 0.02598 0.01386
0 0.39781 0.74123 0.02079 0.01429
0 0.37673 0.72824 0.02483 0.01602
0 0.39434 0.72780 0.01963 0.01516
0 0.37875 0.71243 0.02079 0.01646
0 0.39348 0.71438 0.01674 0.01429
0 0.39694 0.70052 0.02021 0.01429
0 0.37904 0.69857 0.02136 0.01299
0 0.37933 0.68666 0.01963 0.01256
0 0.39694 0.68839 0.02021 0.01343
0 0.39810 0.67670 0.02367 0.01516
0 0.39983 0.66349 0.02483 0.01386
0 0.40242 0.65093 0.02656 0.01472
0 0.40156 0.63794 0.02252 0.01299
0 0.44082 0.24188 0.02829 0.02036
0 0.46103 0.24231 0.02483 0.01776
0 0.46680 0.22737 0.02136 0.01819
0 0.44515 0.22282 0.02771 0.02209
0 0.52281 0.37635 0.02021 0.01559
0 0.52483 0.38935 0.01732 0.01386
0 0.52858 0.36423 0.03060 0.01819
0 0.52454 0.34344 0.02252 0.02079
0 0.54504 0.34409 0.02540 0.02122
0 0.55081 0.36358 0.01848 0.01689
0 0.54388 0.37635 0.02425 0.01732
0 0.54446 0.39346 0.02540 0.02036
0 0.54330 0.41100 0.02887 0.01819
0 0.54099 0.42616 0.03002 0.01732
0 0.53840 0.45020 0.02483 0.01343
0 0.54215 0.44023 0.02656 0.01343
0 0.53984 0.46362 0.02771 0.01689
0 0.54070 0.47791 0.02714 0.01516
0 0.51732 0.47423 0.02309 0.01213
0 0.51819 0.46557 0.02136 0.01472
0 0.51876 0.45193 0.02252 0.01516
0 0.51992 0.43634 0.02483 0.01776
0 0.52252 0.41966 0.02309 0.01732
0 0.52338 0.40364 0.02136 0.01646
0 0.54475 0.49112 0.01790 0.01559
0 0.54388 0.52057 0.01039 0.01039
0 0.53839 0.53291 0.02021 0.01776
0 0.53118 0.51234 0.01848 0.01386
0 0.53262 0.52469 0.01790 0.01516
0 0.52743 0.53226 0.01674 0.01213
0 0.52107 0.48831 0.02945 0.02209
0 0.51588 0.50801 0.02598 0.01906
0 0.54128 0.50888 0.01674 0.01472
0 0.53407 0.49610 0.02540 0.01949
0 0.53609 0.61325 0.02483 0.01126
0 0.53811 0.58878 0.02079 0.01256
0 0.53637 0.56756 0.02079 0.00736
0 0.53955 0.57666 0.02598 0.01343
0 0.53666 0.55933 0.02367 0.01343
0 0.53724 0.54699 0.02021 0.01299
0 0.53666 0.60242 0.02483 0.01819
0 0.51819 0.52295 0.02136 0.01602
0 0.51761 0.54288 0.02483 0.02036
0 0.51386 0.56193 0.02656 0.01949
0 0.51674 0.57752 0.02656 0.02036
0 0.51472 0.59181 0.02714 0.01516
0 0.51184 0.60546 0.02714 0.01646
0 0.51184 0.62105 0.02829 0.01819
0 0.51299 0.63837 0.02483 0.01819
0 0.53464 0.63729 0.02309 0.01343
0 0.53262 0.62516 0.02598 0.01949
0 0.52858 0.64963 0.02945 0.01819
0 0.52598 0.68060 0.02656 0.01516
0 0.52916 0.66522 0.02829 0.01646
0 0.50635 0.65418 0.02656 0.01429
0 0.50375 0.66587 0.02829 0.01429
0 0.50404 0.67843 0.02540 0.01256
0 0.52281 0.75054 0.02829 0.01646
0 0.52425 0.76548 0.02771 0.01516
0 0.52396 0.69835 0.02136 0.01343
0 0.52338 0.70940 0.02136 0.01299
0 0.52483 0.72477 0.02771 0.01169
0 0.52569 0.73495 0.02829 0.01386
0 0.50087 0.69662 0.02945 0.02122
0 0.50260 0.71048 0.02598 0.01429
0 0.50087 0.76505 0.02483 0.01689
0 0.49884 0.75076 0.02540 0.01602
0 0.49942 0.73582 0.02656 0.01559
0 0.49942 0.72152 0.02771 0.01386
0 0.49336 0.55110 0.02252 0.01429
0 0.49365 0.53725 0.02309 0.01516
0 0.49480 0.52187 0.02771 0.01646
0 0.49480 0.50736 0.02771 0.01343
0 0.49711 0.46665 0.02194 0.01169
0 0.49942 0.45842 0.02540 0.01602
0 0.49942 0.47878 0.02540 0.01689
0 0.49856 0.49415 0.02829 0.01472
0 0.48557 0.58207 0.04042 0.02079
0 0.48470 0.59853 0.03176 0.01473
0 0.48412 0.61217 0.03060 0.01602
0 0.48441 0.62625 0.03695 0.01906
0 0.48210 0.64227 0.03464 0.01559
0 0.47979 0.65656 0.03349 0.01646
0 0.47604 0.67345 0.03637 0.01992
0 0.47315 0.68796 0.03060 0.01602
0 0.47171 0.70204 0.03002 0.01732
0 0.47258 0.71460 0.03522 0.01992
0 0.46478 0.72910 0.03118 0.01516
0 0.44053 0.54591 0.02887 0.01602
0 0.43707 0.56172 0.02887 0.01646
0 0.43562 0.57817 0.03060 0.01732
0 0.43331 0.59268 0.02483 0.01429
0 0.43245 0.60589 0.02771 0.01473
0 0.43216 0.61997 0.03176 0.01689
0 0.43187 0.63361 0.02656 0.01646
0 0.42812 0.64920 0.02829 0.01559
0 0.42581 0.66436 0.03060 0.01646
0 0.41946 0.68991 0.03060 0.01646
0 0.42032 0.67713 0.02887 0.01343
0 0.50173 0.44348 0.03002 0.01646
0 0.50231 0.42724 0.02540 0.01602
0 0.43303 0.39649 0.02309 0.01949
0 0.43072 0.37874 0.02194 0.01429
0 0.43014 0.36444 0.02540 0.01602
0 0.42985 0.34929 0.02483 0.01602
0 0.43331 0.28064 0.01559 0.01646
0 0.42985 0.30381 0.03060 0.01776
0 0.42812 0.32135 0.02945 0.01472
0 0.42956 0.33456 0.02887 0.01602
0 0.50693 0.38263 0.03233 0.01602
0 0.50751 0.39627 0.03118 0.01646
0 0.50779 0.41122 0.02829 0.01516
0 0.54330 0.32655 0.02540 0.01992
0 0.54157 0.30554 0.02425 0.02036
0 0.54128 0.28714 0.02714 0.01819
0 0.54042 0.27133 0.02194 0.01343
0 0.52107 0.32590 0.02714 0.01516
0 0.51819 0.31031 0.03291 0.01776
0 0.52310 0.29602 0.02656 0.01689
0 0.50375 0.36379 0.02945 0.01559
0 0.50404 0.34885 0.03349 0.01689
0 0.50346 0.33283 0.03233 0.01602
0 0.49509 0.31594 0.02829 0.01776
0 0.49769 0.29688 0.03002 0.02295
0 0.50029 0.26202 0.03060 0.02079
0 0.50029 0.27804 0.02945 0.01472
0 0.52338 0.27696 0.02367 0.01776
0 0.53753 0.25790 0.02309 0.01429
0 0.52396 0.26029 0.02252 0.01906
0 0.53262 0.24318 0.02945 0.01862
0 0.50751 0.23907 0.02887 0.01732
0 0.52540 0.22564 0.02656 0.01992
0 0.52021 0.20853 0.01963 0.01689
0 0.49307 0.20290 0.02771 0.01862
0 0.50491 0.20615 0.02021 0.01299
0 0.46738 0.20918 0.02829 0.01906
0 0.45439 0.25942 0.02771 0.01906
0 0.45150 0.28042 0.02887 0.02122
0 0.44948 0.29688 0.02945 0.01602
0 0.45121 0.31009 0.01790 0.01386
0 0.45352 0.32460 0.03060 0.01862
0 0.47922 0.21503 0.02771 0.02209
0 0.50346 0.22131 0.02656 0.02252
0 0.48528 0.23430 0.02714 0.01906
0 0.47864 0.25184 0.02887 0.01949
0 0.47373 0.26743 0.02829 0.01776
0 0.47460 0.28389 0.02656 0.01689
0 0.47055 0.29926 0.03002 0.01819
0 0.46998 0.31442 0.02887 0.01732
0 0.44948 0.34257 0.02714 0.01819
0 0.45410 0.35751 0.03176 0.01602
0 0.45352 0.37289 0.03060 0.01732
0 0.45266 0.39000 0.02887 0.01862
0 0.45641 0.40710 0.02829 0.01819
0 0.45208 0.42724 0.03118 0.02122
0 0.45064 0.44348 0.03406 0.01819
0 0.44746 0.46102 0.03349 0.01862
0 0.44833 0.47553 0.03176 0.01646
0 0.44804 0.48766 0.03233 0.01386
0 0.44486 0.50195 0.03176 0.01732
0 0.44399 0.51797 0.02771 0.01732
0 0.44342 0.53118 0.02540 0.01602
0 0.47431 0.33175 0.03291 0.01819
0 0.47546 0.34431 0.02714 0.02079
0 0.47806 0.36250 0.02771 0.01819
0 0.47633 0.38003 0.02771 0.01776
0 0.47979 0.39411 0.03002 0.01906
0 0.48181 0.40840 0.02829 0.01646
0 0.47979 0.42226 0.02656 0.01472
0 0.47748 0.43482 0.02887 0.01646
0 0.47575 0.45020 0.03002 0.01949
0 0.47488 0.46470 0.02598 0.01472
0 0.47402 0.47878 0.03002 0.01689
0 0.47055 0.49545 0.03002 0.01732
0 0.46882 0.51213 0.02771 0.01602
0 0.46940 0.52187 0.02656 0.00866
0 0.46911 0.53205 0.02945 0.01689
0 0.47084 0.54829 0.02945 0.01906
0 0.46507 0.55782 0.03522 0.01906
0 0.37442 0.77891 0.01443 0.01689
0 0.37529 0.79580 0.01386 0.01429
0 0.38915 0.80360 0.02887 0.01343
0 0.39088 0.79233 0.02194 0.01169
0 0.38770 0.77999 0.02136 0.01386
0 0.38972 0.76657 0.02540 0.01559
0 0.38395 0.82525 0.01848 0.01343
0 0.38799 0.84192 0.03002 0.01906
0 0.41599 0.70420 0.02252 0.01386
0 0.41368 0.73062 0.02483 0.01386
0 0.41137 0.71633 0.03060 0.01472
0 0.41946 0.81854 0.02598 0.01213
0 0.39723 0.81312 0.02194 0.01862
0 0.40416 0.82850 0.02309 0.01472
0 0.41224 0.77674 0.03118 0.01256
0 0.41426 0.76310 0.02945 0.01559
0 0.41542 0.74686 0.03291 0.01602
0 0.41975 0.80403 0.03002 0.01516
0 0.41570 0.79017 0.03349 0.01516
0 0.47460 0.73755 0.02656 0.01299
0 0.47517 0.75314 0.02540 0.01299
0 0.52627 0.82027 0.02021 0.01039
0 0.52540 0.80966 0.02079 0.01083
0 0.52598 0.80013 0.02079 0.00996
0 0.52685 0.79017 0.02252 0.01256
0 0.53089 0.77848 0.02483 0.01083
0 0.51934 0.83586 0.01559 0.01906
0 0.50433 0.79991 0.02829 0.01039
0 0.50375 0.79060 0.02945 0.01256
0 0.50173 0.77978 0.03464 0.01429
0 0.47979 0.78930 0.02656 0.00996
0 0.47633 0.78042 0.02887 0.01299
0 0.47662 0.76851 0.02714 0.01256
0 0.50289 0.85080 0.02194 0.01169
0 0.50202 0.84062 0.02598 0.01039
0 0.50404 0.83196 0.02540 0.01126
0 0.50606 0.82200 0.02483 0.01126
0 0.50635 0.80793 0.02425 0.01083
0 0.48441 0.86141 0.02425 0.01732
0 0.45612 0.87614 0.03118 0.01213
0 0.42437 0.87007 0.03002 0.01126
0 0.47950 0.84907 0.02367 0.01169
0 0.47690 0.83737 0.02540 0.01343
0 0.41166 0.85751 0.02887 0.01732
0 0.42552 0.84950 0.02656 0.01949
0 0.45266 0.86076 0.03811 0.01862
0 0.45323 0.84799 0.03233 0.01559
0 0.44111 0.73842 0.03118 0.01646
0 0.44371 0.75227 0.02829 0.01473
0 0.44486 0.76678 0.03060 0.01602
0 0.44573 0.78172 0.03233 0.01386
0 0.44602 0.79515 0.03060 0.01559
0 0.44169 0.83413 0.03233 0.01559
0 0.48037 0.79991 0.02771 0.01213
0 0.48383 0.81226 0.03002 0.01516
0 0.47777 0.82547 0.02945 0.01473
0 0.45410 0.80923 0.03060 0.01689
0 0.45035 0.82417 0.02656 0.01559
0 0.48643 0.56561 0.03291 0.01473
0 0.46132 0.57449 0.02771 0.01689
0 0.45728 0.59008 0.03118 0.01689
0 0.45814 0.60632 0.03060 0.01732
0 0.44082 0.72022 0.02945 0.01386
0 0.43995 0.70853 0.02771 0.01299
0 0.44515 0.70247 0.03233 0.01559
0 0.44515 0.68883 0.03349 0.01343
0 0.44833 0.67540 0.03291 0.01516
0 0.45237 0.66068 0.03176 0.01516
0 0.45468 0.64660 0.03176 0.01299
0 0.45641 0.63469 0.02829 0.01429
0 0.45785 0.62040 0.02887 0.01429
