0 0.62305 0.61780 0.00391 0.00419
0 0.48828 0.49110 0.00937 0.01047
0 0.63437 0.19843 0.00781 0.01152
0 0.62852 0.19476 0.00703 0.01047
0 0.61055 0.19634 0.00859 0.00942
0 0.64336 0.20052 0.00703 0.00942
0 0.63789 0.20942 0.00859 0.01047
0 0.64023 0.23979 0.00547 0.01047
0 0.63633 0.25550 0.00703 0.01466
0 0.62813 0.27592 0.00781 0.01152
0 0.62109 0.29215 0.00937 0.01257
0 0.60000 0.26963 0.01719 0.02199
0 0.59609 0.24660 0.01406 0.01990
0 0.35156 0.52565 0.01562 0.02513
0 0.33672 0.55759 0.00625 0.01780
0 0.34453 0.54031 0.01250 0.01885
0 0.33516 0.61361 0.00938 0.01047
0 0.32578 0.61832 0.00938 0.00733
0 0.43789 0.72723 0.01328 0.00733
0 0.42188 0.72775 0.01250 0.00628
0 0.40625 0.72827 0.00937 0.00733
0 0.63867 0.67120 0.01172 0.00838
0 0.62500 0.67749 0.01406 0.01466
0 0.60703 0.68586 0.01875 0.01675
0 0.56133 0.71309 0.01328 0.01047
0 0.66172 0.65131 0.01562 0.01885
0 0.67813 0.64712 0.01406 0.01466
0 0.70938 0.62670 0.00469 0.01152
0 0.70117 0.62827 0.01016 0.01885
0 0.69102 0.63089 0.00859 0.02408
0 0.60547 0.61623 0.01250 0.00733
0 0.58945 0.61518 0.01797 0.01361
0 0.52813 0.60157 0.01094 0.00733
0 0.51094 0.60262 0.01406 0.01361
0 0.49102 0.60681 0.01797 0.01571
0 0.47188 0.61047 0.01562 0.01257
0 0.45273 0.61466 0.01797 0.01257
0 0.43594 0.61728 0.01094 0.00733
0 0.41953 0.61885 0.01250 0.01047
0 0.40391 0.62304 0.00938 0.00838
0 0.36758 0.64503 0.01797 0.02723
0 0.35938 0.67120 0.01562 0.02513
0 0.35313 0.72461 0.00469 0.00209
0 0.28125 0.65864 0.01406 0.01047
0 0.32188 0.69005 0.01562 0.02094
0 0.30977 0.67644 0.01797 0.01466
0 0.31875 0.66126 0.01406 0.01571
0 0.30273 0.66544 0.01484 0.01361
0 0.29336 0.67906 0.01172 0.00942
0 0.30352 0.69005 0.01797 0.01466
0 0.29766 0.69895 0.01094 0.01361
0 0.32852 0.67435 0.01484 0.01466
0 0.31250 0.70314 0.01406 0.01361
0 0.34688 0.71152 0.01406 0.01780
0 0.36289 0.71309 0.01328 0.02094
0 0.33516 0.65759 0.01250 0.01675
0 0.35156 0.65026 0.01562 0.02094
0 0.34375 0.67278 0.01250 0.01780
0 0.35430 0.69319 0.01484 0.01885
0 0.46328 0.62880 0.01562 0.02408
0 0.54414 0.71780 0.01641 0.00733
0 0.52617 0.72094 0.01484 0.00942
0 0.50859 0.72356 0.01719 0.00838
0 0.48867 0.72513 0.01797 0.00942
0 0.46992 0.72565 0.01641 0.00838
0 0.45391 0.72513 0.01250 0.00733
0 0.34609 0.60471 0.01250 0.01990
0 0.44180 0.51990 0.01484 0.01571
0 0.42695 0.53560 0.01484 0.01361
0 0.38438 0.56021 0.01875 0.02304
0 0.36914 0.57435 0.01328 0.02199
0 0.35703 0.59005 0.01094 0.01571
0 0.35078 0.56597 0.02031 0.03246
0 0.34922 0.50314 0.00938 0.01780
0 0.41055 0.48167 0.02578 0.02932
0 0.42461 0.46335 0.02578 0.03037
0 0.44258 0.39686 0.01953 0.02932
0 0.43086 0.41571 0.02266 0.02932
0 0.50547 0.47435 0.02031 0.01885
0 0.51914 0.45707 0.01641 0.01361
0 0.57891 0.36492 0.01562 0.01780
0 0.56719 0.38377 0.01719 0.01780
0 0.55000 0.38063 0.02031 0.02827
0 0.53828 0.39738 0.02344 0.03246
0 0.55664 0.40419 0.01484 0.01675
0 0.54492 0.42199 0.01641 0.01466
0 0.52539 0.41675 0.02266 0.02723
0 0.59023 0.34712 0.01484 0.01780
0 0.55508 0.33508 0.02578 0.02932
0 0.57422 0.34503 0.01875 0.02408
0 0.58516 0.32775 0.01562 0.02094
0 0.60039 0.32827 0.01172 0.01571
0 0.59688 0.30838 0.01719 0.02408
0 0.61133 0.30995 0.01016 0.01257
0 0.64102 0.22461 0.00859 0.01571
0 0.58477 0.23770 0.01484 0.01885
0 0.58516 0.26021 0.01406 0.01780
0 0.61094 0.25602 0.01562 0.01990
0 0.61680 0.27592 0.01484 0.01571
0 0.62500 0.26126 0.01250 0.01571
0 0.63242 0.24398 0.01016 0.01885
0 0.61953 0.24084 0.01719 0.01885
0 0.60625 0.23298 0.01250 0.01571
0 0.59609 0.22513 0.01250 0.01466
0 0.58672 0.21571 0.01406 0.01466
0 0.60000 0.20681 0.01250 0.01361
0 0.61914 0.20314 0.01016 0.01257
0 0.60742 0.21361 0.01172 0.01466
0 0.61641 0.22042 0.01094 0.01571
0 0.62969 0.22304 0.01250 0.01466
0 0.62695 0.20838 0.00859 0.01047
0 0.57070 0.27801 0.01953 0.01990
0 0.60781 0.29110 0.01406 0.02094
0 0.58906 0.28534 0.01875 0.02408
0 0.57656 0.30262 0.02031 0.02723
0 0.56641 0.31832 0.02031 0.02723
0 0.53164 0.32094 0.01953 0.02618
0 0.54453 0.30785 0.01719 0.02094
0 0.55586 0.29319 0.01641 0.01885
0 0.54180 0.28063 0.01641 0.02304
0 0.55664 0.26806 0.01797 0.02513
0 0.57070 0.25288 0.01641 0.02199
0 0.57266 0.22670 0.01562 0.02408
0 0.55859 0.23927 0.01875 0.02827
0 0.54297 0.25236 0.02031 0.02513
0 0.52930 0.29267 0.01797 0.02408
0 0.52773 0.26492 0.02109 0.02723
0 0.51250 0.27801 0.02031 0.02408
0 0.51406 0.30785 0.01719 0.02723
0 0.48281 0.30942 0.01875 0.03037
0 0.49805 0.29424 0.01953 0.02932
0 0.54180 0.35026 0.02109 0.02618
0 0.51797 0.33770 0.02188 0.02618
0 0.46797 0.32722 0.02188 0.02827
0 0.45117 0.34450 0.02109 0.03141
0 0.47031 0.35864 0.02187 0.02827
0 0.49883 0.32461 0.01953 0.02513
0 0.48750 0.34031 0.01875 0.02723
0 0.49375 0.37016 0.02187 0.02827
0 0.50664 0.35340 0.02266 0.02618
0 0.51641 0.38534 0.02344 0.02932
0 0.52852 0.36911 0.02422 0.03037
0 0.56328 0.36335 0.02031 0.02304
0 0.47891 0.39162 0.02344 0.03351
0 0.45586 0.37644 0.02422 0.02827
0 0.43711 0.36597 0.01797 0.02618
0 0.42461 0.38429 0.01797 0.02723
0 0.41172 0.40262 0.01875 0.03037
0 0.43750 0.44450 0.02344 0.03037
0 0.45195 0.42461 0.02266 0.03037
0 0.46484 0.40838 0.02188 0.02932
0 0.48750 0.42670 0.02344 0.03037
0 0.50117 0.40628 0.02734 0.03351
0 0.53164 0.43979 0.01953 0.01885
0 0.51133 0.43351 0.02266 0.02723
0 0.50000 0.45340 0.02344 0.02304
0 0.48438 0.47278 0.02500 0.02618
0 0.47070 0.49162 0.02109 0.02408
0 0.45664 0.50524 0.02266 0.01990
0 0.33242 0.60000 0.01484 0.02513
0 0.39648 0.54712 0.02266 0.02618
0 0.39766 0.42461 0.01875 0.02618
0 0.41641 0.43455 0.01719 0.02723
0 0.40117 0.45340 0.02109 0.03141
0 0.38359 0.44607 0.01562 0.02723
0 0.38750 0.47435 0.01875 0.03141
0 0.36992 0.46597 0.01328 0.02304
0 0.35898 0.48429 0.01328 0.02199
0 0.37578 0.49110 0.01875 0.02513
0 0.36328 0.50890 0.01719 0.02723
0 0.39766 0.50105 0.02500 0.03037
0 0.38281 0.51832 0.02344 0.02932
0 0.37266 0.53665 0.02187 0.02618
0 0.36250 0.55026 0.02187 0.02827
0 0.34180 0.58220 0.02109 0.02723
0 0.47539 0.44398 0.02578 0.03351
0 0.46133 0.46178 0.02578 0.02932
0 0.44688 0.47958 0.02656 0.03141
0 0.43437 0.49633 0.02500 0.02932
0 0.42188 0.51518 0.02656 0.03351
0 0.40703 0.53141 0.02500 0.03037
0 0.64531 0.65550 0.01406 0.01885
0 0.62930 0.65812 0.01641 0.01990
0 0.61797 0.63508 0.01719 0.03037
0 0.68125 0.62984 0.01406 0.01990
0 0.66602 0.63141 0.01328 0.01885
0 0.65000 0.63141 0.01719 0.02513
0 0.63320 0.63194 0.01641 0.02618
0 0.33711 0.69267 0.01641 0.01780
0 0.33203 0.71152 0.02031 0.01990
0 0.37852 0.71466 0.01484 0.01990
0 0.39531 0.71623 0.01562 0.02094
0 0.41211 0.71466 0.01484 0.01990
0 0.42695 0.71414 0.01484 0.02094
0 0.44336 0.71257 0.01641 0.01990
0 0.45937 0.71152 0.01562 0.01780
0 0.47773 0.70942 0.01797 0.02199
0 0.49688 0.70942 0.01875 0.01990
0 0.51602 0.70628 0.01953 0.01990
0 0.53359 0.70524 0.01562 0.01990
0 0.55156 0.70105 0.01719 0.01990
0 0.56992 0.69738 0.01641 0.02094
0 0.58867 0.69372 0.01641 0.01990
0 0.57109 0.61518 0.01562 0.01990
0 0.55273 0.61466 0.01641 0.02304
0 0.53516 0.61675 0.01562 0.02723
0 0.51875 0.61885 0.01562 0.02304
0 0.49961 0.62199 0.02109 0.02304
0 0.48008 0.62565 0.01484 0.02408
0 0.44648 0.63141 0.01484 0.02304
0 0.42930 0.63403 0.01328 0.02408
0 0.41367 0.63770 0.01484 0.02513
0 0.39844 0.64031 0.01406 0.02408
0 0.38359 0.64189 0.01406 0.02513
0 0.37617 0.66859 0.01484 0.02408
0 0.39219 0.66754 0.01562 0.02827
0 0.40781 0.66544 0.01406 0.02827
0 0.42500 0.66335 0.01562 0.03037
0 0.44063 0.66021 0.01719 0.03246
0 0.45859 0.66021 0.01562 0.03456
0 0.47539 0.65707 0.01953 0.03665
0 0.49336 0.65393 0.01797 0.03665
0 0.51055 0.65078 0.01953 0.03665
0 0.52930 0.64817 0.01797 0.03770
0 0.54609 0.64712 0.01719 0.03770
0 0.56328 0.64398 0.02031 0.03770
0 0.58125 0.63979 0.02031 0.03560
0 0.59961 0.63874 0.01797 0.03560
0 0.61289 0.66440 0.01797 0.02408
0 0.59453 0.67016 0.01875 0.02304
0 0.57656 0.67225 0.01719 0.02723
0 0.55898 0.67696 0.01797 0.02408
0 0.54141 0.68063 0.01875 0.02513
0 0.52344 0.68115 0.01719 0.02827
0 0.50547 0.68429 0.01719 0.02618
0 0.48633 0.68586 0.01641 0.02723
0 0.46758 0.68848 0.01953 0.02408
0 0.45000 0.68848 0.01406 0.02408
0 0.43516 0.69058 0.01562 0.02408
0 0.41953 0.69058 0.01719 0.02408
0 0.40234 0.69267 0.01719 0.02408
0 0.38516 0.69372 0.01406 0.02199
0 0.36953 0.69267 0.01406 0.02408
