0 0.41719 0.10086 0.01979 0.02189
0 0.38177 0.13839 0.01458 0.02033
0 0.37344 0.14894 0.02187 0.02267
0 0.45052 0.13722 0.01250 0.03049
0 0.40026 0.11259 0.02031 0.01876
0 0.39870 0.12744 0.02135 0.01876
0 0.39818 0.14621 0.02656 0.02502
0 0.43724 0.11845 0.01615 0.02111
0 0.43958 0.13683 0.01979 0.02189
0 0.42031 0.11063 0.01875 0.01642
0 0.42031 0.12705 0.02292 0.02267
0 0.39609 0.18139 0.07448 0.09539
0 0.36354 0.23769 0.00833 0.02033
0 0.36406 0.25840 0.00938 0.02737
0 0.36771 0.28108 0.01042 0.01955
0 0.36849 0.16771 0.01198 0.01955
0 0.36953 0.18608 0.01510 0.02189
0 0.36979 0.20602 0.01562 0.02267
0 0.37161 0.22049 0.01094 0.01564
0 0.37422 0.23378 0.01719 0.02346
0 0.37396 0.25254 0.01771 0.02502
0 0.37760 0.26974 0.01979 0.02346
0 0.38385 0.15989 0.01979 0.02267
0 0.38333 0.17592 0.02188 0.02658
0 0.38516 0.19429 0.02031 0.02267
0 0.38698 0.21149 0.02292 0.02737
0 0.39062 0.22869 0.02188 0.02580
0 0.39349 0.25176 0.02552 0.03284
0 0.47031 0.25919 0.01042 0.01798
0 0.46849 0.24199 0.00990 0.01955
0 0.46562 0.22752 0.01146 0.02189
0 0.46328 0.20758 0.01094 0.02111
0 0.45885 0.17865 0.01146 0.01642
0 0.46016 0.19429 0.00990 0.02267
0 0.45521 0.16224 0.01146 0.02267
0 0.44141 0.15364 0.01719 0.01798
0 0.44479 0.17084 0.01771 0.02424
0 0.44661 0.18608 0.01823 0.02033
0 0.44922 0.20328 0.02031 0.01720
0 0.45234 0.22127 0.01823 0.02189
0 0.45547 0.23847 0.01927 0.02033
0 0.45729 0.25762 0.02083 0.02424
0 0.43984 0.26505 0.02656 0.02189
0 0.43802 0.24668 0.02396 0.02424
0 0.43437 0.23104 0.02187 0.02111
0 0.43255 0.21462 0.02448 0.02580
0 0.42969 0.19429 0.02396 0.02424
0 0.42682 0.17748 0.02240 0.02189
0 0.42500 0.16224 0.02396 0.02737
0 0.40365 0.16184 0.02187 0.02346
0 0.40469 0.17944 0.02604 0.02424
0 0.40651 0.19781 0.02656 0.02502
0 0.41042 0.21540 0.02604 0.02267
0 0.41198 0.23495 0.02500 0.02424
0 0.41563 0.25528 0.02812 0.03049
0 0.39740 0.26974 0.02083 0.02971
0 0.36589 0.30024 0.00885 0.02033
0 0.36927 0.31822 0.01458 0.02346
0 0.36510 0.34402 0.00729 0.01876
0 0.36641 0.35887 0.00469 0.01720
0 0.36849 0.37451 0.00573 0.01876
0 0.36979 0.39523 0.01042 0.02580
0 0.37213 0.41673 0.00885 0.02502
0 0.37474 0.43941 0.00990 0.02033
0 0.37474 0.45817 0.00781 0.02033
0 0.37604 0.47654 0.01042 0.02111
0 0.37891 0.49922 0.01302 0.02893
0 0.38125 0.39523 0.01875 0.01955
0 0.37891 0.37568 0.01927 0.02267
0 0.37474 0.35770 0.01719 0.01955
0 0.37266 0.33698 0.01510 0.02346
0 0.38047 0.28733 0.02344 0.02424
0 0.38203 0.30454 0.02552 0.03362
0 0.38724 0.32017 0.02135 0.02893
0 0.38932 0.34011 0.02344 0.02971
0 0.39427 0.36005 0.02500 0.03049
0 0.39792 0.38428 0.02292 0.03206
0 0.38307 0.41517 0.02135 0.03440
0 0.38594 0.43237 0.02083 0.02658
0 0.38724 0.45504 0.01927 0.02815
0 0.38958 0.47576 0.02083 0.02737
0 0.47318 0.27600 0.01094 0.01876
0 0.47448 0.29281 0.01042 0.01955
0 0.47682 0.31196 0.00990 0.02033
0 0.47760 0.33034 0.00833 0.02111
0 0.48255 0.44253 0.00781 0.01720
0 0.48099 0.42533 0.01198 0.02033
0 0.48151 0.40618 0.01094 0.02267
0 0.47943 0.38741 0.01406 0.02580
0 0.47604 0.36787 0.01667 0.02424
0 0.47318 0.34715 0.01615 0.02189
0 0.46901 0.32682 0.01615 0.02189
0 0.46510 0.31001 0.01771 0.02111
0 0.46068 0.27326 0.01823 0.01642
0 0.46354 0.29085 0.01667 0.02189
0 0.44401 0.28264 0.02552 0.01955
0 0.44635 0.30102 0.02396 0.02346
0 0.45156 0.32095 0.02292 0.02424
0 0.45703 0.34089 0.02135 0.02502
0 0.45990 0.36122 0.02083 0.02658
0 0.46276 0.38389 0.02031 0.02815
0 0.46771 0.40813 0.02083 0.02658
0 0.46953 0.43393 0.02031 0.02815
0 0.47292 0.45700 0.02292 0.02580
0 0.47682 0.47850 0.01719 0.02502
0 0.41901 0.27170 0.02448 0.02424
0 0.40286 0.29242 0.02448 0.02971
0 0.42370 0.29242 0.02344 0.02658
0 0.40885 0.31235 0.02500 0.03049
0 0.41146 0.33503 0.02500 0.03049
0 0.43021 0.31548 0.02188 0.03049
0 0.43359 0.33894 0.02865 0.02580
0 0.41510 0.36005 0.02500 0.03049
0 0.41953 0.38819 0.02865 0.03362
0 0.43776 0.36005 0.02656 0.02267
0 0.44141 0.37725 0.02760 0.02893
0 0.44609 0.39914 0.02865 0.02111
0 0.44844 0.41791 0.02604 0.01955
0 0.45052 0.43745 0.02604 0.02267
0 0.45234 0.45934 0.02760 0.02424
0 0.45651 0.47889 0.02865 0.02580
0 0.42969 0.46012 0.02604 0.03206
0 0.42839 0.43471 0.02656 0.03284
0 0.42448 0.41204 0.02604 0.03440
0 0.40182 0.41126 0.02240 0.02815
0 0.40521 0.43550 0.02292 0.02971
0 0.40703 0.45934 0.02448 0.02893
0 0.41068 0.48124 0.02656 0.02580
0 0.39245 0.49765 0.01823 0.02580
0 0.38151 0.52189 0.01198 0.02737
0 0.38438 0.54457 0.01458 0.02893
0 0.38776 0.56763 0.01198 0.02502
0 0.39271 0.59070 0.01250 0.02893
0 0.39583 0.61493 0.01562 0.02424
0 0.39766 0.63487 0.01406 0.02033
0 0.40234 0.65403 0.01510 0.02580
0 0.41745 0.68726 0.02865 0.04848
0 0.45573 0.69625 0.01667 0.03362
0 0.43151 0.69507 0.02135 0.02971
0 0.42786 0.67201 0.02448 0.03362
0 0.46380 0.67201 0.00469 0.01642
0 0.46432 0.65403 0.01094 0.02111
0 0.45287 0.67514 0.01927 0.02424
0 0.44948 0.65872 0.02396 0.03049
0 0.46562 0.63331 0.01771 0.03284
0 0.44427 0.63565 0.02812 0.02971
0 0.42240 0.65403 0.02812 0.02580
0 0.41693 0.63213 0.02969 0.02893
0 0.40990 0.61181 0.02396 0.02580
0 0.40495 0.58952 0.02656 0.02815
0 0.40130 0.56450 0.02031 0.02658
0 0.39766 0.54027 0.02240 0.02971
0 0.39453 0.51837 0.02135 0.02502
0 0.43411 0.48788 0.02656 0.03284
0 0.47734 0.49883 0.01198 0.02346
0 0.45964 0.49922 0.02865 0.02737
0 0.47760 0.51994 0.00937 0.02346
0 0.46224 0.52189 0.02656 0.02580
0 0.47839 0.54300 0.00781 0.02424
0 0.46562 0.54378 0.02500 0.02737
0 0.46823 0.56568 0.02396 0.02424
0 0.47135 0.60829 0.01146 0.02346
0 0.47031 0.58640 0.01979 0.02971
0 0.45547 0.60907 0.02344 0.03284
0 0.45078 0.58483 0.02448 0.03284
0 0.44662 0.56059 0.02552 0.03284
0 0.44245 0.53558 0.02865 0.02815
0 0.43307 0.61611 0.02760 0.03440
0 0.42813 0.59109 0.02604 0.02971
0 0.42292 0.56763 0.02708 0.03284
0 0.41901 0.54535 0.02760 0.02737
0 0.41771 0.52306 0.02917 0.02502
0 0.43854 0.51290 0.02708 0.02815
0 0.41250 0.50078 0.02708 0.02893
