0 0.59826 0.60651 0.02153 0.01510
0 0.58854 0.59818 0.02292 0.01510
0 0.62014 0.59948 0.02361 0.01979
0 0.64861 0.59245 0.02778 0.01927
0 0.66528 0.58151 0.01944 0.01615
0 0.65764 0.56953 0.02083 0.01302
0 0.64583 0.55859 0.02500 0.01510
0 0.63368 0.57787 0.03264 0.01927
0 0.61771 0.56510 0.03264 0.02396
0 0.63125 0.54609 0.02500 0.01615
0 0.61563 0.53255 0.02153 0.01198
0 0.60104 0.52162 0.01736 0.01094
0 0.60694 0.58646 0.02778 0.02292
0 0.59236 0.57552 0.02639 0.02500
0 0.58090 0.56510 0.03125 0.02188
0 0.57674 0.59089 0.02431 0.01302
0 0.56910 0.58281 0.02292 0.01354
0 0.55556 0.57005 0.02361 0.01927
0 0.55938 0.59687 0.01319 0.01042
0 0.54618 0.58646 0.02708 0.01667
0 0.53507 0.57656 0.02014 0.01458
0 0.53264 0.55521 0.04583 0.03229
0 0.51493 0.53438 0.02847 0.01979
0 0.50660 0.52240 0.01319 0.01354
0 0.60069 0.54375 0.03750 0.02500
0 0.58958 0.53229 0.02778 0.01458
0 0.57743 0.52682 0.03542 0.02031
0 0.57118 0.55182 0.03125 0.02344
0 0.55799 0.54271 0.03542 0.02292
0 0.54514 0.53203 0.03194 0.02240
0 0.53229 0.51953 0.03542 0.02344
0 0.51979 0.50859 0.03125 0.02344
0 0.56597 0.51250 0.03472 0.02396
0 0.55243 0.50052 0.03403 0.02188
0 0.53819 0.48854 0.03194 0.01979
0 0.52500 0.47865 0.03333 0.01979
0 0.50833 0.49792 0.03472 0.02187
0 0.49444 0.48802 0.03056 0.01979
0 0.48021 0.47500 0.03403 0.02396
0 0.45694 0.41615 0.02500 0.01875
0 0.51319 0.46797 0.03611 0.02240
0 0.50208 0.45781 0.03611 0.01979
0 0.46632 0.45963 0.03264 0.02344
0 0.49132 0.45026 0.02986 0.02344
0 0.48125 0.43776 0.02639 0.02031
0 0.46632 0.42604 0.02569 0.01979
0 0.45382 0.44714 0.03403 0.02448
0 0.44097 0.43542 0.03194 0.02187
0 0.43299 0.42630 0.02569 0.02240
0 0.41771 0.43880 0.01458 0.00885
0 0.42500 0.44714 0.02361 0.01823
0 0.43646 0.46042 0.02292 0.01562
0 0.44792 0.40807 0.01528 0.01510
0 0.38229 0.40521 0.01042 0.00938
0 0.39479 0.39427 0.02569 0.02187
0 0.41181 0.37813 0.00972 0.01146
0 0.38924 0.38307 0.03819 0.02344
0 0.36562 0.38464 0.00903 0.01198
0 0.37431 0.39583 0.01389 0.01146
0 0.40347 0.36979 0.02222 0.01875
0 0.37604 0.36901 0.03542 0.02135
0 0.35938 0.36823 0.00486 0.00729
0 0.35799 0.36198 0.00764 0.00625
0 0.38889 0.35912 0.01944 0.01615
0 0.37778 0.35130 0.01806 0.01510
0 0.36979 0.34479 0.01042 0.00833
0 0.35833 0.34844 0.02361 0.02292
0 0.34757 0.33776 0.01042 0.00781
