0 0.52344 0.04336 0.03125 0.00547
0 0.36328 0.24805 0.03906 0.03203
0 0.36406 0.29492 0.04063 0.04141
0 0.35781 0.34414 0.02500 0.03047
0 0.35859 0.39102 0.02656 0.03516
0 0.35469 0.43984 0.02187 0.03438
0 0.35625 0.48828 0.02500 0.03437
0 0.35781 0.53398 0.01250 0.02422
0 0.62266 0.62187 0.02344 0.02969
0 0.61172 0.66680 0.01094 0.01953
0 0.36953 0.20234 0.03906 0.03438
0 0.37813 0.15391 0.01875 0.02500
0 0.64922 0.14492 0.02031 0.02891
0 0.61797 0.09102 0.01719 0.01016
0 0.49453 0.05508 0.02031 0.00547
0 0.45469 0.05430 0.01250 0.00547
0 0.40859 0.09961 0.02031 0.01484
0 0.65781 0.19219 0.04062 0.03437
0 0.46797 0.08477 0.07656 0.03672
0 0.56016 0.07031 0.07969 0.03125
0 0.57266 0.11680 0.09844 0.03672
0 0.45547 0.13203 0.10156 0.03906
0 0.45312 0.18008 0.10312 0.03828
0 0.45234 0.23008 0.10156 0.03828
0 0.57031 0.16406 0.10000 0.03906
0 0.57109 0.21289 0.10156 0.03828
0 0.66172 0.24062 0.05156 0.03437
0 0.56641 0.26094 0.10156 0.03906
0 0.65859 0.28672 0.05781 0.03438
0 0.44844 0.27734 0.10000 0.03750
0 0.44063 0.32109 0.10313 0.03750
0 0.43750 0.36914 0.10000 0.03984
0 0.55313 0.35352 0.10625 0.03828
0 0.56797 0.31055 0.10156 0.03828
0 0.65625 0.33555 0.06562 0.03672
0 0.65781 0.38242 0.07812 0.04141
0 0.43281 0.41797 0.10000 0.03906
0 0.55703 0.40117 0.10156 0.03984
0 0.65547 0.43125 0.08281 0.03594
0 0.43203 0.46758 0.10156 0.03984
0 0.54766 0.45039 0.10156 0.03984
0 0.64922 0.47969 0.07031 0.03750
0 0.54922 0.49961 0.10156 0.03828
0 0.63906 0.52617 0.05313 0.03359
0 0.63125 0.57227 0.03750 0.03516
0 0.52656 0.75039 0.09063 0.08359
0 0.53984 0.68984 0.09844 0.03125
0 0.44531 0.70234 0.04375 0.02500
0 0.43437 0.65820 0.08125 0.03359
0 0.54062 0.64414 0.10000 0.03828
0 0.42969 0.61289 0.10000 0.03672
0 0.54922 0.59609 0.10156 0.03750
0 0.54766 0.54688 0.10156 0.03750
0 0.43047 0.56289 0.10156 0.03828
0 0.43203 0.51484 0.10156 0.03906
