0 0.58450 0.01650 0.02900 0.03300
0 0.56700 0.01750 0.02500 0.03500
0 0.53725 0.01600 0.06050 0.03200
0 0.47125 0.01450 0.08450 0.02900
0 0.38850 0.00500 0.08500 0.01000
0 0.31750 0.00800 0.06000 0.01600
0 0.27100 0.01125 0.04700 0.02250
0 0.27225 0.03800 0.03850 0.04300
0 0.27175 0.11900 0.04350 0.04800
0 0.27025 0.07600 0.03950 0.05200
0 0.32125 0.03000 0.07550 0.05000
0 0.39350 0.02450 0.09400 0.04900
0 0.31850 0.07700 0.07600 0.05900
0 0.32475 0.11350 0.07550 0.04800
0 0.39500 0.10625 0.08600 0.04350
0 0.39300 0.06475 0.08800 0.04950
0 0.57950 0.04650 0.03700 0.03900
0 0.58275 0.08300 0.03750 0.04200
0 0.58225 0.11600 0.03650 0.03500
0 0.53925 0.04950 0.07550 0.04700
0 0.54100 0.08975 0.07000 0.04650
0 0.47050 0.04175 0.08300 0.04350
0 0.47000 0.08125 0.09000 0.04850
0 0.28100 0.15850 0.03900 0.04200
0 0.28400 0.19600 0.04200 0.04600
0 0.32775 0.15500 0.07650 0.05200
0 0.33275 0.18825 0.07950 0.05250
0 0.40000 0.14200 0.08700 0.04500
0 0.58700 0.19050 0.04300 0.04000
0 0.58350 0.15125 0.04400 0.04350
0 0.54225 0.12475 0.05750 0.03850
0 0.53625 0.15900 0.07250 0.04800
0 0.58325 0.22400 0.04550 0.04500
0 0.59925 0.31300 0.01350 0.02200
0 0.58575 0.30025 0.03250 0.03350
0 0.58200 0.26700 0.04600 0.04700
0 0.58850 0.33775 0.04100 0.04850
0 0.47600 0.12425 0.08700 0.05450
0 0.47125 0.17100 0.07650 0.05500
0 0.40150 0.17950 0.09100 0.05000
0 0.27700 0.23700 0.04600 0.05400
0 0.27925 0.27825 0.01350 0.02550
0 0.30250 0.34475 0.04800 0.05750
0 0.49875 0.75275 0.06550 0.05750
0 0.37900 0.64675 0.05800 0.04750
0 0.30600 0.38325 0.04400 0.04650
0 0.34075 0.56100 0.02850 0.04300
0 0.37500 0.56400 0.06300 0.04100
0 0.37875 0.60925 0.06550 0.05550
0 0.43250 0.61500 0.06500 0.06500
0 0.58100 0.60625 0.02500 0.05150
0 0.55900 0.61450 0.05500 0.06100
0 0.53825 0.58125 0.06150 0.07250
0 0.49400 0.62350 0.08000 0.06000
0 0.47850 0.57500 0.07700 0.06000
0 0.59675 0.51825 0.01850 0.03950
0 0.57525 0.55750 0.04850 0.05200
0 0.58375 0.51125 0.03550 0.04550
0 0.58825 0.46725 0.04350 0.04850
0 0.58625 0.42500 0.04750 0.04800
0 0.58825 0.38075 0.03750 0.04850
0 0.54600 0.52575 0.06200 0.05450
0 0.48800 0.52000 0.07300 0.05500
0 0.42525 0.55250 0.07950 0.06400
0 0.33250 0.51875 0.04700 0.05550
0 0.37225 0.52200 0.07150 0.04800
0 0.31350 0.42475 0.04600 0.05050
0 0.31875 0.46700 0.04250 0.05000
0 0.29875 0.29650 0.04250 0.04400
0 0.29225 0.25175 0.03650 0.05250
0 0.36800 0.47700 0.07000 0.05500
0 0.36125 0.42900 0.07250 0.05200
0 0.36025 0.38750 0.07950 0.04500
0 0.34775 0.34925 0.06950 0.04750
0 0.34550 0.31025 0.07600 0.04450
0 0.34350 0.26950 0.07700 0.04900
0 0.33475 0.22875 0.07650 0.04250
0 0.43100 0.49475 0.07800 0.05550
0 0.43225 0.44575 0.08150 0.05050
0 0.43375 0.40075 0.09450 0.04750
0 0.41900 0.35125 0.08100 0.05650
0 0.41375 0.30450 0.07750 0.05100
0 0.41500 0.26025 0.08900 0.04950
0 0.41000 0.21675 0.09200 0.04950
0 0.53525 0.43600 0.08250 0.04100
0 0.54475 0.47850 0.07150 0.05000
0 0.53000 0.39700 0.09500 0.04600
0 0.54100 0.35325 0.07900 0.04750
0 0.54275 0.30925 0.07350 0.04750
0 0.54050 0.27400 0.05000 0.03400
0 0.53900 0.23750 0.07300 0.04300
0 0.53375 0.19900 0.07750 0.04300
0 0.47800 0.22200 0.07800 0.06300
0 0.48675 0.45650 0.06950 0.07600
0 0.47950 0.37975 0.07000 0.06650
0 0.47900 0.32300 0.07000 0.05100
0 0.48075 0.27550 0.07850 0.05500
