0 0.41406 0.04028 0.03438 0.04167
0 0.47005 0.08333 0.02969 0.03148
0 0.38359 0.05185 0.05156 0.06296
0 0.39375 0.07917 0.05312 0.06204
0 0.42526 0.09074 0.06094 0.06296
0 0.44167 0.11250 0.04792 0.06019
0 0.49583 0.10417 0.04063 0.04537
0 0.46615 0.12685 0.04792 0.05741
0 0.51979 0.12500 0.03646 0.04259
0 0.49141 0.15000 0.03698 0.05556
0 0.17969 0.04815 0.04375 0.05370
0 0.21562 0.03935 0.04167 0.06759
0 0.24531 0.04213 0.03854 0.06759
0 0.27266 0.03287 0.03177 0.05648
0 0.29063 0.05556 0.04896 0.07778
0 0.31849 0.08287 0.05573 0.07130
0 0.33750 0.09398 0.04583 0.05648
0 0.37682 0.12639 0.05260 0.05093
0 0.38724 0.14491 0.06302 0.06019
0 0.40260 0.15093 0.05521 0.04630
0 0.41536 0.16435 0.06094 0.05463
0 0.35495 0.11435 0.04323 0.06204
0 0.26797 0.14491 0.06406 0.10463
0 0.24115 0.12454 0.06979 0.10833
0 0.21510 0.11019 0.06979 0.11111
0 0.13125 0.10370 0.05729 0.09444
0 0.13802 0.12639 0.06250 0.11204
0 0.17005 0.11574 0.06510 0.12593
0 0.13411 0.23056 0.04427 0.12407
0 0.16224 0.23009 0.06094 0.13981
0 0.19037 0.25139 0.06198 0.13611
0 0.13776 0.31296 0.02760 0.05370
0 0.15807 0.34491 0.03281 0.06944
0 0.17292 0.37315 0.03437 0.09444
0 0.18906 0.39815 0.03229 0.12963
0 0.20547 0.41250 0.03177 0.11944
0 0.21615 0.42546 0.03229 0.11944
0 0.23307 0.43935 0.02969 0.09722
0 0.25026 0.44491 0.03698 0.08981
0 0.26901 0.45602 0.03177 0.08056
0 0.28698 0.46296 0.03437 0.07407
0 0.30234 0.49722 0.03177 0.07963
0 0.31771 0.51898 0.03542 0.07870
0 0.33438 0.53843 0.04167 0.10278
0 0.45287 0.19028 0.07135 0.08426
0 0.28750 0.16759 0.06875 0.10000
0 0.30703 0.18843 0.06198 0.10833
0 0.31953 0.19954 0.06823 0.10833
0 0.33750 0.22083 0.05937 0.10278
0 0.35807 0.22454 0.06719 0.10648
0 0.20963 0.26574 0.04948 0.12963
0 0.22630 0.27130 0.05156 0.12407
0 0.25026 0.28889 0.05885 0.12407
0 0.25755 0.32407 0.04740 0.11852
0 0.28490 0.32500 0.06354 0.12778
0 0.28698 0.34861 0.04063 0.10463
0 0.30990 0.34444 0.06354 0.12778
0 0.33073 0.37269 0.07083 0.12315
0 0.33932 0.39444 0.05781 0.11852
0 0.52318 0.16806 0.06302 0.05833
0 0.58125 0.18333 0.04167 0.04444
0 0.61068 0.21065 0.04740 0.04167
0 0.62865 0.24120 0.04792 0.04352
0 0.64870 0.27870 0.06927 0.06296
0 0.69974 0.32732 0.02448 0.02500
0 0.70964 0.34444 0.01510 0.01667
0 0.71719 0.35833 0.01354 0.01667
0 0.65703 0.30278 0.06615 0.04259
0 0.67266 0.32917 0.06406 0.04167
0 0.53880 0.19398 0.05990 0.04352
0 0.55026 0.21111 0.07240 0.05370
0 0.56068 0.22824 0.07344 0.06204
0 0.57474 0.24954 0.07240 0.05833
0 0.59063 0.27824 0.05729 0.05093
0 0.59948 0.30231 0.05937 0.05278
0 0.60833 0.33565 0.06875 0.07500
0 0.47318 0.21389 0.07552 0.06667
0 0.47943 0.23241 0.06719 0.06481
0 0.48828 0.25139 0.06823 0.06944
0 0.49766 0.26806 0.06615 0.06574
0 0.51276 0.28796 0.06406 0.07222
0 0.52370 0.30509 0.07552 0.07130
0 0.53281 0.32685 0.07604 0.07407
0 0.53828 0.34676 0.07448 0.08241
0 0.37839 0.24167 0.07240 0.10556
0 0.38307 0.26157 0.06510 0.09907
0 0.39557 0.26991 0.07344 0.10833
0 0.40469 0.28843 0.07292 0.09722
0 0.41667 0.30139 0.07083 0.10463
0 0.42917 0.31204 0.06667 0.10000
0 0.44089 0.33241 0.07344 0.09444
0 0.44948 0.34722 0.06667 0.08889
0 0.45625 0.36944 0.06042 0.08519
0 0.35469 0.40972 0.05312 0.13056
0 0.37500 0.40833 0.05937 0.11111
0 0.37552 0.43657 0.05521 0.12500
0 0.39427 0.44722 0.05938 0.12593
0 0.39818 0.46296 0.05990 0.12407
0 0.47734 0.98241 0.02760 0.03519
0 0.49713 0.98518 0.03802 0.02963
0 0.52865 0.97500 0.05938 0.05000
0 0.57500 0.98333 0.04271 0.03333
0 0.44740 0.92176 0.02813 0.08241
0 0.46693 0.92269 0.04740 0.10463
0 0.48906 0.91991 0.05729 0.10463
0 0.37578 0.70046 0.01823 0.05463
0 0.39115 0.73565 0.02083 0.05463
0 0.40547 0.76667 0.03073 0.07778
0 0.43073 0.82176 0.04792 0.12685
0 0.45365 0.83148 0.04063 0.09074
0 0.35443 0.55417 0.03594 0.08611
0 0.36172 0.57361 0.04115 0.09722
0 0.37500 0.60556 0.04167 0.12222
0 0.38828 0.62083 0.03802 0.11204
0 0.40286 0.65324 0.04323 0.13056
0 0.41719 0.67824 0.04063 0.12685
0 0.43333 0.70602 0.03958 0.12870
0 0.46875 0.38704 0.06771 0.08148
0 0.41328 0.47685 0.05781 0.12222
0 0.42292 0.51481 0.04896 0.11481
0 0.43464 0.54444 0.05260 0.11482
0 0.45495 0.56806 0.05365 0.11574
0 0.72891 0.38056 0.02344 0.02963
0 0.74323 0.41389 0.03229 0.04444
0 0.75417 0.44769 0.04375 0.05833
0 0.76302 0.48704 0.04688 0.08889
0 0.79167 0.55185 0.01250 0.03519
0 0.79635 0.59398 0.01979 0.05463
0 0.76927 0.52407 0.03646 0.07963
0 0.68542 0.35880 0.06771 0.04537
0 0.69870 0.39259 0.06198 0.05000
0 0.62083 0.37130 0.06979 0.07222
0 0.63880 0.39907 0.06719 0.07222
0 0.54583 0.36574 0.07187 0.07963
0 0.47266 0.42407 0.06823 0.10741
0 0.48568 0.44676 0.06406 0.09722
0 0.50026 0.48611 0.06302 0.10741
0 0.54688 0.40787 0.06250 0.07870
0 0.56953 0.43241 0.07552 0.09815
0 0.52578 0.51250 0.07135 0.11018
0 0.46276 0.60417 0.05469 0.11389
0 0.49349 0.62593 0.06719 0.12407
0 0.45625 0.74352 0.04896 0.14444
0 0.48568 0.75093 0.05469 0.13333
0 0.49062 0.85324 0.03958 0.08981
0 0.59792 0.47130 0.07500 0.10741
0 0.71094 0.44352 0.06146 0.08148
0 0.65859 0.45602 0.06510 0.09352
0 0.72422 0.51667 0.06198 0.11481
0 0.76771 0.57824 0.05000 0.08796
0 0.79740 0.66435 0.03542 0.10833
0 0.72656 0.95880 0.04063 0.08241
0 0.76615 0.87037 0.04688 0.10926
0 0.72734 0.88102 0.04844 0.09907
0 0.80365 0.77176 0.02396 0.10648
0 0.68021 0.96389 0.06146 0.07222
0 0.62240 0.96435 0.06146 0.07130
0 0.57969 0.94630 0.04792 0.06481
0 0.53412 0.92546 0.06094 0.09722
0 0.53021 0.85648 0.05833 0.11481
0 0.78021 0.79537 0.04583 0.07037
0 0.77943 0.73287 0.05260 0.12315
0 0.75495 0.62870 0.06406 0.11111
0 0.74219 0.70324 0.06146 0.12315
0 0.71094 0.58472 0.04896 0.08056
0 0.66979 0.52963 0.06458 0.11481
0 0.61797 0.54537 0.05156 0.10741
0 0.56224 0.57269 0.06927 0.13611
0 0.52448 0.64583 0.07396 0.11944
0 0.53125 0.76620 0.07083 0.10648
0 0.60651 0.62778 0.05781 0.10185
0 0.56797 0.69398 0.05469 0.12500
