0 0.56537 0.64883 0.01510 0.02578
0 0.55573 0.65586 0.01354 0.02109
0 0.54193 0.66445 0.01615 0.02578
0 0.52526 0.67461 0.01927 0.03359
0 0.51016 0.68906 0.01510 0.02812
0 0.49713 0.69609 0.01719 0.02969
0 0.48073 0.70820 0.01771 0.02734
0 0.46302 0.71914 0.02083 0.02109
0 0.43672 0.74180 0.02031 0.03359
0 0.42005 0.75156 0.01510 0.02969
0 0.40573 0.75937 0.01771 0.03125
0 0.56276 0.63906 0.01094 0.01562
0 0.55052 0.63789 0.01771 0.03359
0 0.51849 0.65742 0.02031 0.03672
0 0.50339 0.66641 0.01823 0.03594
0 0.48802 0.67773 0.01875 0.03828
0 0.47318 0.68828 0.01823 0.04219
0 0.45599 0.69766 0.02031 0.03750
0 0.44062 0.70938 0.02292 0.03750
0 0.42422 0.72187 0.01927 0.03594
0 0.40573 0.73203 0.02292 0.03594
0 0.38984 0.76641 0.01823 0.04062
0 0.37266 0.78164 0.02135 0.03047
0 0.35391 0.79219 0.01823 0.03438
0 0.34036 0.80352 0.01615 0.02578
0 0.53490 0.64727 0.02083 0.03516
0 0.54115 0.61211 0.01875 0.03516
0 0.52500 0.61758 0.02396 0.04609
0 0.50859 0.62539 0.02240 0.04297
0 0.49036 0.63984 0.02240 0.04219
0 0.46536 0.65703 0.02031 0.03750
0 0.44687 0.67148 0.01979 0.03828
0 0.41797 0.69414 0.02135 0.04141
0 0.38958 0.73711 0.01146 0.02891
0 0.39766 0.70352 0.02240 0.04609
0 0.38255 0.71445 0.01615 0.03828
0 0.40807 0.50625 0.01094 0.00938
0 0.40052 0.51445 0.01562 0.01328
0 0.38568 0.52383 0.01927 0.01484
0 0.36849 0.53750 0.02031 0.01719
0 0.35130 0.55313 0.02135 0.01719
0 0.32969 0.56719 0.01667 0.01406
0 0.31693 0.57891 0.01406 0.01406
0 0.45130 0.47695 0.01510 0.01953
0 0.43620 0.48867 0.02240 0.01641
0 0.42396 0.49922 0.02083 0.01406
0 0.46641 0.49180 0.02240 0.03047
0 0.45312 0.50273 0.02812 0.03516
0 0.43724 0.51016 0.02240 0.02656
0 0.42135 0.52109 0.02812 0.03125
0 0.40417 0.53047 0.02708 0.02813
0 0.38776 0.54023 0.02552 0.02578
0 0.37448 0.55508 0.02604 0.03203
0 0.35859 0.56367 0.02552 0.02734
0 0.34375 0.57695 0.02604 0.03203
0 0.32734 0.58867 0.02865 0.02891
0 0.30911 0.59844 0.02656 0.02656
0 0.29583 0.61211 0.02292 0.03047
0 0.47865 0.52344 0.02500 0.04219
0 0.46510 0.53086 0.02187 0.03672
0 0.44766 0.53867 0.02760 0.03984
0 0.43255 0.55000 0.02552 0.04062
0 0.41563 0.55781 0.02917 0.04531
0 0.40078 0.56953 0.02969 0.04688
0 0.38646 0.58320 0.03021 0.04453
0 0.36875 0.59258 0.03021 0.04297
0 0.35495 0.60586 0.02865 0.03984
0 0.33542 0.61563 0.02708 0.03750
0 0.31953 0.62344 0.02760 0.03906
0 0.30495 0.63828 0.03073 0.03750
0 0.49088 0.59766 0.02240 0.04375
0 0.47370 0.61523 0.02656 0.04609
0 0.45677 0.62422 0.02083 0.04531
0 0.44010 0.63359 0.02292 0.04531
0 0.42734 0.64883 0.02344 0.04766
0 0.40807 0.65742 0.02240 0.04609
0 0.39062 0.66367 0.02292 0.04297
0 0.37500 0.67656 0.02396 0.04531
0 0.35677 0.68437 0.02812 0.04688
0 0.51458 0.58047 0.02708 0.04375
0 0.49375 0.55352 0.02500 0.04141
0 0.48047 0.55977 0.01823 0.03203
0 0.47005 0.56758 0.02656 0.03984
0 0.45391 0.58008 0.02865 0.04141
0 0.43594 0.58945 0.02917 0.03984
0 0.41719 0.60039 0.02708 0.04141
0 0.40312 0.61602 0.02500 0.03828
0 0.38568 0.62422 0.02656 0.04062
0 0.36693 0.63633 0.02760 0.03828
0 0.33906 0.65273 0.02708 0.03984
0 0.32240 0.66719 0.02396 0.04219
0 0.38073 0.74844 0.01771 0.03125
0 0.36302 0.76289 0.02083 0.03516
0 0.36953 0.72656 0.02344 0.04844
0 0.34271 0.77422 0.02292 0.03594
0 0.33880 0.70000 0.02656 0.03750
0 0.35052 0.73594 0.02188 0.04531
0 0.33151 0.74531 0.02240 0.04688
0 0.47370 0.14609 0.02552 0.02031
0 0.48620 0.16016 0.02240 0.01875
0 0.44531 0.18125 0.03125 0.03281
0 0.46172 0.16328 0.02865 0.03594
0 0.49844 0.17812 0.02604 0.02656
0 0.47526 0.18008 0.02969 0.03516
0 0.40339 0.23164 0.02135 0.02891
0 0.42370 0.20273 0.02344 0.03359
0 0.42995 0.21523 0.02760 0.04141
0 0.41276 0.24844 0.02969 0.04531
0 0.43984 0.24297 0.03073 0.04219
0 0.56797 0.24531 0.01823 0.02187
0 0.55287 0.22891 0.01719 0.02500
0 0.53698 0.20703 0.01771 0.02813
0 0.52162 0.19336 0.01406 0.01953
0 0.51016 0.19688 0.02344 0.02656
0 0.52448 0.21523 0.02500 0.02734
0 0.53724 0.23398 0.02448 0.03203
0 0.55052 0.25156 0.02500 0.02969
0 0.48802 0.20312 0.02708 0.03594
0 0.50078 0.22227 0.02656 0.03828
0 0.51224 0.24023 0.03177 0.04141
0 0.52396 0.26094 0.02917 0.04062
0 0.45130 0.26836 0.03073 0.04609
0 0.45625 0.20508 0.03542 0.04453
0 0.46797 0.22891 0.02760 0.03750
0 0.47969 0.24727 0.03229 0.04141
0 0.49323 0.26953 0.02812 0.04063
0 0.46510 0.28672 0.03229 0.04688
0 0.42734 0.28125 0.03073 0.04688
0 0.39010 0.26289 0.02396 0.03984
0 0.40182 0.28984 0.02552 0.04219
0 0.36875 0.31719 0.00938 0.02656
0 0.37943 0.29180 0.02552 0.03984
0 0.41510 0.31445 0.03125 0.04297
0 0.38333 0.35117 0.01250 0.02266
0 0.37839 0.32539 0.01510 0.03359
0 0.39115 0.32070 0.02604 0.04141
0 0.39609 0.37383 0.00885 0.02109
0 0.39271 0.35078 0.01354 0.02812
0 0.40443 0.34648 0.02344 0.03359
0 0.40677 0.39414 0.00833 0.01328
0 0.40599 0.37422 0.01615 0.02969
0 0.41745 0.36641 0.01927 0.03594
0 0.42552 0.33008 0.02500 0.04609
0 0.44531 0.31484 0.02917 0.04844
0 0.50521 0.29023 0.03229 0.04141
0 0.47474 0.30898 0.03073 0.04297
0 0.46094 0.34102 0.03021 0.04141
0 0.43750 0.35625 0.02708 0.04375
0 0.43047 0.42266 0.01510 0.02344
0 0.41823 0.39805 0.01667 0.03047
0 0.42604 0.39219 0.01771 0.03750
0 0.44401 0.44336 0.01198 0.01797
0 0.45625 0.46367 0.01458 0.02578
0 0.47005 0.48594 0.01719 0.02969
0 0.47708 0.47813 0.01979 0.03594
0 0.46588 0.45742 0.02031 0.02891
0 0.45156 0.43594 0.02187 0.03281
0 0.43906 0.41641 0.02187 0.03594
0 0.44844 0.38555 0.02917 0.04609
0 0.46224 0.40820 0.02656 0.04297
0 0.47630 0.43320 0.02969 0.04141
0 0.49010 0.45547 0.02812 0.05312
0 0.48385 0.50391 0.01250 0.02500
0 0.49583 0.52344 0.01562 0.02500
0 0.49036 0.49570 0.01615 0.03047
0 0.50599 0.48125 0.02656 0.04688
0 0.47188 0.36836 0.02813 0.04453
0 0.48568 0.39766 0.03073 0.04844
0 0.50859 0.43477 0.03177 0.05234
0 0.52995 0.47930 0.03281 0.04609
0 0.57787 0.26406 0.01823 0.02500
0 0.59167 0.27617 0.01771 0.01797
0 0.60651 0.29141 0.01719 0.02187
0 0.70156 0.41406 0.01771 0.02500
0 0.68646 0.39844 0.01771 0.02344
0 0.67474 0.37852 0.01927 0.02734
0 0.66354 0.36367 0.01875 0.02734
0 0.64818 0.34336 0.01927 0.02578
0 0.63333 0.32578 0.01771 0.02500
0 0.61953 0.30859 0.01719 0.02813
0 0.59010 0.28672 0.01771 0.02187
0 0.60078 0.30352 0.02240 0.02109
0 0.61146 0.31836 0.01562 0.01641
0 0.62682 0.33672 0.02448 0.02969
0 0.64271 0.35820 0.02500 0.03047
0 0.65391 0.37539 0.02135 0.02422
0 0.66615 0.39609 0.02396 0.03125
0 0.68021 0.41367 0.02812 0.02891
0 0.56354 0.27148 0.02708 0.03516
0 0.57292 0.29570 0.03125 0.04453
0 0.58646 0.31484 0.02812 0.03437
0 0.60000 0.33359 0.03021 0.03906
0 0.61172 0.35430 0.02969 0.03828
0 0.62552 0.37344 0.03229 0.04375
0 0.63854 0.39531 0.03229 0.04375
0 0.64740 0.41602 0.03333 0.03984
0 0.53594 0.28164 0.03021 0.03828
0 0.54766 0.30234 0.02552 0.03281
0 0.55755 0.33242 0.03073 0.04453
0 0.57187 0.34727 0.02917 0.03828
0 0.58281 0.36719 0.03229 0.04063
0 0.59583 0.39023 0.03229 0.04141
0 0.60807 0.41367 0.03073 0.04297
0 0.51745 0.31523 0.03073 0.04766
0 0.49037 0.33086 0.03073 0.04766
0 0.49896 0.35586 0.02708 0.03984
0 0.52734 0.33633 0.03073 0.04141
0 0.50990 0.37969 0.02708 0.05313
0 0.53620 0.36055 0.02969 0.03984
0 0.52344 0.40000 0.02917 0.04531
0 0.53281 0.42852 0.03229 0.05391
0 0.55156 0.37891 0.03125 0.04844
0 0.56120 0.40430 0.03281 0.05078
0 0.57422 0.42930 0.03490 0.04922
0 0.54401 0.44922 0.02969 0.04688
0 0.50287 0.52656 0.02135 0.05469
0 0.52083 0.56328 0.01146 0.02031
0 0.51771 0.53828 0.02396 0.03281
0 0.52318 0.51484 0.02865 0.04531
0 0.52917 0.55742 0.01667 0.03516
0 0.54141 0.55117 0.02552 0.04297
0 0.55182 0.51758 0.03177 0.04609
0 0.55781 0.47500 0.03438 0.04375
0 0.57240 0.48789 0.03750 0.04297
0 0.56537 0.54570 0.03281 0.04297
0 0.54713 0.60547 0.01302 0.02031
0 0.53412 0.58242 0.01198 0.02266
0 0.54323 0.58398 0.01771 0.02891
0 0.55703 0.58047 0.02344 0.03594
0 0.57917 0.57031 0.02917 0.04531
0 0.56536 0.62695 0.01823 0.01797
0 0.55990 0.60898 0.02083 0.02734
0 0.57109 0.60469 0.02135 0.03281
0 0.58177 0.64297 0.01875 0.02188
0 0.59115 0.59219 0.02708 0.04219
0 0.58594 0.62891 0.01979 0.02969
0 0.59557 0.66094 0.01823 0.02812
0 0.60078 0.64609 0.02031 0.03281
0 0.60338 0.61406 0.02552 0.04219
0 0.61328 0.67031 0.01823 0.02812
0 0.61901 0.63555 0.02656 0.04609
0 0.63229 0.66211 0.02604 0.03984
0 0.60885 0.68828 0.02083 0.03437
0 0.62787 0.69219 0.01927 0.02656
0 0.64531 0.68633 0.02396 0.04609
0 0.62474 0.71016 0.01823 0.02500
0 0.64088 0.71484 0.01823 0.02500
0 0.63958 0.73320 0.01875 0.02734
0 0.65703 0.71445 0.02135 0.03516
0 0.65495 0.75352 0.01719 0.02422
0 0.65495 0.73828 0.01615 0.02500
0 0.67318 0.77656 0.02240 0.02500
0 0.68047 0.75859 0.03802 0.03281
0 0.69557 0.80195 0.03385 0.05391
0 0.69766 0.79258 0.02240 0.03828
0 0.58359 0.51445 0.03073 0.04141
0 0.58151 0.54062 0.00156 0.01406
0 0.59635 0.53633 0.03021 0.04297
0 0.60859 0.55898 0.03073 0.04609
0 0.62135 0.58633 0.03437 0.05078
0 0.63750 0.60625 0.02812 0.04219
0 0.64818 0.63008 0.03281 0.04922
0 0.71354 0.43711 0.02188 0.02734
0 0.72760 0.45820 0.02708 0.03359
0 0.73750 0.47734 0.02812 0.02656
0 0.75286 0.50078 0.02448 0.02813
0 0.76979 0.51641 0.02500 0.02656
0 0.78854 0.54062 0.02396 0.02812
0 0.76719 0.53047 0.02396 0.03437
0 0.80807 0.56680 0.01823 0.02891
0 0.78776 0.56250 0.02865 0.04219
0 0.77083 0.56680 0.02500 0.03828
0 0.75599 0.55078 0.02552 0.04531
0 0.74297 0.52188 0.02865 0.04219
0 0.72786 0.49219 0.02760 0.03906
0 0.70938 0.46562 0.02187 0.03906
0 0.69193 0.43906 0.02969 0.03906
0 0.66042 0.43555 0.03229 0.04453
0 0.67213 0.45508 0.03073 0.04297
0 0.68255 0.48203 0.04010 0.05469
0 0.70287 0.50430 0.02969 0.04766
0 0.71198 0.52539 0.03542 0.04766
0 0.72604 0.55195 0.03542 0.05078
0 0.74037 0.57578 0.03281 0.04688
0 0.59036 0.45195 0.03281 0.04453
0 0.60156 0.47148 0.02604 0.03672
0 0.60912 0.49180 0.03177 0.04609
0 0.62344 0.51367 0.02917 0.04141
0 0.63672 0.53945 0.03073 0.05078
0 0.65026 0.56289 0.03281 0.04922
0 0.66380 0.58633 0.03073 0.04609
0 0.67630 0.60938 0.03281 0.04844
0 0.62083 0.43750 0.02604 0.03750
0 0.62917 0.45547 0.03021 0.04219
0 0.64115 0.47891 0.03437 0.04844
0 0.65573 0.50000 0.03021 0.04219
0 0.66953 0.52383 0.03698 0.04609
0 0.68125 0.54688 0.03229 0.04531
0 0.69635 0.56758 0.02812 0.04141
0 0.70859 0.59609 0.03281 0.05000
0 0.72422 0.62070 0.02865 0.04297
0 0.75443 0.60039 0.03490 0.04766
0 0.78281 0.59609 0.02500 0.03906
0 0.82787 0.59492 0.02344 0.03047
0 0.80807 0.59297 0.02656 0.04062
0 0.79948 0.61367 0.03125 0.03984
0 0.69141 0.63633 0.03281 0.04766
0 0.66224 0.65547 0.03073 0.04531
0 0.67135 0.73945 0.02292 0.03516
0 0.73698 0.77148 0.02708 0.02734
0 0.69766 0.71211 0.06927 0.10703
0 0.70391 0.66211 0.03281 0.04297
0 0.69062 0.70352 0.03229 0.04141
0 0.76615 0.62500 0.03542 0.04844
0 0.73542 0.64492 0.02917 0.04141
0 0.71927 0.68711 0.03021 0.04922
0 0.70469 0.72930 0.02813 0.03984
0 0.84713 0.62422 0.01823 0.03125
0 0.82734 0.62930 0.02969 0.05234
0 0.80964 0.64805 0.02865 0.04453
0 0.74896 0.67148 0.03542 0.04766
0 0.73073 0.71094 0.03229 0.04375
0 0.78047 0.65430 0.03385 0.05234
0 0.79323 0.68789 0.03333 0.04922
0 0.76094 0.70117 0.02917 0.04453
0 0.74141 0.73984 0.03177 0.04375
0 0.71458 0.80937 0.04896 0.08594
0 0.72135 0.82734 0.02188 0.02344
0 0.72240 0.80547 0.03021 0.03750
0 0.76588 0.79570 0.02656 0.01953
0 0.74245 0.82617 0.02656 0.03672
0 0.75937 0.83945 0.03438 0.02891
0 0.74974 0.86406 0.02969 0.03125
0 0.87734 0.70898 0.01406 0.05234
0 0.86537 0.66562 0.01510 0.04844
0 0.84635 0.66445 0.03333 0.05391
0 0.82240 0.68359 0.02812 0.04844
0 0.80495 0.72734 0.03281 0.05625
0 0.77318 0.73438 0.03490 0.05313
0 0.76250 0.77188 0.03750 0.04688
0 0.85859 0.71133 0.02969 0.06016
0 0.83698 0.72148 0.02812 0.05234
0 0.81979 0.76055 0.03438 0.04453
0 0.79245 0.78164 0.02969 0.05859
