0 0.73646 0.98177 0.04514 0.03646
0 0.73681 0.95234 0.03889 0.04323
0 0.73403 0.91667 0.05556 0.04792
0 0.73194 0.88073 0.05139 0.04167
0 0.73125 0.84375 0.05556 0.03958
0 0.73160 0.80677 0.05625 0.04167
0 0.30278 0.96667 0.03333 0.04479
0 0.30243 0.92448 0.03819 0.04375
0 0.29722 0.88490 0.04028 0.03958
0 0.35313 0.99089 0.07431 0.01823
0 0.35174 0.96719 0.08958 0.04479
0 0.35174 0.92787 0.08264 0.04010
0 0.34965 0.89115 0.09236 0.04271
0 0.68958 0.97969 0.06667 0.04062
0 0.68715 0.94870 0.07292 0.05365
0 0.67292 0.91172 0.08333 0.05052
0 0.67500 0.87422 0.07917 0.04531
0 0.67708 0.83516 0.08611 0.04010
0 0.61840 0.98646 0.07986 0.02708
0 0.61076 0.95990 0.09375 0.05521
0 0.60486 0.92474 0.08472 0.04740
0 0.60000 0.88620 0.08889 0.04219
0 0.60382 0.84687 0.09653 0.04167
0 0.60278 0.80651 0.09028 0.04323
0 0.42604 0.97682 0.09375 0.04635
0 0.42778 0.93359 0.09306 0.05156
0 0.42604 0.88307 0.10208 0.05677
0 0.52604 0.98125 0.11181 0.03750
0 0.52465 0.94323 0.11181 0.04896
0 0.51528 0.90521 0.11528 0.04375
0 0.51562 0.86823 0.11042 0.04375
0 0.51979 0.82682 0.10903 0.04427
0 0.29236 0.84713 0.04306 0.04010
0 0.29132 0.80859 0.04653 0.04219
0 0.28438 0.77344 0.03819 0.03750
0 0.28611 0.73646 0.04444 0.04375
0 0.34722 0.85052 0.09028 0.04375
0 0.34931 0.81224 0.08889 0.04323
0 0.42500 0.83438 0.09583 0.04896
0 0.34236 0.77396 0.09306 0.04271
0 0.34479 0.73620 0.09653 0.04010
0 0.28299 0.69896 0.04097 0.03958
0 0.29167 0.65781 0.05694 0.05104
0 0.33924 0.69792 0.08542 0.04583
0 0.31215 0.63750 0.08125 0.04688
0 0.36458 0.66693 0.10000 0.05365
0 0.29965 0.60417 0.07986 0.04062
0 0.29722 0.56953 0.07917 0.04219
0 0.29375 0.53307 0.07361 0.04010
0 0.29826 0.49922 0.07986 0.03906
0 0.29688 0.46458 0.07708 0.03854
0 0.30243 0.43047 0.07708 0.03594
0 0.31215 0.40026 0.08681 0.04115
0 0.32049 0.36589 0.08958 0.03490
0 0.31146 0.33307 0.07153 0.03906
0 0.31424 0.29922 0.07153 0.04010
0 0.30937 0.26719 0.07014 0.03437
0 0.73299 0.77005 0.04514 0.03906
0 0.72847 0.73412 0.04722 0.03698
0 0.72986 0.69896 0.06111 0.04375
0 0.67986 0.80208 0.08194 0.04896
0 0.68160 0.75990 0.07847 0.04375
0 0.69062 0.71615 0.07153 0.05000
0 0.60347 0.76484 0.08889 0.04635
0 0.60833 0.72474 0.09722 0.04844
0 0.42361 0.79088 0.09861 0.04844
0 0.42917 0.74583 0.09722 0.05104
0 0.41979 0.70417 0.08681 0.04792
0 0.52153 0.78620 0.10694 0.04635
0 0.52431 0.74740 0.09722 0.04375
0 0.51354 0.70677 0.10764 0.05521
0 0.39583 0.64115 0.09444 0.04479
0 0.38368 0.60651 0.10625 0.04219
0 0.37049 0.57005 0.09931 0.04115
0 0.37222 0.52891 0.10139 0.04323
0 0.38229 0.50052 0.10903 0.04063
0 0.37882 0.46120 0.11597 0.04427
0 0.38229 0.42422 0.10208 0.04115
0 0.38889 0.38802 0.09583 0.04583
0 0.38403 0.34557 0.09167 0.04427
0 0.38958 0.30495 0.10833 0.04323
0 0.46806 0.68021 0.11528 0.04896
0 0.58299 0.69063 0.11181 0.04896
0 0.66597 0.69818 0.07083 0.04427
0 0.71875 0.66302 0.06389 0.03542
0 0.72188 0.62995 0.05764 0.03385
0 0.72674 0.59687 0.05347 0.03646
0 0.72812 0.56328 0.05764 0.03594
0 0.72743 0.52812 0.06181 0.03750
0 0.72604 0.49661 0.05764 0.03385
0 0.72083 0.46641 0.05972 0.03490
0 0.71979 0.43203 0.05903 0.03906
0 0.72396 0.39609 0.06319 0.04010
0 0.71181 0.36536 0.07222 0.03594
0 0.71354 0.32891 0.06458 0.04115
0 0.70486 0.29375 0.06389 0.03333
0 0.70347 0.26042 0.05694 0.03542
0 0.66076 0.66146 0.08681 0.03958
0 0.67014 0.62865 0.07361 0.03021
0 0.66806 0.59740 0.08750 0.03854
0 0.66250 0.56120 0.09861 0.04010
0 0.66111 0.52760 0.09167 0.03646
0 0.66285 0.49323 0.09375 0.03542
0 0.66562 0.45833 0.08264 0.03646
0 0.66042 0.42474 0.08333 0.03802
0 0.66181 0.39088 0.07917 0.03698
0 0.65104 0.35912 0.08264 0.04219
0 0.65000 0.32135 0.08333 0.03958
0 0.64861 0.28594 0.08056 0.03438
0 0.58368 0.64818 0.10625 0.04427
0 0.59167 0.61042 0.10694 0.04688
0 0.57326 0.57656 0.11458 0.04583
0 0.56563 0.54323 0.10903 0.04271
0 0.57778 0.50990 0.10556 0.04479
0 0.58542 0.47344 0.10139 0.03958
0 0.57292 0.44193 0.11528 0.04740
0 0.58090 0.40260 0.10347 0.03958
0 0.48368 0.65052 0.10208 0.04167
0 0.48507 0.60990 0.11597 0.04583
0 0.46701 0.58125 0.10764 0.04375
0 0.46111 0.54427 0.11667 0.04896
0 0.47257 0.51120 0.11042 0.04115
0 0.47986 0.47604 0.11389 0.04375
0 0.46771 0.44271 0.10347 0.04167
0 0.48229 0.40859 0.11319 0.04219
0 0.47569 0.37552 0.10833 0.03646
0 0.47153 0.34349 0.10417 0.03594
0 0.48333 0.31276 0.10972 0.04010
0 0.57465 0.37448 0.10069 0.03750
0 0.57083 0.33958 0.10139 0.04167
0 0.57361 0.30286 0.09861 0.03906
0 0.70451 0.22656 0.06181 0.04062
0 0.70035 0.19037 0.05486 0.04010
0 0.69861 0.15547 0.05556 0.04219
0 0.69896 0.12083 0.04236 0.03438
0 0.68333 0.08203 0.05000 0.04948
0 0.67882 0.03255 0.03958 0.04115
0 0.67257 0.00755 0.02569 0.01510
0 0.64583 0.25339 0.07361 0.03490
0 0.64722 0.22109 0.08056 0.03802
0 0.63924 0.18490 0.08958 0.04062
0 0.64132 0.15338 0.08125 0.03802
0 0.64028 0.11849 0.08472 0.03906
0 0.63229 0.08437 0.07292 0.04271
0 0.64688 0.05130 0.07569 0.04844
0 0.63889 0.01432 0.06111 0.02865
0 0.27396 0.14609 0.02986 0.02656
0 0.31389 0.23516 0.07500 0.03490
0 0.31597 0.20026 0.08750 0.03906
0 0.31319 0.16276 0.08750 0.04115
0 0.27951 0.11797 0.03819 0.03698
0 0.28090 0.08255 0.03681 0.04115
0 0.28403 0.04609 0.04028 0.03698
0 0.28368 0.01562 0.03403 0.03125
0 0.32083 0.00573 0.05139 0.01146
0 0.31875 0.12422 0.08056 0.04010
0 0.31910 0.08906 0.07014 0.03750
0 0.32431 0.05625 0.06944 0.03437
0 0.32986 0.02214 0.06944 0.04115
0 0.37049 0.00703 0.04236 0.01406
0 0.57569 0.26771 0.09583 0.03750
0 0.57361 0.22917 0.09444 0.04271
0 0.57049 0.19037 0.08403 0.04635
0 0.57083 0.14505 0.08194 0.04948
0 0.56493 0.10365 0.09097 0.04792
0 0.56910 0.06536 0.08819 0.04115
0 0.57847 0.02969 0.09306 0.04167
0 0.57153 0.00833 0.08194 0.01667
0 0.39028 0.26823 0.10278 0.04375
0 0.39340 0.23047 0.09931 0.03802
0 0.39549 0.19349 0.09653 0.03906
0 0.39931 0.16120 0.10139 0.03802
0 0.39618 0.12552 0.10625 0.04271
0 0.39097 0.08984 0.10139 0.04115
0 0.39653 0.05469 0.10556 0.03437
0 0.40382 0.02005 0.09097 0.04010
0 0.48160 0.27734 0.10903 0.03594
0 0.47986 0.24375 0.10972 0.03646
0 0.48472 0.20781 0.10694 0.03854
0 0.48819 0.17344 0.10694 0.04063
0 0.48646 0.13490 0.11042 0.04167
0 0.48785 0.00859 0.09375 0.01719
0 0.47708 0.10078 0.09861 0.03594
0 0.48299 0.06745 0.10625 0.04531
0 0.48958 0.02995 0.10139 0.04219
