0 0.38411 0.33101 0.01719 0.03589
0 0.37240 0.33849 0.01875 0.03689
0 0.36068 0.34596 0.01927 0.03789
0 0.35052 0.35244 0.01354 0.01894
0 0.33672 0.35294 0.01510 0.03190
0 0.32266 0.36042 0.01927 0.04088
0 0.30911 0.36790 0.01198 0.02393
0 0.29453 0.36989 0.02344 0.04387
0 0.27969 0.38136 0.02292 0.04686
0 0.24740 0.38285 0.01354 0.02393
0 0.23073 0.38534 0.02500 0.02493
0 0.18021 0.41077 0.01979 0.02792
0 0.16458 0.42223 0.01667 0.03091
0 0.17500 0.43519 0.02083 0.03290
0 0.15286 0.43519 0.02448 0.04686
0 0.19479 0.42273 0.02187 0.03988
0 0.22708 0.40678 0.01875 0.03390
0 0.21250 0.41127 0.02188 0.03888
0 0.22839 0.44217 0.01719 0.04088
0 0.21536 0.45214 0.02344 0.05085
0 0.19609 0.46411 0.02552 0.05683
0 0.17969 0.47358 0.02292 0.05184
0 0.15859 0.46510 0.02448 0.04088
0 0.13542 0.44716 0.01979 0.02493
0 0.11719 0.45513 0.02396 0.02692
0 0.10625 0.47807 0.01875 0.03490
0 0.07031 0.55932 0.02396 0.04985
0 0.08464 0.49152 0.02656 0.03789
0 0.07005 0.51745 0.02344 0.04786
0 0.13828 0.47408 0.02344 0.03689
0 0.12083 0.48205 0.01979 0.03689
0 0.16224 0.48953 0.02344 0.03789
0 0.14453 0.50449 0.02135 0.04786
0 0.25000 0.47707 0.02396 0.05284
0 0.23542 0.49053 0.02083 0.04985
0 0.21901 0.49801 0.02448 0.05284
0 0.20287 0.50499 0.01823 0.04686
0 0.19062 0.51745 0.02500 0.05583
0 0.17656 0.52642 0.02500 0.05783
0 0.15833 0.53938 0.02604 0.06381
0 0.21042 0.58574 0.00938 0.03290
0 0.20208 0.55982 0.01667 0.04088
0 0.18698 0.56331 0.02083 0.04786
0 0.19323 0.59970 0.02813 0.04686
0 0.17474 0.61914 0.01927 0.05184
0 0.08359 0.57577 0.01719 0.03290
0 0.07760 0.64756 0.01458 0.02493
0 0.15599 0.63310 0.02240 0.05583
0 0.17083 0.57478 0.01875 0.04686
0 0.15469 0.59222 0.01979 0.05184
0 0.13620 0.60419 0.02344 0.05384
0 0.14010 0.63410 0.02500 0.04586
0 0.11484 0.62064 0.02031 0.01695
0 0.11693 0.64606 0.02552 0.03589
0 0.09505 0.65454 0.02552 0.03290
0 0.09609 0.63310 0.02552 0.04187
0 0.10026 0.56331 0.02344 0.02592
0 0.12760 0.56481 0.02604 0.05683
0 0.14349 0.55583 0.01927 0.05085
0 0.12969 0.51745 0.02604 0.05384
0 0.11094 0.53190 0.02292 0.05284
0 0.09844 0.50150 0.02083 0.03789
0 0.08750 0.53689 0.02917 0.05882
0 0.24323 0.40030 0.01458 0.02692
0 0.26172 0.38285 0.01510 0.02592
0 0.27344 0.39731 0.01667 0.03689
0 0.25807 0.39631 0.01823 0.02692
0 0.24323 0.43470 0.01771 0.04586
0 0.26146 0.43071 0.02396 0.05184
0 0.27682 0.42672 0.01406 0.03190
0 0.28750 0.41675 0.01667 0.03390
0 0.29792 0.40927 0.01458 0.04686
0 0.21484 0.54437 0.02448 0.05783
0 0.23151 0.53539 0.01406 0.04586
0 0.24505 0.52443 0.01719 0.04387
0 0.25964 0.51695 0.01719 0.04686
0 0.23490 0.57079 0.02708 0.03888
0 0.25495 0.58275 0.01823 0.02891
0 0.26901 0.56929 0.01719 0.02792
0 0.25573 0.55484 0.01875 0.03490
0 0.28307 0.56331 0.01719 0.02193
0 0.29974 0.55035 0.02760 0.04387
0 0.27708 0.54586 0.02083 0.03689
0 0.27604 0.51296 0.02292 0.04487
0 0.27214 0.46959 0.02760 0.05384
0 0.29375 0.45613 0.02604 0.05284
0 0.33802 0.38634 0.01875 0.03888
0 0.35286 0.37737 0.02240 0.03888
0 0.36562 0.37537 0.01354 0.02891
0 0.39323 0.35892 0.02604 0.03789
0 0.37656 0.36840 0.01458 0.03290
0 0.42005 0.40728 0.01510 0.02692
0 0.40469 0.41027 0.01771 0.02293
0 0.40885 0.38435 0.01771 0.03689
0 0.39062 0.39830 0.02500 0.04885
0 0.37604 0.40728 0.02187 0.05284
0 0.35807 0.41376 0.02552 0.04786
0 0.33828 0.42522 0.02552 0.04686
0 0.32526 0.39880 0.01510 0.04387
0 0.31276 0.40429 0.01927 0.05484
0 0.30703 0.44217 0.01302 0.03888
0 0.32240 0.43968 0.01771 0.04187
0 0.31510 0.46660 0.01667 0.02991
0 0.31120 0.47657 0.01406 0.03190
0 0.32995 0.46261 0.01615 0.03589
0 0.34141 0.45763 0.01510 0.02792
0 0.36719 0.44068 0.01042 0.01994
0 0.37552 0.44018 0.01250 0.01894
0 0.35703 0.44716 0.01615 0.02493
0 0.34531 0.47109 0.01354 0.03290
0 0.35885 0.46361 0.01562 0.03589
0 0.37161 0.46161 0.01406 0.03390
0 0.30781 0.52841 0.01458 0.02792
0 0.34427 0.54835 0.01042 0.01595
0 0.32891 0.55633 0.00990 0.01795
0 0.31901 0.54835 0.01510 0.03190
0 0.31641 0.51944 0.01302 0.02792
0 0.33099 0.49103 0.01302 0.02891
0 0.34141 0.49651 0.01406 0.02592
0 0.35339 0.49551 0.01510 0.03988
0 0.32891 0.52642 0.01927 0.04586
0 0.34349 0.52393 0.01510 0.03888
0 0.43672 0.42971 0.01406 0.02393
0 0.42474 0.42772 0.01302 0.02193
0 0.41380 0.42921 0.01198 0.01894
0 0.40260 0.43170 0.01458 0.02592
0 0.38880 0.43719 0.01406 0.02891
0 0.38333 0.45862 0.01458 0.03988
0 0.39531 0.44965 0.01250 0.03390
0 0.40781 0.45065 0.01458 0.03390
0 0.41901 0.44367 0.01198 0.02991
0 0.43073 0.44865 0.01354 0.03589
0 0.44479 0.44965 0.01562 0.03988
0 0.45651 0.44965 0.01302 0.02991
0 0.46667 0.44965 0.01458 0.02592
0 0.53151 0.47757 0.01406 0.01994
0 0.51797 0.48255 0.01615 0.02991
0 0.50391 0.47408 0.01406 0.03290
0 0.49141 0.47607 0.01302 0.03290
0 0.47995 0.47607 0.01302 0.03490
0 0.55521 0.49751 0.01771 0.03190
0 0.53958 0.49950 0.01667 0.03589
0 0.52526 0.50150 0.01615 0.03390
0 0.51146 0.50399 0.01250 0.02692
0 0.49792 0.50449 0.01667 0.03390
0 0.48542 0.50498 0.01146 0.03091
0 0.47370 0.50897 0.01719 0.03689
0 0.45937 0.50997 0.01354 0.03490
0 0.44714 0.51047 0.01302 0.03988
0 0.43490 0.51346 0.01250 0.03789
0 0.46745 0.47856 0.01510 0.04187
0 0.45495 0.48006 0.01406 0.03689
0 0.44193 0.48006 0.01406 0.04088
0 0.43047 0.47956 0.01302 0.03988
0 0.41875 0.47557 0.01354 0.04187
0 0.42344 0.50748 0.01562 0.03789
0 0.40938 0.51196 0.01354 0.03689
0 0.40677 0.48455 0.01458 0.04387
0 0.39349 0.48106 0.01615 0.04287
0 0.38021 0.48604 0.01458 0.03290
0 0.39583 0.51545 0.01458 0.03988
0 0.38333 0.51595 0.01250 0.04088
0 0.37240 0.52094 0.01562 0.04088
0 0.35677 0.52792 0.01771 0.04686
0 0.36771 0.49302 0.01562 0.03689
0 0.91094 0.44865 0.01771 0.02393
0 0.92370 0.50000 0.01198 0.03490
0 0.91250 0.51446 0.01562 0.04387
0 0.85260 0.59222 0.01562 0.04387
0 0.89818 0.59222 0.01406 0.02991
0 0.91302 0.55384 0.01250 0.04088
0 0.90130 0.56082 0.01823 0.04088
0 0.89922 0.53290 0.01719 0.02692
0 0.87005 0.60618 0.02448 0.04187
0 0.88411 0.57677 0.02240 0.04287
0 0.86328 0.57328 0.02344 0.03988
0 0.88307 0.53888 0.01719 0.04287
0 0.86771 0.53489 0.01667 0.04088
0 0.85443 0.54487 0.01927 0.04287
0 0.82838 0.51346 0.01510 0.03390
0 0.84271 0.50897 0.01875 0.04885
0 0.85417 0.50449 0.01562 0.04387
0 0.86719 0.49152 0.01979 0.05384
0 0.88490 0.49701 0.01771 0.05085
0 0.90026 0.50100 0.01510 0.04686
0 0.92448 0.46062 0.01562 0.04985
0 0.91068 0.48106 0.02240 0.04885
0 0.90990 0.41625 0.01562 0.03888
0 0.89792 0.44018 0.01354 0.02891
0 0.82969 0.37438 0.01458 0.03490
0 0.81510 0.37438 0.01875 0.03290
0 0.80208 0.37936 0.01562 0.03290
0 0.78698 0.37986 0.01458 0.03190
0 0.77266 0.37836 0.01406 0.02891
0 0.76406 0.39631 0.01354 0.03490
0 0.77786 0.40130 0.01719 0.03888
0 0.79297 0.40130 0.01510 0.03689
0 0.80677 0.39930 0.01250 0.03490
0 0.81797 0.40429 0.01094 0.02293
0 0.82838 0.39681 0.01198 0.02592
0 0.84766 0.36840 0.01094 0.02094
0 0.84141 0.38634 0.01406 0.03290
0 0.87109 0.37238 0.00990 0.01296
0 0.89219 0.38036 0.01250 0.01894
0 0.90052 0.39382 0.01042 0.01994
0 0.88411 0.37886 0.01302 0.01196
0 0.88646 0.39282 0.01146 0.02193
0 0.87448 0.38933 0.01354 0.03091
0 0.85859 0.38385 0.01823 0.04387
0 0.89557 0.40927 0.01615 0.03888
0 0.88411 0.42074 0.01510 0.04187
0 0.86927 0.41625 0.01875 0.04487
0 0.85104 0.41226 0.01875 0.04885
0 0.84167 0.42672 0.01771 0.04586
0 0.82865 0.42622 0.01667 0.04686
0 0.81484 0.43220 0.01927 0.04487
0 0.80104 0.43619 0.01458 0.04686
0 0.74948 0.43619 0.01562 0.02493
0 0.76120 0.43619 0.01510 0.04487
0 0.77344 0.44317 0.01667 0.05085
0 0.78750 0.44068 0.01667 0.04985
0 0.74922 0.46909 0.01927 0.04885
0 0.76198 0.47657 0.01875 0.04187
0 0.77604 0.47807 0.01354 0.03490
0 0.79010 0.48106 0.01771 0.04487
0 0.80547 0.47856 0.01406 0.04985
0 0.81979 0.47906 0.02083 0.05085
0 0.83229 0.47109 0.01667 0.04487
0 0.84557 0.46760 0.01615 0.04387
0 0.85807 0.45513 0.01719 0.04287
0 0.87526 0.45214 0.02031 0.04487
0 0.89297 0.45563 0.01823 0.04586
0 0.39661 0.27468 0.01094 0.03290
0 0.40000 0.29013 0.01354 0.03190
0 0.40312 0.24377 0.01250 0.03888
0 0.41458 0.23230 0.01458 0.03789
0 0.43099 0.20040 0.01615 0.01994
0 0.42786 0.21984 0.01198 0.03290
0 0.42005 0.24825 0.01719 0.04387
0 0.40912 0.26969 0.01510 0.03888
0 0.43177 0.40578 0.01667 0.02592
0 0.42448 0.38784 0.01667 0.02193
0 0.41172 0.36191 0.01510 0.03190
0 0.40078 0.33599 0.01615 0.04187
0 0.40729 0.32353 0.01771 0.04686
0 0.41875 0.28116 0.01250 0.02991
0 0.41536 0.31605 0.01302 0.04387
0 0.41901 0.35743 0.01302 0.04088
0 0.47396 0.42323 0.01458 0.01894
0 0.51667 0.45015 0.01354 0.02094
0 0.42188 0.34945 0.01042 0.04487
0 0.43516 0.24826 0.01823 0.03988
0 0.42656 0.31206 0.01771 0.03988
0 0.43255 0.28515 0.01823 0.03589
0 0.42969 0.34447 0.01458 0.02891
0 0.43281 0.37338 0.01562 0.03490
0 0.44792 0.39232 0.01979 0.03091
0 0.46432 0.39880 0.01510 0.03390
0 0.47604 0.40528 0.01354 0.03290
0 0.44219 0.35843 0.01771 0.03888
0 0.45911 0.36840 0.01927 0.03689
0 0.47500 0.37687 0.01667 0.02991
0 0.43958 0.32104 0.01771 0.03988
0 0.45156 0.33151 0.01667 0.04287
0 0.46302 0.33998 0.01458 0.04985
0 0.47656 0.34148 0.01771 0.04885
0 0.48672 0.35593 0.01406 0.04187
0 0.49766 0.35743 0.01510 0.03888
0 0.47891 0.19392 0.01198 0.01496
0 0.48880 0.20040 0.01302 0.01795
0 0.50026 0.20090 0.01094 0.01496
0 0.51016 0.20339 0.01094 0.01196
0 0.44531 0.19990 0.01354 0.02493
0 0.43932 0.21735 0.01302 0.03190
0 0.45755 0.20090 0.01302 0.03091
0 0.46849 0.20439 0.01302 0.03190
0 0.47943 0.21137 0.01510 0.02792
0 0.49297 0.21486 0.01406 0.02692
0 0.45052 0.22483 0.01458 0.02891
0 0.46302 0.23180 0.01250 0.02692
0 0.47266 0.23878 0.01302 0.03490
0 0.48516 0.23729 0.01406 0.03789
0 0.44688 0.25623 0.01667 0.03988
0 0.46016 0.26471 0.02031 0.04287
0 0.47656 0.26919 0.01667 0.04387
0 0.44245 0.28963 0.01302 0.03091
0 0.45338 0.29462 0.01406 0.04088
0 0.46641 0.30010 0.01510 0.04187
0 0.48047 0.30409 0.01510 0.03988
0 0.48932 0.27517 0.01719 0.04187
0 0.49401 0.24327 0.01406 0.03589
0 0.58255 0.21685 0.00990 0.00897
0 0.57213 0.21535 0.00885 0.00997
0 0.56276 0.21186 0.00990 0.01097
0 0.55078 0.20788 0.00990 0.01097
0 0.52162 0.20937 0.01302 0.01795
0 0.53229 0.21137 0.01667 0.01994
0 0.54271 0.21835 0.01250 0.02193
0 0.50234 0.22283 0.01094 0.03290
0 0.51172 0.22134 0.01510 0.02991
0 0.52344 0.22682 0.01771 0.02493
0 0.53411 0.23779 0.01823 0.03490
0 0.55339 0.22233 0.01302 0.02393
0 0.56380 0.22732 0.01510 0.02592
0 0.50703 0.24975 0.01823 0.03091
0 0.50052 0.28465 0.01875 0.04287
0 0.49427 0.31605 0.02083 0.04187
0 0.51875 0.25922 0.02083 0.04387
0 0.51094 0.29811 0.01979 0.03988
0 0.50859 0.33400 0.01927 0.03789
0 0.52266 0.34496 0.01927 0.04786
0 0.52422 0.30209 0.01927 0.04187
0 0.52865 0.26570 0.01771 0.03490
0 0.54505 0.24227 0.01510 0.02991
0 0.55625 0.24776 0.01771 0.03689
0 0.54141 0.27468 0.01823 0.03888
0 0.53412 0.31306 0.01615 0.04586
0 0.55104 0.28514 0.01875 0.03988
0 0.48568 0.41077 0.01198 0.03988
0 0.49661 0.42223 0.01094 0.03091
0 0.49167 0.38833 0.01771 0.03888
0 0.50990 0.42971 0.01771 0.03390
0 0.50495 0.40080 0.01927 0.03390
0 0.50937 0.37338 0.01875 0.04287
0 0.51693 0.41176 0.01302 0.03789
0 0.52266 0.38784 0.01615 0.04187
0 0.52396 0.44068 0.01250 0.02792
0 0.53412 0.45563 0.01406 0.02193
0 0.53750 0.44367 0.01458 0.03190
0 0.55208 0.45663 0.01458 0.03589
0 0.56589 0.46560 0.01406 0.02792
0 0.57891 0.47657 0.01510 0.02792
0 0.59375 0.47408 0.01458 0.03888
0 0.52917 0.42323 0.01562 0.03091
0 0.54453 0.43470 0.01406 0.02991
0 0.55937 0.44267 0.01562 0.03589
0 0.57266 0.45314 0.01406 0.02891
0 0.58698 0.45912 0.01562 0.03290
0 0.53490 0.35992 0.01979 0.04985
0 0.53750 0.40130 0.01875 0.04287
0 0.55182 0.41027 0.01719 0.04487
0 0.56537 0.42223 0.01406 0.03689
0 0.58125 0.42772 0.01979 0.04586
0 0.54870 0.36740 0.01823 0.04487
0 0.54766 0.32453 0.01719 0.04487
0 0.55964 0.33450 0.01823 0.05085
0 0.56146 0.38335 0.01667 0.04885
0 0.57604 0.39083 0.01771 0.04586
0 0.59063 0.39830 0.01875 0.04287
0 0.62500 0.47906 0.01771 0.03290
0 0.63854 0.47856 0.01667 0.02792
0 0.73984 0.45165 0.00885 0.02792
0 0.67135 0.48255 0.01771 0.02592
0 0.65391 0.48155 0.01719 0.02991
0 0.60547 0.46560 0.01510 0.03988
0 0.59609 0.43669 0.01615 0.04387
0 0.72969 0.46411 0.01458 0.02293
0 0.73255 0.43569 0.01927 0.04187
0 0.71432 0.45912 0.02240 0.03689
0 0.69557 0.47009 0.01927 0.03091
0 0.67734 0.46859 0.01823 0.03789
0 0.65938 0.46261 0.01771 0.04387
0 0.64193 0.45813 0.01719 0.04287
0 0.62474 0.45165 0.01719 0.03589
0 0.61094 0.44467 0.01562 0.03789
0 0.60547 0.40479 0.01823 0.04586
0 0.62213 0.41276 0.02135 0.04985
0 0.63646 0.41974 0.02083 0.05583
0 0.65339 0.42871 0.02031 0.05184
0 0.67213 0.43968 0.01927 0.04786
0 0.69401 0.43370 0.02552 0.05583
0 0.57370 0.34696 0.02135 0.04985
0 0.58906 0.35394 0.01771 0.05384
0 0.60286 0.35842 0.02135 0.05484
0 0.61823 0.36939 0.01979 0.05085
0 0.63437 0.37188 0.01875 0.04786
0 0.64922 0.38185 0.01927 0.04985
0 0.58307 0.22233 0.00885 0.01396
0 0.59167 0.22283 0.01042 0.01097
0 0.57526 0.23280 0.01823 0.03091
0 0.60260 0.22682 0.01458 0.01496
0 0.68229 0.25174 0.00625 0.01496
0 0.66771 0.24427 0.00833 0.01396
0 0.65651 0.24377 0.01615 0.02293
0 0.64427 0.24078 0.01354 0.01695
0 0.63151 0.23878 0.01510 0.02094
0 0.61615 0.23031 0.01667 0.01994
0 0.56354 0.29113 0.01458 0.03988
0 0.56693 0.25673 0.01719 0.03689
0 0.58750 0.24028 0.01771 0.02991
0 0.59922 0.24726 0.01823 0.03190
0 0.61406 0.25025 0.01875 0.03589
0 0.62865 0.25424 0.01875 0.03988
0 0.64427 0.26072 0.01562 0.03888
0 0.57838 0.26820 0.02031 0.04387
0 0.59062 0.27468 0.01562 0.04088
0 0.60573 0.27567 0.01771 0.04088
0 0.61875 0.28714 0.01771 0.04387
0 0.63411 0.29162 0.01823 0.04287
0 0.57682 0.30558 0.02031 0.04088
0 0.58984 0.31007 0.01719 0.03988
0 0.60312 0.31655 0.02083 0.04487
0 0.61823 0.32552 0.01667 0.04287
0 0.63359 0.33151 0.01615 0.04487
0 0.67292 0.25125 0.01667 0.01595
0 0.69089 0.25673 0.01719 0.02094
0 0.65833 0.26919 0.01875 0.03988
0 0.64870 0.29910 0.01615 0.04387
0 0.65000 0.33849 0.01771 0.04287
0 0.66328 0.30160 0.01719 0.04885
0 0.67448 0.27069 0.01667 0.03689
0 0.68984 0.27866 0.01823 0.03888
0 0.75807 0.34447 0.01510 0.04487
0 0.75443 0.32602 0.01406 0.04387
0 0.74635 0.33250 0.01354 0.03689
0 0.73854 0.29860 0.02083 0.03689
0 0.72708 0.28016 0.01042 0.02991
0 0.71667 0.26271 0.01354 0.01894
0 0.70781 0.26869 0.01771 0.02891
0 0.71849 0.28116 0.01927 0.02393
0 0.71849 0.29412 0.01927 0.02991
0 0.73177 0.32353 0.01979 0.05085
0 0.71484 0.41725 0.02552 0.05484
0 0.72891 0.39930 0.02448 0.05085
0 0.73412 0.35493 0.02240 0.04187
0 0.69974 0.29362 0.01927 0.04088
0 0.67760 0.30708 0.01979 0.04586
0 0.69037 0.32552 0.02344 0.04287
0 0.71380 0.32702 0.02344 0.04985
0 0.70104 0.35244 0.01979 0.04487
0 0.71771 0.36889 0.01979 0.04387
0 0.69974 0.39382 0.02135 0.04187
0 0.67995 0.40528 0.02135 0.04885
0 0.66406 0.39133 0.01875 0.04885
0 0.68125 0.36042 0.01979 0.04287
0 0.66745 0.34297 0.01823 0.04586
0 0.43932 0.55035 0.01198 0.02592
0 0.42656 0.55085 0.01875 0.02891
0 0.41354 0.55135 0.01667 0.02393
0 0.40182 0.55833 0.01510 0.03589
0 0.38802 0.55533 0.01562 0.02393
0 0.37552 0.55832 0.01458 0.02592
0 0.36432 0.56182 0.01510 0.02293
0 0.35234 0.56730 0.01406 0.02393
0 0.33932 0.56879 0.02031 0.02094
0 0.32370 0.57428 0.01615 0.01795
0 0.30807 0.59571 0.01406 0.02692
0 0.32214 0.59521 0.01510 0.03789
0 0.33594 0.59073 0.01458 0.03290
0 0.34974 0.58973 0.01615 0.03689
0 0.36302 0.58624 0.01354 0.03190
0 0.29662 0.61665 0.01615 0.03490
0 0.30078 0.64506 0.02031 0.03589
0 0.29740 0.70688 0.02083 0.05384
0 0.31146 0.68893 0.02187 0.04786
0 0.37370 0.58475 0.01406 0.03490
0 0.38724 0.58225 0.01719 0.03988
0 0.40182 0.58026 0.01406 0.03589
0 0.41693 0.57827 0.01823 0.03988
0 0.33776 0.62363 0.01198 0.04287
0 0.35052 0.62363 0.01562 0.04686
0 0.36406 0.62114 0.01667 0.05184
0 0.37708 0.62114 0.01458 0.05384
0 0.39010 0.61914 0.01562 0.05184
0 0.40286 0.61765 0.01615 0.05085
0 0.31016 0.63011 0.01927 0.04985
0 0.32604 0.62712 0.01875 0.04387
0 0.33750 0.65902 0.01250 0.03390
0 0.32474 0.66251 0.01615 0.03689
0 0.36198 0.66201 0.01354 0.04387
0 0.34688 0.66550 0.01667 0.04487
0 0.37370 0.66351 0.01406 0.04088
0 0.38698 0.66600 0.01354 0.04387
0 0.40338 0.66301 0.01406 0.04786
0 0.43333 0.56879 0.01562 0.03689
0 0.42500 0.60518 0.01354 0.04586
0 0.41745 0.61964 0.01823 0.04686
0 0.43854 0.59073 0.01562 0.03888
0 0.45599 0.53938 0.01927 0.02393
0 0.44766 0.55882 0.01406 0.03091
0 0.48073 0.52742 0.01458 0.01595
0 0.47214 0.53639 0.01406 0.01595
0 0.46276 0.55633 0.01615 0.02792
0 0.45234 0.58375 0.01510 0.04287
0 0.43802 0.62861 0.01875 0.05085
0 0.45365 0.62064 0.01667 0.04487
0 0.46667 0.58076 0.01667 0.03689
0 0.46823 0.61017 0.01771 0.04187
0 0.48463 0.61515 0.01719 0.04187
0 0.50078 0.62014 0.01615 0.04387
0 0.51016 0.60668 0.01615 0.04487
0 0.48568 0.53440 0.01302 0.01795
0 0.47708 0.55184 0.01667 0.03290
0 0.51380 0.52792 0.01615 0.02094
0 0.49974 0.53141 0.01719 0.01795
0 0.49167 0.55234 0.01562 0.03589
0 0.50677 0.54586 0.01667 0.02692
0 0.52917 0.52592 0.01354 0.02094
0 0.55417 0.52044 0.01458 0.01595
0 0.54245 0.52443 0.01615 0.01396
0 0.52188 0.53739 0.01354 0.02193
0 0.52266 0.55135 0.00990 0.01795
0 0.53516 0.54038 0.01510 0.02792
0 0.56875 0.51845 0.01458 0.01795
0 0.56250 0.53141 0.01562 0.02393
0 0.54974 0.53639 0.01615 0.02393
0 0.48385 0.57677 0.01875 0.04088
0 0.50130 0.57577 0.01510 0.04088
0 0.51484 0.57129 0.01719 0.04586
0 0.53151 0.57029 0.01615 0.04187
0 0.54557 0.56082 0.01823 0.04088
0 0.55963 0.55832 0.01406 0.03789
0 0.39687 0.78963 0.00833 0.00997
0 0.31745 0.76620 0.01510 0.01695
0 0.30807 0.74427 0.02135 0.03490
0 0.33177 0.77717 0.01458 0.01296
0 0.35807 0.77517 0.01094 0.02094
0 0.34583 0.78066 0.01667 0.01795
0 0.33047 0.69541 0.02135 0.04686
0 0.31484 0.73230 0.02135 0.04287
0 0.32760 0.75773 0.01875 0.03190
0 0.34375 0.76171 0.01875 0.03190
0 0.33646 0.73380 0.02500 0.03789
0 0.35495 0.74925 0.01719 0.03888
0 0.35833 0.70588 0.01875 0.04387
0 0.36719 0.68694 0.02083 0.03988
0 0.34349 0.70837 0.02031 0.04487
0 0.37187 0.78465 0.01562 0.01396
0 0.38672 0.78614 0.01406 0.01296
0 0.40912 0.79113 0.01823 0.02094
0 0.42839 0.79511 0.01615 0.01695
0 0.44349 0.79511 0.01510 0.02493
0 0.45859 0.79960 0.01719 0.02193
0 0.47240 0.80110 0.01250 0.01695
0 0.48516 0.80110 0.01510 0.02293
0 0.49844 0.80359 0.01250 0.01994
0 0.51146 0.80409 0.01458 0.02094
0 0.52474 0.80558 0.01094 0.01595
0 0.53724 0.80658 0.01094 0.01994
0 0.36823 0.76969 0.01354 0.02592
0 0.38047 0.77119 0.01510 0.02692
0 0.39401 0.77069 0.01510 0.02991
0 0.40755 0.77218 0.01302 0.02891
0 0.41927 0.77468 0.01354 0.02991
0 0.43203 0.77817 0.01510 0.02493
0 0.44479 0.78016 0.01250 0.01894
0 0.45807 0.78066 0.01510 0.02792
0 0.47266 0.78614 0.01719 0.02891
0 0.48672 0.78515 0.01302 0.02493
0 0.50104 0.78664 0.01979 0.02592
0 0.51771 0.78863 0.01458 0.03190
0 0.53255 0.78913 0.01719 0.03091
0 0.36927 0.74128 0.02083 0.04287
0 0.38307 0.73978 0.01615 0.03988
0 0.37760 0.70489 0.01875 0.04187
0 0.39948 0.74377 0.01875 0.05184
0 0.41589 0.74128 0.01719 0.04686
0 0.42917 0.75224 0.01562 0.03888
0 0.44453 0.75324 0.01510 0.04088
0 0.43932 0.74776 0.01510 0.03190
0 0.45599 0.75025 0.01510 0.03689
0 0.47266 0.75673 0.02031 0.03789
0 0.48958 0.76122 0.01875 0.04088
0 0.50443 0.75723 0.01302 0.04487
0 0.51771 0.75773 0.01458 0.04387
0 0.53177 0.76022 0.01458 0.03888
0 0.39193 0.70688 0.01927 0.04187
0 0.40885 0.69890 0.01771 0.04786
0 0.42812 0.64905 0.01354 0.04187
0 0.41719 0.66201 0.01875 0.04586
0 0.42135 0.70887 0.01771 0.03988
0 0.43542 0.68694 0.02396 0.04586
0 0.43620 0.72632 0.02240 0.04088
0 0.44766 0.70289 0.01406 0.04187
0 0.46198 0.71685 0.02083 0.05184
0 0.48047 0.72233 0.01823 0.04885
0 0.49479 0.72183 0.01979 0.04786
0 0.49375 0.68395 0.02292 0.04187
0 0.47526 0.68395 0.01927 0.04586
0 0.45703 0.67697 0.02031 0.04187
0 0.44792 0.65703 0.02083 0.04187
0 0.46823 0.64606 0.02187 0.03988
0 0.48776 0.64756 0.02031 0.04088
0 0.50287 0.65753 0.01615 0.04686
0 0.50990 0.71386 0.01458 0.05783
0 0.52500 0.72183 0.01771 0.04786
0 0.52578 0.60768 0.01510 0.04487
0 0.54115 0.60369 0.01875 0.04885
0 0.51562 0.67797 0.02083 0.04387
0 0.53151 0.68146 0.01615 0.04287
0 0.51771 0.64257 0.01875 0.03888
0 0.53594 0.64806 0.01771 0.04786
0 0.55182 0.63809 0.01823 0.04586
0 0.55521 0.59621 0.01771 0.05384
0 0.53828 0.72433 0.01615 0.05085
0 0.54557 0.68046 0.01719 0.04287
0 0.55469 0.81057 0.01562 0.01795
0 0.54844 0.79412 0.01562 0.02891
0 0.56302 0.80110 0.01562 0.02094
0 0.55469 0.78514 0.01979 0.02293
0 0.54662 0.75723 0.01823 0.04686
0 0.57604 0.80558 0.01146 0.01994
0 0.57187 0.78564 0.01562 0.02792
0 0.55260 0.71834 0.01458 0.04885
0 0.55963 0.67498 0.01927 0.04985
0 0.56198 0.76171 0.01875 0.04586
0 0.57135 0.75424 0.01667 0.04088
0 0.56510 0.71485 0.01562 0.04586
0 0.59063 0.80808 0.01667 0.02493
0 0.60547 0.80957 0.01406 0.02193
0 0.61875 0.80957 0.01458 0.02193
0 0.63307 0.81007 0.01406 0.01894
0 0.64688 0.81206 0.01458 0.01894
0 0.66094 0.80957 0.01458 0.01994
0 0.67630 0.81007 0.01302 0.02094
0 0.69375 0.80957 0.01354 0.02193
0 0.71120 0.80957 0.01823 0.02991
0 0.73021 0.81107 0.01771 0.02692
0 0.74635 0.80758 0.01354 0.02792
0 0.76198 0.80808 0.01458 0.02293
0 0.77891 0.80409 0.01510 0.02293
0 0.79453 0.80359 0.01615 0.01595
0 0.80938 0.79462 0.01875 0.02193
0 0.58620 0.78714 0.01510 0.02891
0 0.59922 0.78714 0.01510 0.03091
0 0.61276 0.78764 0.01510 0.03190
0 0.62656 0.78814 0.01771 0.03091
0 0.64141 0.78913 0.01615 0.03290
0 0.65547 0.79113 0.01510 0.03290
0 0.58620 0.75374 0.01510 0.04985
0 0.59922 0.75723 0.01510 0.04686
0 0.61328 0.75723 0.01510 0.04487
0 0.62578 0.75523 0.01510 0.04885
0 0.64037 0.74925 0.01615 0.06281
0 0.65443 0.75673 0.01719 0.04586
0 0.57760 0.71087 0.01979 0.05384
0 0.59297 0.71386 0.01615 0.05384
0 0.60651 0.71087 0.01510 0.05783
0 0.62005 0.71486 0.01615 0.05384
0 0.63411 0.71336 0.01510 0.04885
0 0.64766 0.71535 0.01302 0.04487
0 0.66901 0.78963 0.01510 0.03190
0 0.68281 0.79113 0.01458 0.03290
0 0.69609 0.78714 0.01510 0.03290
0 0.71016 0.78764 0.01510 0.03589
0 0.72526 0.78814 0.01615 0.03290
0 0.74037 0.78714 0.01615 0.03888
0 0.75599 0.78465 0.01510 0.03789
0 0.77162 0.78415 0.01823 0.04287
0 0.66953 0.75922 0.01615 0.04487
0 0.68542 0.76022 0.01875 0.04287
0 0.70287 0.75324 0.02031 0.05085
0 0.72031 0.75723 0.01875 0.04487
0 0.73568 0.75025 0.02031 0.05484
0 0.75078 0.74576 0.01719 0.05384
0 0.76849 0.74826 0.01927 0.04885
0 0.78958 0.77916 0.02187 0.04686
0 0.80781 0.77218 0.01875 0.04487
0 0.82995 0.77567 0.01615 0.02592
0 0.82474 0.76022 0.02135 0.04885
0 0.82031 0.73480 0.02292 0.03988
0 0.80130 0.73480 0.01823 0.04985
0 0.78620 0.74676 0.01719 0.04187
0 0.66172 0.71635 0.01823 0.05085
0 0.67448 0.71685 0.01667 0.05184
0 0.68828 0.71785 0.01615 0.05384
0 0.70156 0.71436 0.01771 0.05484
0 0.71797 0.71186 0.01927 0.05384
0 0.73307 0.70588 0.01615 0.05184
0 0.74766 0.70339 0.01615 0.05284
0 0.76458 0.70189 0.02083 0.05384
0 0.78594 0.70538 0.02500 0.05284
0 0.81302 0.69591 0.03125 0.05583
0 0.83854 0.74327 0.01354 0.04088
0 0.83464 0.71087 0.01927 0.04786
0 0.72448 0.50000 0.00833 0.01097
0 0.67708 0.50299 0.00833 0.00897
0 0.69245 0.50199 0.00885 0.01296
0 0.66406 0.50349 0.01250 0.01196
0 0.64922 0.50399 0.01302 0.01296
0 0.63620 0.50598 0.01510 0.01097
0 0.62292 0.50798 0.01146 0.01097
0 0.60938 0.50897 0.01146 0.00897
0 0.59479 0.51396 0.01146 0.01097
0 0.58281 0.51745 0.01250 0.01396
0 0.57656 0.52841 0.01458 0.02393
0 0.59010 0.52891 0.01458 0.02891
0 0.60391 0.52144 0.01510 0.02393
0 0.61797 0.52094 0.01510 0.02692
0 0.63203 0.51894 0.01510 0.02692
0 0.64479 0.51795 0.01250 0.02293
0 0.65859 0.51645 0.01615 0.02592
0 0.67240 0.51545 0.01458 0.02592
0 0.68698 0.51346 0.01667 0.02792
0 0.70312 0.50798 0.01667 0.02692
0 0.71745 0.51097 0.01510 0.02692
0 0.74245 0.50150 0.01406 0.01196
0 0.73333 0.51147 0.02083 0.02792
0 0.75469 0.50698 0.01771 0.01894
0 0.74401 0.51994 0.02240 0.02493
0 0.77995 0.50249 0.02240 0.01396
0 0.77396 0.51595 0.02187 0.02493
0 0.57292 0.55683 0.01354 0.03888
0 0.58776 0.55234 0.01615 0.04187
0 0.60312 0.55483 0.01458 0.05085
0 0.61589 0.54835 0.01510 0.04187
0 0.63021 0.54387 0.01562 0.04088
0 0.64479 0.54636 0.01354 0.04187
0 0.65755 0.54586 0.01510 0.04487
0 0.67109 0.54736 0.01615 0.04586
0 0.68437 0.54586 0.01562 0.04686
0 0.70182 0.54387 0.01927 0.05683
0 0.71823 0.53988 0.01562 0.04088
0 0.73490 0.53938 0.01979 0.03988
0 0.75625 0.53589 0.02500 0.04088
0 0.80755 0.51246 0.01927 0.01795
0 0.79609 0.51595 0.02344 0.02493
0 0.78958 0.53938 0.01875 0.04387
0 0.77656 0.53888 0.01771 0.03689
0 0.56927 0.59272 0.01667 0.04686
0 0.58307 0.59123 0.01615 0.04985
0 0.59609 0.58923 0.01615 0.04786
0 0.60963 0.58824 0.01406 0.04786
0 0.62344 0.58076 0.01562 0.04686
0 0.63724 0.58275 0.01406 0.04686
0 0.65078 0.58325 0.01615 0.04985
0 0.66615 0.58524 0.01667 0.04985
0 0.68229 0.58375 0.01771 0.05882
0 0.69661 0.57627 0.01510 0.04586
0 0.70964 0.57178 0.01302 0.04088
0 0.72240 0.57228 0.01354 0.03789
0 0.73698 0.57129 0.01771 0.04786
0 0.75078 0.56481 0.01719 0.03888
0 0.76693 0.56929 0.01510 0.04786
0 0.78229 0.56979 0.01875 0.03888
0 0.56615 0.63111 0.01667 0.04387
0 0.58125 0.63510 0.01562 0.05384
0 0.59557 0.62812 0.01615 0.04786
0 0.60990 0.62712 0.01771 0.04387
0 0.57396 0.66899 0.01667 0.04586
0 0.58932 0.67049 0.01510 0.04686
0 0.60234 0.66750 0.01510 0.04885
0 0.61693 0.66650 0.01719 0.05284
0 0.63047 0.66849 0.01510 0.05085
0 0.64609 0.66700 0.01823 0.05583
0 0.66016 0.66800 0.01615 0.05184
0 0.67448 0.66600 0.01771 0.05783
0 0.68802 0.66700 0.01667 0.05384
0 0.70208 0.66451 0.01875 0.05085
0 0.71797 0.65952 0.01823 0.05683
0 0.73151 0.65803 0.01510 0.05384
0 0.74583 0.65204 0.01771 0.06381
0 0.76146 0.65105 0.01979 0.05783
0 0.77787 0.65753 0.01823 0.05882
0 0.79609 0.65803 0.01823 0.06181
0 0.62474 0.62513 0.01510 0.04786
0 0.63828 0.62562 0.01302 0.04686
0 0.65234 0.62712 0.01719 0.04786
0 0.66693 0.62762 0.01406 0.04885
0 0.67917 0.62513 0.01667 0.04985
0 0.69453 0.62064 0.01615 0.05085
0 0.70912 0.61565 0.01719 0.05484
0 0.72396 0.61316 0.01667 0.05184
0 0.73828 0.61167 0.01406 0.05085
0 0.75260 0.60568 0.01667 0.05284
0 0.77031 0.60768 0.01979 0.05284
0 0.78802 0.60917 0.01979 0.05184
0 0.79713 0.56929 0.01510 0.04187
0 0.81354 0.58076 0.01979 0.04885
0 0.80651 0.54138 0.01823 0.04187
0 0.83229 0.53440 0.01250 0.02393
0 0.81979 0.52592 0.01875 0.02293
0 0.82370 0.55085 0.01927 0.03490
0 0.83802 0.55882 0.01354 0.03490
0 0.84193 0.59123 0.00990 0.03390
0 0.83021 0.58475 0.01667 0.04287
0 0.83490 0.66401 0.01875 0.05184
0 0.83984 0.62313 0.01615 0.04387
0 0.82370 0.62363 0.02135 0.04885
0 0.81589 0.65304 0.02344 0.04985
0 0.80651 0.60867 0.01927 0.04686
