0 0.50495 0.32852 0.01302 0.01484
0 0.51719 0.30898 0.01146 0.01797
0 0.50547 0.31250 0.01094 0.02188
0 0.51250 0.29102 0.01771 0.01484
0 0.54271 0.30352 0.00938 0.01172
0 0.52891 0.30195 0.01198 0.01797
0 0.53151 0.28203 0.01719 0.01719
0 0.51250 0.27461 0.01667 0.01484
0 0.51172 0.25547 0.01510 0.01719
0 0.53073 0.26367 0.01667 0.01641
0 0.55885 0.29141 0.01042 0.02344
0 0.54635 0.29141 0.01458 0.01719
0 0.55052 0.27227 0.01771 0.01797
0 0.56979 0.28086 0.01250 0.01172
0 0.56510 0.26719 0.01354 0.01562
0 0.54870 0.25313 0.01823 0.01719
0 0.52891 0.24648 0.01719 0.01797
0 0.51484 0.23789 0.01406 0.01641
0 0.51224 0.21992 0.00885 0.01172
0 0.51875 0.21797 0.01042 0.01562
0 0.53281 0.22617 0.01562 0.01484
0 0.55156 0.23555 0.01875 0.02109
0 0.56823 0.24922 0.01562 0.01563
0 0.57187 0.23125 0.01875 0.01875
0 0.58646 0.23359 0.01146 0.01406
0 0.59036 0.21563 0.01406 0.02187
0 0.57240 0.21250 0.02292 0.01719
0 0.54896 0.21484 0.01562 0.01719
0 0.53151 0.20781 0.01406 0.01562
0 0.51875 0.20000 0.00833 0.01250
0 0.59531 0.19336 0.01771 0.02734
0 0.57422 0.19375 0.02656 0.02031
0 0.55078 0.19727 0.01510 0.01797
0 0.53437 0.19102 0.01667 0.01641
0 0.52135 0.18555 0.00938 0.01641
0 0.52188 0.16484 0.00833 0.01406
0 0.53412 0.17266 0.01719 0.02031
0 0.55208 0.17734 0.01875 0.01875
0 0.59453 0.16953 0.01927 0.02031
0 0.57318 0.17344 0.02135 0.01719
0 0.55104 0.15781 0.01771 0.01875
0 0.53490 0.15391 0.01458 0.01875
0 0.52318 0.14805 0.00781 0.01953
0 0.52656 0.12969 0.01146 0.01875
0 0.53906 0.13555 0.01875 0.01953
0 0.55703 0.14062 0.02031 0.01875
0 0.57292 0.15430 0.02708 0.02109
0 0.59505 0.14883 0.01406 0.02109
0 0.59115 0.12812 0.01042 0.01562
0 0.57760 0.13398 0.02083 0.02266
0 0.55859 0.12070 0.01927 0.01953
0 0.54088 0.11563 0.01615 0.01875
0 0.52969 0.11094 0.00937 0.01875
0 0.57891 0.11328 0.02135 0.01562
0 0.55964 0.09961 0.02240 0.02266
0 0.53958 0.09102 0.01771 0.02734
0 0.56875 0.29883 0.01771 0.01641
0 0.57969 0.26289 0.01042 0.01797
0 0.60286 0.22109 0.00885 0.02344
0 0.59141 0.24297 0.01094 0.01875
0 0.60000 0.24727 0.01042 0.01797
0 0.59401 0.26562 0.01406 0.01875
0 0.59870 0.27930 0.01094 0.02422
0 0.58438 0.28750 0.02083 0.01875
0 0.63437 0.16875 0.01146 0.01562
0 0.64037 0.15156 0.01510 0.01094
0 0.64453 0.13945 0.01406 0.01172
0 0.65130 0.12930 0.01198 0.00859
0 0.65625 0.11758 0.01146 0.01172
0 0.66224 0.10664 0.01302 0.01328
0 0.66823 0.09883 0.00625 0.01016
0 0.68099 0.09336 0.01719 0.01328
0 0.67708 0.10508 0.01562 0.01328
0 0.67083 0.11562 0.01458 0.01406
0 0.66536 0.12812 0.01615 0.01406
0 0.66172 0.14023 0.01823 0.01328
0 0.65807 0.15000 0.01719 0.01406
0 0.70156 0.09180 0.01354 0.01484
0 0.69687 0.10273 0.01875 0.02109
0 0.69193 0.11523 0.01823 0.01953
0 0.68750 0.12969 0.01875 0.01875
0 0.68359 0.14375 0.01823 0.02187
0 0.67943 0.15859 0.02031 0.02187
0 0.65234 0.16328 0.02031 0.01719
0 0.67422 0.17227 0.01719 0.02109
0 0.63854 0.19062 0.01771 0.01719
0 0.64583 0.17812 0.01458 0.01875
0 0.66354 0.18203 0.01667 0.01875
0 0.73177 0.13047 0.01042 0.02500
0 0.73151 0.11133 0.01198 0.01797
0 0.71615 0.10273 0.01667 0.02109
0 0.71484 0.11719 0.01823 0.02344
0 0.71094 0.13359 0.01771 0.02656
0 0.70547 0.14883 0.01823 0.02266
0 0.70000 0.16445 0.01458 0.02422
0 0.69193 0.18203 0.01302 0.02813
0 0.72344 0.20430 0.01146 0.02578
0 0.72786 0.14492 0.01198 0.01953
0 0.72396 0.15820 0.01146 0.02109
0 0.71901 0.16992 0.01510 0.02266
0 0.71224 0.18242 0.01615 0.02422
0 0.65469 0.19727 0.01562 0.02109
0 0.68490 0.19648 0.01771 0.02734
0 0.70755 0.19609 0.01406 0.02969
0 0.71589 0.22031 0.00990 0.02187
0 0.71068 0.23633 0.01302 0.02266
0 0.70078 0.21289 0.01406 0.02578
0 0.67240 0.20898 0.01875 0.02266
0 0.63359 0.20625 0.01094 0.02031
0 0.64662 0.21094 0.01615 0.02344
0 0.66667 0.22266 0.01979 0.02656
0 0.69271 0.22344 0.01667 0.02813
0 0.70495 0.24648 0.01198 0.02266
0 0.70026 0.25586 0.01198 0.01797
0 0.68542 0.23750 0.01979 0.02813
0 0.67839 0.25117 0.01719 0.02891
0 0.65677 0.23438 0.02083 0.02187
0 0.63568 0.23398 0.01615 0.02891
0 0.70964 0.27070 0.00885 0.02109
0 0.70495 0.28945 0.00781 0.02266
0 0.69427 0.27070 0.01667 0.03203
0 0.65208 0.25391 0.02292 0.02812
0 0.67162 0.26445 0.01615 0.02891
0 0.68542 0.28555 0.01667 0.02891
0 0.69740 0.30195 0.01250 0.02422
0 0.68021 0.30117 0.01667 0.03516
0 0.69141 0.31992 0.01198 0.02422
0 0.68359 0.33555 0.01302 0.02734
0 0.67422 0.34219 0.01510 0.03125
0 0.68021 0.36289 0.01771 0.02109
0 0.65964 0.35742 0.02552 0.03203
0 0.64010 0.32266 0.02188 0.03125
0 0.65755 0.32852 0.01823 0.02891
0 0.67005 0.31328 0.01927 0.02969
0 0.66354 0.28203 0.01979 0.02656
0 0.65104 0.29883 0.01979 0.02891
0 0.63073 0.29297 0.01458 0.02969
0 0.62813 0.26719 0.00729 0.01875
0 0.64193 0.27031 0.01927 0.02812
0 0.63073 0.24609 0.01354 0.02344
0 0.71641 0.29453 0.01406 0.03125
0 0.70677 0.31875 0.01354 0.02500
0 0.71484 0.32500 0.01406 0.02813
0 0.75833 0.20039 0.01562 0.02109
0 0.76562 0.18125 0.02083 0.02500
0 0.77188 0.16016 0.01875 0.02344
0 0.77995 0.13594 0.02135 0.02500
0 0.79479 0.14648 0.02500 0.02734
0 0.78776 0.16992 0.02448 0.02891
0 0.82031 0.15000 0.02917 0.03281
0 0.81354 0.17500 0.02396 0.03125
0 0.80417 0.20273 0.02604 0.03203
0 0.77917 0.19805 0.02292 0.03516
0 0.76094 0.21523 0.01771 0.02422
0 0.75443 0.24336 0.01615 0.03047
0 0.76771 0.25703 0.02708 0.02656
0 0.77370 0.23125 0.02448 0.03437
0 0.80104 0.22852 0.03229 0.03672
0 0.79479 0.25391 0.02500 0.03281
0 0.82708 0.21133 0.01979 0.04609
0 0.87630 0.21758 0.00990 0.02422
0 0.86563 0.20078 0.01875 0.03594
0 0.84713 0.19805 0.02240 0.04141
0 0.84089 0.23008 0.02448 0.03672
0 0.86120 0.23164 0.01510 0.03359
0 0.87109 0.23867 0.00885 0.02109
0 0.86510 0.26094 0.01667 0.02187
0 0.85026 0.26211 0.01615 0.02422
0 0.82917 0.26367 0.02188 0.04141
0 0.74037 0.34258 0.00677 0.01953
0 0.74141 0.31953 0.00990 0.02812
0 0.74349 0.29336 0.01094 0.02109
0 0.74974 0.27070 0.01094 0.01953
0 0.76172 0.28281 0.02448 0.02656
0 0.80885 0.27539 0.02292 0.04453
0 0.78828 0.28398 0.02760 0.03359
0 0.78490 0.30703 0.02604 0.03125
0 0.85963 0.28203 0.01198 0.02500
0 0.84505 0.28477 0.01719 0.02734
0 0.83229 0.30078 0.02292 0.02813
0 0.82448 0.31602 0.02500 0.02891
0 0.85365 0.30000 0.01042 0.02344
0 0.84609 0.31914 0.01406 0.02422
0 0.84063 0.33906 0.01250 0.02187
0 0.83750 0.35781 0.01042 0.02500
0 0.82708 0.34336 0.01667 0.03047
0 0.80677 0.32930 0.02187 0.03984
0 0.82292 0.36719 0.01562 0.02969
0 0.80599 0.36055 0.02031 0.03047
0 0.78620 0.34844 0.02969 0.04375
0 0.77370 0.33594 0.02552 0.03750
0 0.75625 0.31484 0.02708 0.03750
0 0.69766 0.34258 0.01510 0.02891
0 0.70781 0.35469 0.01667 0.03125
0 0.75469 0.35078 0.02500 0.04219
0 0.74323 0.36406 0.01458 0.02031
0 0.73776 0.38281 0.00781 0.01562
0 0.69297 0.36562 0.01302 0.02031
0 0.70469 0.38359 0.01667 0.02812
0 0.68854 0.38789 0.01771 0.01953
0 0.68411 0.40859 0.01510 0.02187
0 0.69557 0.40977 0.01719 0.02422
0 0.70781 0.40898 0.01250 0.02266
0 0.75521 0.39141 0.02812 0.03750
0 0.73672 0.40742 0.01198 0.03359
0 0.76250 0.45547 0.02292 0.02969
0 0.78255 0.45469 0.02031 0.03281
0 0.79583 0.46523 0.01458 0.01328
0 0.80625 0.46211 0.01042 0.01172
0 0.80104 0.44687 0.01667 0.02500
0 0.81380 0.44180 0.00990 0.02422
0 0.83203 0.37969 0.01094 0.02344
0 0.82656 0.40078 0.01042 0.02656
0 0.82005 0.42109 0.01094 0.02188
0 0.81458 0.39453 0.01667 0.03125
0 0.80625 0.41875 0.01875 0.02656
0 0.79531 0.38164 0.02917 0.03047
0 0.78750 0.39805 0.02917 0.03203
0 0.78776 0.42617 0.02240 0.03359
0 0.76771 0.41680 0.01979 0.03672
0 0.74714 0.42852 0.02448 0.03516
0 0.89505 0.17656 0.00990 0.02344
0 0.90312 0.17656 0.01146 0.02500
0 0.91588 0.15625 0.01615 0.02031
0 0.91562 0.17305 0.01458 0.02422
0 0.99271 0.24922 0.01458 0.02500
0 0.99427 0.22227 0.01146 0.02266
0 0.99609 0.20078 0.00781 0.01719
0 0.98854 0.18359 0.02292 0.02969
0 0.97057 0.18125 0.01823 0.03281
0 0.95130 0.17930 0.02240 0.03203
0 0.93047 0.17305 0.01615 0.02578
0 0.88359 0.22422 0.00885 0.02031
0 0.89088 0.19961 0.01302 0.02266
0 0.89375 0.21563 0.01250 0.02187
0 0.90573 0.19883 0.01354 0.02578
0 0.91953 0.20039 0.01406 0.02734
0 0.93854 0.19766 0.02292 0.03281
0 0.98203 0.20937 0.02135 0.02500
0 0.95964 0.20937 0.02031 0.02969
0 0.97838 0.23477 0.02552 0.02891
0 0.95312 0.23125 0.02396 0.02813
0 0.93073 0.22305 0.02083 0.02578
0 0.91016 0.22578 0.01823 0.02500
0 0.88073 0.24492 0.01042 0.02891
0 0.89088 0.23906 0.01615 0.02188
0 0.90599 0.24844 0.01719 0.02344
0 0.92760 0.24570 0.02292 0.02422
0 0.94713 0.25430 0.02552 0.02578
0 0.97188 0.25742 0.02292 0.02734
0 0.99245 0.26992 0.01510 0.02422
0 0.99479 0.35781 0.01042 0.02500
0 0.99635 0.33437 0.00729 0.02344
0 0.99010 0.29180 0.01979 0.02578
0 0.96823 0.28125 0.02708 0.02812
0 0.94401 0.27812 0.02344 0.02344
0 0.92240 0.27031 0.01979 0.02500
0 0.90182 0.27070 0.02240 0.02266
0 0.88776 0.26016 0.01406 0.01875
0 0.87240 0.26992 0.01146 0.01953
0 0.87891 0.28203 0.02031 0.02344
0 0.98672 0.31094 0.01927 0.02500
0 0.96276 0.30195 0.02656 0.02578
0 0.93854 0.29570 0.02188 0.02266
0 0.91667 0.28789 0.01875 0.02422
0 0.89609 0.29219 0.01719 0.02031
0 0.87787 0.30039 0.01510 0.01484
0 0.85990 0.33047 0.00937 0.02031
0 0.86615 0.31211 0.01458 0.01953
0 0.86745 0.29453 0.00573 0.01719
0 0.87344 0.31875 0.01667 0.02031
0 0.89271 0.30937 0.01979 0.01406
0 0.91432 0.30977 0.01927 0.02422
0 0.98255 0.33398 0.02240 0.02734
0 0.96042 0.32305 0.02292 0.02734
0 0.93724 0.31680 0.02240 0.02109
0 0.93151 0.33750 0.02448 0.02656
0 0.95521 0.34297 0.02292 0.02500
0 0.97786 0.35391 0.02135 0.02500
0 0.99063 0.38125 0.01458 0.02031
0 0.97292 0.37383 0.02292 0.02578
0 0.95052 0.36289 0.02500 0.02891
0 0.94635 0.37930 0.02500 0.02266
0 0.92240 0.37461 0.02083 0.02422
0 0.92422 0.35508 0.02552 0.02422
0 0.90938 0.33203 0.01979 0.02969
0 0.88906 0.32930 0.01979 0.02266
0 0.86719 0.34023 0.01667 0.02266
0 0.88516 0.35039 0.02344 0.02266
0 0.90156 0.36055 0.02187 0.02891
0 0.89583 0.38398 0.02500 0.02891
0 0.87865 0.36758 0.02083 0.02109
0 0.86198 0.36055 0.01458 0.01797
0 0.87187 0.38750 0.01771 0.02344
0 0.85599 0.38086 0.01302 0.02266
0 0.84453 0.39180 0.00781 0.02109
0 0.84844 0.36914 0.00625 0.02266
0 0.85469 0.34883 0.00833 0.01953
0 0.91823 0.39336 0.02083 0.02891
0 0.94219 0.39922 0.02187 0.02812
0 0.96875 0.39375 0.01875 0.02500
0 0.98463 0.40156 0.01510 0.02031
0 0.97995 0.41641 0.01302 0.01875
0 0.96380 0.40977 0.01927 0.02734
0 0.97500 0.43906 0.01667 0.02656
0 0.95651 0.42891 0.01927 0.02969
0 0.93542 0.41953 0.02708 0.02969
0 0.91068 0.41523 0.02135 0.03047
0 0.88802 0.40742 0.02188 0.02578
0 0.85078 0.40195 0.01510 0.02109
0 0.86667 0.40859 0.02083 0.02500
0 0.96693 0.45625 0.01823 0.01719
0 0.95000 0.45039 0.01771 0.02578
0 0.92865 0.44102 0.02708 0.02891
0 0.90443 0.43359 0.02344 0.02656
0 0.88151 0.42617 0.02344 0.02578
0 0.83984 0.41055 0.00781 0.01328
0 0.84479 0.42188 0.01667 0.02031
0 0.86250 0.42773 0.01875 0.02266
0 0.87656 0.44922 0.02083 0.02500
0 0.89948 0.45352 0.02396 0.02891
0 0.92135 0.46250 0.02188 0.02969
0 0.96016 0.47461 0.01198 0.02109
0 0.95104 0.49297 0.00937 0.01250
0 0.94297 0.47188 0.02240 0.02813
0 0.93672 0.49258 0.02240 0.03047
0 0.92839 0.51016 0.01823 0.02812
0 0.91719 0.52852 0.01875 0.02109
0 0.89870 0.52305 0.01927 0.02422
0 0.90755 0.50391 0.02656 0.02969
0 0.88255 0.50000 0.02135 0.02813
0 0.86484 0.48945 0.02240 0.01641
0 0.85286 0.47344 0.02031 0.02188
0 0.83698 0.46758 0.01458 0.01797
0 0.83203 0.45391 0.00990 0.01875
0 0.91588 0.48086 0.02448 0.02578
0 0.89245 0.47695 0.02344 0.02578
0 0.87109 0.46875 0.02135 0.02812
0 0.85729 0.44883 0.01875 0.02422
0 0.84323 0.44492 0.01562 0.01797
0 0.83568 0.43437 0.01198 0.02187
