0 0.44226 0.38588 0.02887 0.02512
0 0.41513 0.39108 0.03695 0.02858
0 0.48932 0.39086 0.03753 0.02815
0 0.47633 0.40191 0.04042 0.02945
0 0.51848 0.40494 0.03811 0.02512
0 0.50318 0.41858 0.02829 0.02555
0 0.53407 0.42638 0.03464 0.02988
0 0.55312 0.45366 0.02079 0.02555
0 0.57563 0.49913 0.01501 0.02469
0 0.56293 0.47683 0.02079 0.02425
0 0.54301 0.47640 0.02483 0.02425
0 0.52714 0.44868 0.03349 0.02858
0 0.48643 0.43460 0.03637 0.02815
0 0.45150 0.42724 0.02425 0.02555
0 0.42783 0.41230 0.03580 0.03378
0 0.37818 0.38588 0.01155 0.00780
0 0.36259 0.39801 0.02425 0.03291
0 0.38655 0.40537 0.04677 0.03291
0 0.37471 0.43417 0.03349 0.02555
0 0.32996 0.42724 0.05485 0.03248
0 0.27338 0.42443 0.03406 0.02772
0 0.28233 0.43417 0.02309 0.01949
0 0.22633 0.49654 0.01386 0.01949
0 0.23528 0.47445 0.01559 0.02209
0 0.24884 0.45063 0.02309 0.02382
0 0.25318 0.47033 0.02945 0.03118
0 0.22344 0.51646 0.01617 0.01776
0 0.22229 0.53097 0.01386 0.01473
0 0.22286 0.54894 0.01732 0.02382
0 0.24856 0.50498 0.03060 0.02685
0 0.24769 0.53270 0.03233 0.02945
0 0.24394 0.55847 0.02714 0.02469
0 0.41888 0.44327 0.03406 0.02815
0 0.50289 0.46340 0.03349 0.02425
0 0.48614 0.48268 0.03002 0.02382
0 0.45468 0.45431 0.03868 0.02858
0 0.42465 0.47423 0.03406 0.02772
0 0.37904 0.46189 0.03291 0.02555
0 0.37500 0.48549 0.03176 0.02339
0 0.32044 0.44695 0.04157 0.03291
0 0.30572 0.47315 0.04099 0.02988
0 0.30543 0.50260 0.03926 0.02382
0 0.27512 0.54201 0.04099 0.02469
0 0.30572 0.52663 0.03637 0.01992
0 0.34613 0.52122 0.02252 0.02295
0 0.32275 0.55197 0.03349 0.02209
0 0.37038 0.55197 0.03291 0.02036
0 0.38366 0.53270 0.02829 0.01906
0 0.37587 0.51039 0.03811 0.02209
0 0.41888 0.50022 0.03406 0.02252
0 0.42725 0.52187 0.03695 0.02425
0 0.46391 0.50563 0.03406 0.02469
0 0.52945 0.49567 0.03118 0.02382
0 0.50722 0.51408 0.03176 0.02599
0 0.47344 0.53465 0.03002 0.02122
0 0.43389 0.54526 0.03406 0.01906
0 0.51876 0.54114 0.03522 0.02815
0 0.50173 0.55782 0.03464 0.02252
0 0.56149 0.49935 0.02136 0.02512
0 0.57535 0.53551 0.01443 0.01169
0 0.57015 0.52295 0.02136 0.02642
0 0.54734 0.51429 0.02887 0.03248
0 0.57131 0.55175 0.02136 0.02339
0 0.55341 0.54288 0.02945 0.02988
0 0.57419 0.64747 0.02945 0.02339
0 0.57823 0.62321 0.02367 0.02599
0 0.57131 0.60719 0.03060 0.02339
0 0.57044 0.58835 0.02771 0.02382
0 0.57015 0.56908 0.02367 0.01732
0 0.54244 0.56540 0.03291 0.01949
0 0.54417 0.58727 0.02829 0.02512
0 0.54532 0.60849 0.02945 0.02425
0 0.55110 0.62798 0.03060 0.02339
0 0.21247 0.58727 0.01617 0.02165
0 0.21940 0.57168 0.01963 0.02425
0 0.22662 0.59030 0.02021 0.01819
0 0.24134 0.58012 0.02309 0.02469
0 0.20092 0.62971 0.01848 0.02945
0 0.22257 0.63404 0.01790 0.01819
0 0.22662 0.60849 0.02829 0.02079
0 0.23990 0.62213 0.03060 0.02122
0 0.32535 0.61325 0.03406 0.02079
0 0.31033 0.59745 0.03406 0.02295
0 0.31611 0.57514 0.03984 0.01992
0 0.27771 0.56886 0.03811 0.02469
0 0.27425 0.59181 0.03695 0.02295
0 0.26848 0.61152 0.03464 0.01819
0 0.28262 0.62062 0.03868 0.01992
0 0.32968 0.63231 0.03695 0.01732
0 0.36605 0.62559 0.02887 0.01776
0 0.36547 0.60459 0.03233 0.02425
0 0.36721 0.57557 0.03464 0.02252
0 0.41166 0.56345 0.03464 0.02165
0 0.46189 0.56518 0.02656 0.02165
0 0.50635 0.58077 0.03349 0.02079
0 0.50693 0.60264 0.03349 0.02122
0 0.51184 0.62538 0.03176 0.01819
0 0.46247 0.63036 0.03233 0.01689
0 0.45728 0.60849 0.03926 0.01906
0 0.45901 0.58770 0.03118 0.01819
0 0.41311 0.58575 0.03291 0.01602
0 0.40878 0.60611 0.03233 0.01689
0 0.41166 0.62365 0.03118 0.01386
0 0.40531 0.64075 0.03580 0.01689
0 0.36432 0.64552 0.03233 0.02382
0 0.59238 0.70074 0.01039 0.01646
0 0.58256 0.68774 0.02079 0.01559
0 0.57939 0.66782 0.02714 0.02512
0 0.41426 0.68688 0.02598 0.02079
0 0.41513 0.66544 0.03580 0.01862
0 0.45150 0.64812 0.03349 0.01776
0 0.49711 0.64985 0.03811 0.02036
0 0.45785 0.66977 0.03695 0.01949
0 0.46363 0.68818 0.03580 0.02079
0 0.54013 0.65136 0.02945 0.02165
0 0.51357 0.66825 0.03060 0.02252
0 0.49913 0.68969 0.02483 0.01949
0 0.47488 0.70767 0.03060 0.02079
0 0.43331 0.71373 0.02714 0.02945
0 0.56005 0.66587 0.02309 0.02295
0 0.56264 0.69207 0.02136 0.02425
0 0.54013 0.68558 0.03176 0.02945
0 0.52107 0.70463 0.03060 0.02599
0 0.49336 0.72542 0.02598 0.02252
0 0.46363 0.73885 0.03580 0.02165
0 0.58660 0.74318 0.01963 0.02772
0 0.58401 0.72304 0.02483 0.02728
0 0.57650 0.71048 0.02483 0.03681
0 0.55774 0.71763 0.03118 0.02425
0 0.52973 0.72715 0.03291 0.02945
0 0.51588 0.75184 0.03753 0.01992
0 0.55658 0.74794 0.03349 0.02858
0 0.57794 0.76483 0.02887 0.02425
0 0.57102 0.75487 0.03002 0.02599
0 0.58632 0.77783 0.02021 0.01386
0 0.58458 0.80749 0.01559 0.01776
0 0.58256 0.79407 0.01732 0.01429
0 0.56120 0.78302 0.01848 0.01472
0 0.56409 0.80056 0.01963 0.02469
0 0.57794 0.83088 0.01963 0.03595
0 0.56697 0.85643 0.02194 0.02815
0 0.55023 0.88155 0.02656 0.02382
0 0.31611 0.65266 0.04215 0.02339
0 0.28435 0.64184 0.03984 0.02339
0 0.23066 0.71221 0.01559 0.01689
0 0.20035 0.65656 0.01732 0.02079
0 0.19082 0.68580 0.01443 0.02122
0 0.18389 0.70377 0.01443 0.01732
0 0.19919 0.70507 0.01501 0.02165
0 0.20381 0.67952 0.02079 0.02252
0 0.21363 0.65569 0.02194 0.01819
0 0.24336 0.64032 0.02829 0.02469
0 0.23701 0.66392 0.02829 0.02339
0 0.22835 0.68190 0.02136 0.02209
0 0.21594 0.69835 0.01848 0.02122
0 0.17898 0.73105 0.01848 0.02512
0 0.19111 0.72499 0.01963 0.01906
0 0.20814 0.72802 0.02252 0.01819
0 0.36605 0.67194 0.03926 0.02122
0 0.32823 0.69272 0.03176 0.01602
0 0.27367 0.66522 0.03695 0.02425
0 0.27223 0.68471 0.02945 0.01559
0 0.24423 0.69532 0.02540 0.02902
0 0.23759 0.72954 0.02945 0.02209
0 0.26703 0.71373 0.03176 0.02079
0 0.27483 0.73820 0.03464 0.02122
0 0.29128 0.70030 0.02598 0.01646
0 0.31495 0.67605 0.03637 0.01992
0 0.37384 0.69576 0.03984 0.02122
0 0.33314 0.71459 0.03349 0.02512
0 0.30254 0.72196 0.02887 0.01906
0 0.32419 0.73928 0.02829 0.02512
0 0.36172 0.72997 0.03522 0.02295
0 0.39463 0.71503 0.02714 0.01819
0 0.41282 0.73560 0.03464 0.02469
0 0.37529 0.75617 0.03695 0.01992
0 0.33228 0.76592 0.03637 0.01862
0 0.18216 0.82092 0.01790 0.01949
0 0.17523 0.79298 0.01328 0.02599
0 0.18101 0.75227 0.02252 0.02165
0 0.19024 0.76613 0.02021 0.02599
0 0.21363 0.75249 0.02887 0.03162
0 0.27887 0.76375 0.04273 0.02815
0 0.24163 0.75509 0.02367 0.02295
0 0.23181 0.77133 0.02598 0.01646
0 0.20843 0.78714 0.02656 0.02902
0 0.18938 0.79732 0.02540 0.03205
0 0.18331 0.83608 0.01790 0.01429
0 0.19746 0.86704 0.01732 0.02079
0 0.19226 0.84517 0.01963 0.02382
0 0.20728 0.82893 0.02771 0.03551
0 0.23095 0.81247 0.03580 0.03032
0 0.24913 0.78995 0.03060 0.02772
0 0.21391 0.88978 0.02252 0.01689
0 0.23672 0.89758 0.02771 0.02469
0 0.21622 0.86661 0.02829 0.03032
0 0.23961 0.84690 0.03580 0.03421
0 0.25664 0.87722 0.02945 0.02555
0 0.54850 0.77090 0.02656 0.01992
0 0.53840 0.80663 0.02483 0.02902
0 0.34700 0.82265 0.02771 0.02122
0 0.33718 0.88415 0.03695 0.02036
0 0.29561 0.87614 0.03233 0.02512
0 0.26848 0.84452 0.03464 0.03205
0 0.26443 0.81291 0.03233 0.02772
0 0.29561 0.78627 0.03811 0.02642
0 0.34555 0.79082 0.03753 0.03118
0 0.31697 0.81182 0.04273 0.02555
0 0.30023 0.83629 0.04042 0.02339
0 0.33256 0.85275 0.04157 0.02772
0 0.52945 0.78584 0.02887 0.02469
0 0.50318 0.77393 0.03753 0.02512
0 0.47460 0.76267 0.03580 0.02425
0 0.39232 0.77674 0.03753 0.02382
0 0.43216 0.76353 0.03522 0.02772
0 0.42321 0.80186 0.03695 0.03421
0 0.38308 0.80424 0.03522 0.02772
0 0.47055 0.79060 0.03811 0.02642
0 0.45785 0.81464 0.03811 0.02252
0 0.50808 0.81356 0.04388 0.02642
0 0.48528 0.83153 0.03868 0.02945
0 0.56062 0.83586 0.02425 0.02858
0 0.54272 0.86748 0.03695 0.02858
0 0.53320 0.83954 0.03637 0.02988
0 0.50577 0.86769 0.03464 0.03335
0 0.47921 0.86033 0.04734 0.03075
0 0.51184 0.89736 0.03868 0.02858
0 0.49452 0.92118 0.03637 0.02165
0 0.45756 0.91988 0.03637 0.02425
0 0.47142 0.89303 0.03868 0.02685
0 0.42494 0.91208 0.03926 0.02252
0 0.43822 0.87960 0.04042 0.02685
0 0.42350 0.85535 0.04099 0.02945
0 0.42061 0.82980 0.03176 0.02165
0 0.38539 0.83478 0.04330 0.03075
0 0.37182 0.86618 0.04273 0.02858
0 0.39290 0.88978 0.04215 0.03595
