0 0.81953 0.18750 0.02656 0.01667
0 0.78672 0.17812 0.02656 0.01875
0 0.75859 0.17083 0.02344 0.02083
0 0.72891 0.16563 0.02344 0.02292
0 0.70000 0.16250 0.02500 0.02500
0 0.71484 0.17604 0.02656 0.01458
0 0.66953 0.16563 0.02656 0.03125
0 0.67891 0.17604 0.02969 0.03125
0 0.64609 0.15937 0.02656 0.02292
0 0.64766 0.17812 0.02656 0.03125
0 0.62187 0.15521 0.02500 0.02708
0 0.60000 0.15625 0.02500 0.02917
0 0.57734 0.15625 0.02969 0.02917
0 0.54609 0.15521 0.03281 0.03125
0 0.51719 0.15625 0.02500 0.03333
0 0.49297 0.14896 0.02656 0.03125
0 0.46797 0.14896 0.03281 0.03542
0 0.62266 0.18021 0.02969 0.03125
0 0.59531 0.18021 0.03125 0.03542
0 0.56719 0.18125 0.03125 0.03750
0 0.53828 0.18021 0.03281 0.03958
0 0.50859 0.18125 0.02969 0.04583
0 0.48594 0.17604 0.02812 0.04375
0 0.43906 0.14687 0.02813 0.03542
0 0.41250 0.14062 0.02812 0.02708
0 0.46094 0.17708 0.02188 0.03333
0 0.43750 0.17292 0.03125 0.03750
0 0.41094 0.16250 0.02812 0.02500
0 0.39375 0.13854 0.01875 0.03125
0 0.37109 0.13542 0.03281 0.03333
0 0.34531 0.12812 0.02187 0.02292
0 0.16250 0.07500 0.04688 0.02083
0 0.53125 0.22500 0.03437 0.02917
0 0.55859 0.23333 0.02969 0.04583
0 0.58594 0.23854 0.03438 0.06458
0 0.61641 0.23750 0.03594 0.07917
0 0.64766 0.23958 0.03281 0.07083
0 0.67578 0.23958 0.02969 0.07083
0 0.73281 0.23542 0.02500 0.06667
0 0.70703 0.24271 0.03906 0.07708
0 0.78906 0.21354 0.03438 0.03125
0 0.85156 0.23229 0.03750 0.02708
0 0.81563 0.21875 0.03125 0.02500
0 0.81016 0.25208 0.04219 0.07500
0 0.84531 0.26042 0.03438 0.06250
0 0.90000 0.29479 0.03125 0.06458
0 0.87969 0.27292 0.03750 0.07083
0 0.72500 0.28021 0.02812 0.03125
0 0.68984 0.29063 0.02969 0.05208
0 0.66016 0.29167 0.03906 0.05833
0 0.63047 0.28125 0.02969 0.03750
0 0.88359 0.43021 0.02031 0.03125
0 0.86484 0.42500 0.02656 0.02917
0 0.84141 0.41771 0.02031 0.02292
0 0.83281 0.37708 0.02188 0.07083
0 0.88203 0.38437 0.02656 0.06875
0 0.86094 0.37708 0.04062 0.07500
0 0.87109 0.31875 0.04219 0.06250
0 0.83516 0.31146 0.04219 0.06875
0 0.68672 0.89792 0.02656 0.02917
0 0.65469 0.90312 0.03750 0.03125
0 0.61953 0.91042 0.03594 0.02917
0 0.58672 0.90833 0.03281 0.03750
0 0.55469 0.91458 0.03750 0.02917
0 0.63359 0.88333 0.03906 0.03750
0 0.59688 0.88542 0.03750 0.04167
0 0.61406 0.85833 0.03125 0.02083
0 0.52031 0.91562 0.03750 0.03542
0 0.48906 0.92292 0.02187 0.01667
0 0.46484 0.91875 0.03281 0.04583
0 0.43516 0.92083 0.02969 0.04583
0 0.40781 0.92917 0.02813 0.02917
0 0.38125 0.93333 0.03125 0.03333
0 0.35391 0.93333 0.03281 0.03333
0 0.32656 0.93854 0.03125 0.02708
0 0.29688 0.93750 0.03438 0.02917
0 0.26797 0.93542 0.02969 0.02917
0 0.56406 0.89062 0.03125 0.03958
0 0.53125 0.89167 0.04062 0.04167
0 0.49453 0.89583 0.03594 0.04583
0 0.45391 0.89375 0.04219 0.04167
0 0.41328 0.89896 0.03906 0.03958
0 0.37734 0.89896 0.03906 0.05208
0 0.34609 0.90521 0.03281 0.04792
0 0.31563 0.91042 0.03437 0.04583
0 0.28281 0.91146 0.03750 0.03958
0 0.57969 0.85312 0.04062 0.05208
0 0.54375 0.85104 0.03750 0.05625
0 0.50547 0.85104 0.03906 0.05625
0 0.46953 0.85625 0.03906 0.06250
0 0.43750 0.85625 0.03125 0.06250
0 0.40391 0.85208 0.04219 0.06667
0 0.36484 0.85521 0.03906 0.06042
0 0.32578 0.85625 0.04531 0.07083
0 0.29062 0.86250 0.04063 0.07083
0 0.26172 0.86875 0.03594 0.06250
0 0.22656 0.62708 0.02188 0.05417
0 0.33281 0.68854 0.03125 0.03125
0 0.30312 0.67083 0.03125 0.05000
0 0.27266 0.67396 0.03594 0.07708
0 0.23906 0.66875 0.03750 0.07083
0 0.43437 0.75312 0.03437 0.04792
0 0.40391 0.74583 0.02969 0.06250
0 0.37187 0.73438 0.03750 0.08125
0 0.33906 0.73646 0.03750 0.08958
0 0.30313 0.72812 0.03750 0.07708
0 0.27188 0.73750 0.03750 0.08333
0 0.23750 0.73750 0.03437 0.07917
0 0.54609 0.80417 0.02031 0.02083
0 0.51875 0.80313 0.03750 0.04375
0 0.47969 0.79375 0.04062 0.06250
0 0.44063 0.79167 0.04063 0.06250
0 0.39687 0.80000 0.04688 0.06667
0 0.35859 0.79688 0.03906 0.06875
0 0.32344 0.79375 0.03438 0.07083
0 0.28984 0.80000 0.03594 0.07917
0 0.25391 0.80625 0.03594 0.07500
0 0.23750 0.93958 0.02813 0.03333
0 0.25234 0.91562 0.03594 0.04792
0 0.21875 0.90104 0.03438 0.06042
0 0.22969 0.87292 0.04062 0.07083
0 0.22109 0.81042 0.04219 0.07083
0 0.20625 0.74583 0.03437 0.07917
0 0.20391 0.67813 0.04219 0.06875
0 0.72031 0.35625 0.03125 0.03333
0 0.75156 0.37917 0.04062 0.04167
0 0.78125 0.39792 0.04062 0.03750
0 0.81562 0.41979 0.03438 0.03958
0 0.85234 0.44688 0.04219 0.04792
0 0.88359 0.46146 0.04219 0.04375
0 0.91875 0.49375 0.04062 0.05833
0 0.95000 0.51250 0.04062 0.05417
0 0.13828 0.53125 0.03281 0.04583
0 0.16953 0.55000 0.03594 0.04167
0 0.19922 0.56562 0.03594 0.04792
0 0.23203 0.58854 0.03906 0.04792
0 0.26406 0.61458 0.03437 0.05000
0 0.29531 0.63125 0.03437 0.04167
0 0.32734 0.65417 0.03281 0.04167
0 0.42109 0.71667 0.03281 0.02917
0 0.53359 0.77604 0.04531 0.04792
0 0.35781 0.67604 0.02813 0.03958
0 0.38906 0.69896 0.03750 0.02708
0 0.49844 0.76562 0.05000 0.03125
0 0.46328 0.74063 0.04219 0.03125
0 0.20078 0.08333 0.03281 0.02917
0 0.23438 0.09271 0.04688 0.03125
0 0.27031 0.10417 0.03750 0.02917
0 0.29609 0.11875 0.03594 0.03333
0 0.32422 0.13854 0.04219 0.03542
0 0.36172 0.15625 0.04531 0.04167
0 0.39375 0.17083 0.03750 0.03333
0 0.42578 0.19479 0.04219 0.04375
0 0.46094 0.21458 0.05000 0.04583
0 0.48984 0.23646 0.04531 0.04375
0 0.52422 0.25417 0.05156 0.05000
0 0.55703 0.27812 0.04531 0.05208
0 0.58906 0.30104 0.05000 0.06042
0 0.62500 0.32604 0.04688 0.05625
0 0.66328 0.35000 0.04844 0.05833
0 0.70000 0.37604 0.04688 0.06458
0 0.73281 0.39271 0.04062 0.05208
0 0.76406 0.42188 0.04688 0.06042
0 0.80000 0.44479 0.04375 0.06875
0 0.83125 0.46250 0.03750 0.05833
0 0.86406 0.48750 0.04688 0.06667
0 0.90156 0.50833 0.04062 0.07083
0 0.93984 0.53646 0.04219 0.06875
0 0.05078 0.42083 0.04219 0.06250
0 0.08516 0.44479 0.04219 0.07292
0 0.12578 0.47500 0.05469 0.07500
0 0.16250 0.50417 0.05000 0.08333
0 0.20469 0.52500 0.04063 0.07500
0 0.23516 0.54896 0.03906 0.08542
0 0.26641 0.56667 0.03594 0.07917
0 0.30234 0.59271 0.04844 0.08125
0 0.33672 0.61771 0.05156 0.08125
0 0.36875 0.64896 0.04063 0.08958
0 0.40547 0.66875 0.04844 0.07500
0 0.43750 0.69479 0.04062 0.06875
0 0.47188 0.71354 0.04688 0.07292
0 0.50781 0.74271 0.04688 0.06042
0 0.54297 0.76250 0.04844 0.06250
0 0.57500 0.79375 0.04375 0.07500
0 0.61172 0.81563 0.04531 0.06875
0 0.64922 0.83958 0.04531 0.07083
0 0.68203 0.86771 0.04219 0.06042
0 0.71562 0.88958 0.04062 0.05833
0 0.75547 0.90938 0.04219 0.06042
0 0.79062 0.93646 0.04063 0.03958
0 0.02656 0.35000 0.04688 0.08750
0 0.06328 0.36979 0.05156 0.08542
0 0.11406 0.39167 0.06250 0.09583
0 0.15000 0.41354 0.05313 0.10208
0 0.18594 0.43646 0.05625 0.10208
0 0.22031 0.45625 0.05312 0.10000
0 0.25625 0.47396 0.05625 0.11042
0 0.28828 0.49792 0.05781 0.12083
0 0.31953 0.51667 0.05156 0.10417
0 0.35391 0.54167 0.05469 0.10417
0 0.38516 0.56042 0.05469 0.10417
0 0.42031 0.58958 0.06250 0.10000
0 0.45937 0.62396 0.05937 0.11042
0 0.49453 0.65521 0.05469 0.09792
0 0.52969 0.68229 0.05625 0.09375
0 0.56953 0.71250 0.05469 0.08750
0 0.60625 0.73646 0.05313 0.08958
0 0.64062 0.76667 0.05625 0.08333
0 0.67813 0.79688 0.05625 0.07708
0 0.71328 0.82083 0.05469 0.08750
0 0.75234 0.84583 0.05469 0.08750
0 0.79062 0.87708 0.05625 0.08333
0 0.07812 0.11979 0.04063 0.04792
0 0.12266 0.11146 0.06406 0.06875
0 0.16875 0.12083 0.06250 0.07917
0 0.18984 0.13333 0.06094 0.07500
0 0.22500 0.13750 0.05937 0.07083
0 0.25156 0.15313 0.06875 0.07708
0 0.28828 0.17083 0.06406 0.07500
0 0.31953 0.18958 0.06406 0.07083
0 0.35391 0.21771 0.06406 0.08542
0 0.38906 0.22917 0.06250 0.08750
0 0.42422 0.25313 0.05781 0.07708
0 0.45703 0.27500 0.06406 0.08333
0 0.49062 0.30208 0.06563 0.08750
0 0.52969 0.32917 0.06563 0.08750
0 0.56406 0.35104 0.06875 0.09375
0 0.59844 0.37813 0.06563 0.08958
0 0.63437 0.40417 0.06563 0.09583
0 0.66875 0.42813 0.07187 0.09792
0 0.71172 0.46042 0.06406 0.10417
0 0.74688 0.48750 0.05937 0.10000
0 0.77734 0.51146 0.05781 0.09375
0 0.81562 0.53333 0.05937 0.10000
0 0.85859 0.56562 0.05781 0.10625
0 0.89453 0.59375 0.06094 0.10833
0 0.92656 0.61875 0.05937 0.11250
0 0.04922 0.18437 0.05469 0.08125
0 0.02813 0.27500 0.05000 0.11250
0 0.06250 0.25938 0.05938 0.11875
0 0.09141 0.29063 0.05469 0.12292
0 0.12422 0.29583 0.05156 0.11667
0 0.16250 0.30833 0.05938 0.11667
0 0.19297 0.33229 0.06406 0.11458
0 0.23828 0.34792 0.06406 0.12500
0 0.27891 0.37604 0.06406 0.11458
0 0.31953 0.40312 0.06719 0.11042
0 0.35625 0.43125 0.07188 0.12083
0 0.39766 0.45104 0.06406 0.11458
0 0.43984 0.48229 0.07031 0.11875
0 0.47422 0.51250 0.07031 0.11250
0 0.50547 0.54792 0.07031 0.12083
0 0.54453 0.58125 0.07031 0.12083
0 0.58281 0.61563 0.06563 0.11875
0 0.62734 0.63333 0.06406 0.12500
0 0.08984 0.17500 0.05781 0.07500
0 0.12188 0.19062 0.06250 0.09792
0 0.16719 0.20208 0.05938 0.10417
0 0.19922 0.22396 0.05469 0.11042
0 0.23125 0.23542 0.06250 0.10417
0 0.26641 0.25208 0.05781 0.09583
0 0.29844 0.26875 0.06562 0.10000
0 0.33125 0.30104 0.06250 0.10208
0 0.36719 0.31771 0.06563 0.11042
0 0.40391 0.34167 0.06719 0.10833
0 0.43906 0.36875 0.06250 0.11250
0 0.47500 0.39167 0.06563 0.10417
0 0.50859 0.42188 0.06406 0.10625
0 0.54844 0.44375 0.06875 0.10833
0 0.58906 0.47500 0.06563 0.11250
0 0.62109 0.50625 0.07344 0.11667
0 0.65859 0.53646 0.06406 0.12292
0 0.69063 0.56458 0.07187 0.10833
0 0.66016 0.66875 0.07031 0.12083
0 0.73203 0.59063 0.06719 0.12292
0 0.69609 0.70000 0.07656 0.12917
0 0.73594 0.72396 0.06875 0.11875
0 0.77188 0.74896 0.06875 0.12292
0 0.80313 0.77500 0.06875 0.11250
0 0.84062 0.80521 0.06250 0.11875
0 0.83438 0.94792 0.04063 0.06250
0 0.83203 0.90208 0.05156 0.07083
0 0.87891 0.83229 0.06094 0.13125
0 0.97734 0.56979 0.04531 0.07292
0 0.96250 0.65208 0.05625 0.11250
0 0.76797 0.61667 0.06719 0.12083
0 0.81016 0.63437 0.06406 0.11875
0 0.84297 0.67083 0.07344 0.11250
0 0.88203 0.70104 0.06719 0.11875
0 0.92031 0.73229 0.06875 0.12708
0 0.96250 0.75833 0.07188 0.10833
