0 0.40130 0.05039 0.01510 0.04609
0 0.43411 0.04453 0.05781 0.08906
0 0.39609 0.11289 0.05469 0.08359
0 0.47630 0.02500 0.03906 0.05000
0 0.49505 0.07109 0.04115 0.07188
0 0.51302 0.11797 0.02917 0.06875
0 0.51641 0.14453 0.02448 0.02656
0 0.45417 0.08789 0.06354 0.08359
0 0.48099 0.17578 0.04948 0.03906
0 0.47318 0.13164 0.05990 0.06797
0 0.40729 0.15000 0.06250 0.07500
0 0.42162 0.19961 0.06094 0.06641
0 0.35208 0.20898 0.05833 0.07422
0 0.36094 0.25391 0.05625 0.05937
0 0.31198 0.27109 0.03542 0.06094
0 0.31563 0.29844 0.03021 0.02656
0 0.52031 0.29492 0.05937 0.05391
0 0.53438 0.33477 0.06458 0.07422
0 0.54349 0.38555 0.05885 0.08047
0 0.56068 0.43477 0.05781 0.07734
0 0.46615 0.35977 0.06458 0.07266
0 0.48021 0.40430 0.06250 0.07578
0 0.49661 0.45547 0.06615 0.08125
0 0.43177 0.50078 0.05938 0.07344
0 0.41875 0.45273 0.06146 0.07422
0 0.40443 0.40781 0.05990 0.07187
0 0.45287 0.53711 0.06719 0.07578
0 0.51953 0.50820 0.06719 0.08359
0 0.57344 0.48477 0.04375 0.06328
0 0.58594 0.52852 0.03542 0.06328
0 0.53594 0.56133 0.06146 0.06953
0 0.47370 0.59141 0.06615 0.07656
0 0.49635 0.62891 0.06042 0.07031
0 0.59714 0.57617 0.03177 0.05703
0 0.55755 0.61484 0.06615 0.08281
0 0.51146 0.67344 0.05729 0.06406
0 0.60495 0.62969 0.03281 0.05625
0 0.57292 0.67422 0.06458 0.07656
0 0.53490 0.72734 0.04479 0.06719
0 0.61875 0.67734 0.01979 0.04531
0 0.63047 0.73633 0.01198 0.04609
0 0.59010 0.72812 0.06562 0.08125
0 0.55599 0.77969 0.03073 0.05937
0 0.60469 0.78516 0.06563 0.07344
0 0.61823 0.83789 0.06354 0.06797
0 0.62917 0.88945 0.04688 0.07734
0 0.64375 0.94063 0.02188 0.04531
0 0.65495 0.97383 0.01094 0.02734
