0 0.42839 0.42646 0.02969 0.04358
0 0.41042 0.46809 0.03437 0.06615
0 0.38255 0.52996 0.03073 0.06537
0 0.42526 0.74825 0.03281 0.04280
0 0.48412 0.78638 0.04844 0.05370
0 0.45495 0.74942 0.02760 0.04981
0 0.88828 0.62218 0.07656 0.12062
0 0.96875 0.75020 0.06250 0.06693
0 0.58802 0.69183 0.03750 0.10895
0 0.37344 0.61051 0.02708 0.08016
0 0.39844 0.61712 0.02604 0.08872
0 0.41719 0.62218 0.02604 0.09416
0 0.44115 0.62529 0.03333 0.09883
0 0.47083 0.62257 0.03438 0.11051
0 0.50000 0.60117 0.04271 0.10350
0 0.53359 0.59805 0.04427 0.10506
0 0.56771 0.58988 0.04375 0.09650
0 0.60104 0.59377 0.04375 0.10117
0 0.63411 0.59261 0.04844 0.09105
0 0.66120 0.60233 0.03281 0.09027
0 0.65703 0.37549 0.02865 0.01479
0 0.63151 0.37587 0.02865 0.01712
0 0.60026 0.37665 0.03490 0.01868
0 0.56667 0.38560 0.03229 0.03035
0 0.53672 0.38911 0.03906 0.03891
0 0.49844 0.39183 0.04583 0.03191
0 0.46276 0.39572 0.03594 0.02568
0 0.44948 0.41790 0.03333 0.03113
0 0.47891 0.41751 0.03385 0.02879
0 0.51016 0.41128 0.03802 0.03346
0 0.54297 0.40700 0.03073 0.03424
0 0.57891 0.39650 0.03802 0.04280
0 0.60417 0.39922 0.03854 0.04358
0 0.63021 0.39766 0.04167 0.03891
0 0.67995 0.70389 0.04115 0.12062
0 0.39870 0.53346 0.03177 0.07393
0 0.41771 0.53735 0.02813 0.07237
0 0.44167 0.52763 0.03125 0.07160
0 0.46563 0.52568 0.02396 0.07860
0 0.49297 0.52918 0.03281 0.07938
0 0.51927 0.52218 0.02500 0.06848
0 0.53724 0.51946 0.03490 0.06926
0 0.56458 0.50973 0.03646 0.07315
0 0.59557 0.50973 0.03385 0.06537
0 0.43646 0.45953 0.03333 0.05992
0 0.45573 0.45837 0.03125 0.06537
0 0.47214 0.45642 0.03802 0.06148
0 0.49713 0.45642 0.03385 0.06459
0 0.52266 0.45292 0.03177 0.06537
0 0.54609 0.44903 0.03385 0.06381
0 0.57422 0.44436 0.03906 0.05603
0 0.60547 0.44397 0.04219 0.06615
0 0.63099 0.51012 0.04115 0.07549
0 0.63724 0.44475 0.04010 0.06304
0 0.66667 0.44552 0.04896 0.06304
0 0.76719 0.46498 0.05625 0.07393
0 0.86563 0.94475 0.05104 0.04202
0 0.84635 0.89922 0.05729 0.05370
0 0.79844 0.88755 0.04375 0.07082
0 0.75911 0.87510 0.03073 0.06148
0 0.72630 0.86265 0.03490 0.05992
0 0.68672 0.85331 0.03906 0.03813
0 0.65859 0.84553 0.03281 0.05370
0 0.62917 0.84202 0.03229 0.04981
0 0.91641 0.95292 0.05781 0.03813
0 0.96406 0.95409 0.03125 0.03113
0 0.98750 0.97549 0.02500 0.04903
0 0.98646 0.89533 0.02708 0.10661
0 0.97552 0.80895 0.04896 0.07237
0 0.91042 0.84786 0.02187 0.05214
0 0.89714 0.90000 0.04010 0.06304
0 0.94427 0.88988 0.05417 0.09105
0 0.92604 0.80817 0.04792 0.05992
0 0.87682 0.82412 0.04844 0.09027
0 0.82187 0.80973 0.05208 0.09572
0 0.77031 0.80000 0.02917 0.07471
0 0.73906 0.80078 0.02917 0.08249
0 0.70912 0.80078 0.02969 0.06693
0 0.67266 0.79922 0.03490 0.06070
0 0.63359 0.78560 0.04219 0.05992
0 0.60026 0.78444 0.03385 0.06381
0 0.57500 0.78171 0.04375 0.07082
0 0.55208 0.78249 0.03750 0.07237
0 0.52604 0.77315 0.02604 0.06770
0 0.50208 0.76537 0.02188 0.05370
0 0.92318 0.74008 0.05156 0.07004
0 0.67031 0.39027 0.04479 0.04125
0 0.70338 0.39027 0.04219 0.04280
0 0.73620 0.39689 0.03802 0.03580
0 0.76328 0.40623 0.03177 0.03268
0 0.79740 0.41051 0.05000 0.03813
0 0.83906 0.41440 0.04375 0.03502
0 0.87187 0.41518 0.03750 0.02879
0 0.91120 0.41945 0.04635 0.04047
0 0.95182 0.43035 0.05365 0.03735
0 0.98646 0.44903 0.02708 0.03891
0 0.94271 0.46420 0.05000 0.03191
0 0.97396 0.66654 0.05208 0.08794
0 0.97526 0.57432 0.04948 0.06848
0 0.96172 0.52918 0.05781 0.08560
0 0.91667 0.50350 0.04583 0.09027
0 0.87266 0.54358 0.06094 0.08794
0 0.89037 0.45642 0.05156 0.04591
0 0.84792 0.45642 0.05208 0.05837
0 0.80833 0.45798 0.03646 0.05214
0 0.73516 0.45486 0.04740 0.07082
0 0.70182 0.45136 0.04323 0.08093
0 0.93203 0.63385 0.06823 0.10662
0 0.88333 0.72451 0.05208 0.09339
0 0.83958 0.70350 0.04792 0.10739
0 0.79713 0.70661 0.04740 0.10428
0 0.75313 0.69961 0.04688 0.09961
0 0.82318 0.61167 0.05677 0.09494
0 0.77344 0.60000 0.05000 0.10117
0 0.71589 0.70623 0.04010 0.10662
0 0.64896 0.69961 0.02500 0.09183
0 0.62031 0.69844 0.03542 0.10195
0 0.56016 0.69144 0.03073 0.08638
0 0.53359 0.69105 0.02135 0.08093
0 0.51016 0.68755 0.02135 0.09261
0 0.48958 0.69533 0.02188 0.08171
0 0.46719 0.71012 0.03021 0.06148
0 0.43802 0.70545 0.02396 0.06459
0 0.41276 0.70350 0.02865 0.06070
0 0.38177 0.68366 0.02708 0.07082
0 0.72995 0.60039 0.03802 0.10195
0 0.69453 0.60311 0.03490 0.08560
0 0.81823 0.52412 0.05312 0.07082
0 0.76745 0.52023 0.04427 0.06926
0 0.71693 0.52257 0.05052 0.06615
0 0.67135 0.51984 0.04375 0.08405
