0 0.01376 0.20375 0.02752 0.01750
0 0.01376 0.11500 0.02752 0.02000
0 0.01376 0.13875 0.02752 0.02250
0 0.00917 0.17875 0.01835 0.02250
0 0.01376 0.15875 0.02752 0.01750
0 0.01376 0.22625 0.02752 0.03250
0 0.01835 0.26750 0.03670 0.02500
0 0.01376 0.29000 0.02752 0.02000
0 0.01376 0.31500 0.02752 0.02000
0 0.00917 0.35375 0.01835 0.01250
0 0.01376 0.33750 0.02752 0.02500
0 0.01376 0.37000 0.02752 0.02000
0 0.01376 0.39375 0.02752 0.02750
0 0.01376 0.41625 0.02752 0.01750
0 0.01376 0.44000 0.02752 0.02000
0 0.01376 0.46375 0.02752 0.02250
0 0.01376 0.48750 0.02752 0.02500
0 0.01376 0.51125 0.02752 0.02250
0 0.01835 0.53250 0.03670 0.02000
0 0.01835 0.55500 0.03670 0.03000
0 0.01835 0.58250 0.03670 0.03000
0 0.01376 0.60375 0.02752 0.01750
0 0.01376 0.63000 0.02752 0.02500
0 0.01376 0.66875 0.02752 0.03250
0 0.01835 0.69875 0.03670 0.02750
0 0.01376 0.73000 0.02752 0.02500
0 0.01376 0.75125 0.02752 0.01750
0 0.01835 0.77500 0.03670 0.02500
0 0.01376 0.80125 0.02752 0.02750
0 0.04587 0.75500 0.03670 0.02000
0 0.04587 0.77375 0.03670 0.02250
0 0.05046 0.89375 0.02752 0.01250
0 0.01376 0.87000 0.02752 0.01500
0 0.00917 0.84875 0.01835 0.01750
0 0.01376 0.82750 0.02752 0.02000
0 0.90826 0.00750 0.05505 0.01500
0 0.88532 0.02500 0.04587 0.02000
0 0.87615 0.04625 0.04587 0.02750
0 0.96789 0.00625 0.06422 0.01250
0 0.92661 0.02125 0.05505 0.02250
0 0.96789 0.02625 0.06422 0.03250
0 0.84862 0.07625 0.04587 0.03250
0 0.84404 0.10375 0.05505 0.02250
0 0.97706 0.05000 0.04587 0.02000
0 0.97706 0.06875 0.04587 0.02250
0 0.91284 0.04500 0.08257 0.03000
0 0.90826 0.07125 0.09174 0.02750
0 0.96789 0.09125 0.06422 0.03250
0 0.90826 0.09625 0.09174 0.02750
0 0.77523 0.20125 0.04587 0.01750
0 0.73395 0.12375 0.07339 0.02750
0 0.83945 0.13750 0.06422 0.05000
0 0.85321 0.17250 0.05505 0.03000
0 0.87615 0.25250 0.08257 0.02000
0 0.85321 0.23125 0.03670 0.02250
0 0.86697 0.21125 0.02752 0.01750
0 0.88532 0.19375 0.10092 0.01750
0 0.88991 0.12000 0.09174 0.03000
0 0.89450 0.14500 0.08257 0.03000
0 0.90826 0.17375 0.07339 0.02750
0 0.96789 0.11875 0.06422 0.02750
0 0.95872 0.14625 0.08257 0.03250
0 0.96330 0.17125 0.07339 0.02750
0 0.96330 0.19500 0.07339 0.02500
0 0.96330 0.22000 0.07339 0.02500
0 0.95872 0.24250 0.08257 0.03000
0 0.91284 0.20625 0.06422 0.02250
0 0.90367 0.23125 0.08257 0.02750
0 0.85780 0.29500 0.06422 0.05500
0 0.96330 0.27000 0.07339 0.02500
0 0.97248 0.29000 0.05505 0.02500
0 0.97706 0.31125 0.04587 0.02250
0 0.90367 0.25750 0.08257 0.03000
0 0.90826 0.28375 0.09174 0.02750
0 0.92202 0.30500 0.10092 0.02500
0 0.86239 0.33125 0.03670 0.01750
0 0.98165 0.33125 0.03670 0.02250
0 0.91743 0.32875 0.11009 0.02250
0 0.86239 0.35125 0.03670 0.02250
0 0.98165 0.35125 0.03670 0.02250
0 0.92202 0.34875 0.10092 0.02750
0 0.86239 0.37375 0.05505 0.02250
0 0.98165 0.37250 0.03670 0.02000
0 0.91743 0.37250 0.09174 0.02500
0 0.87615 0.39500 0.04587 0.02500
0 0.99083 0.41375 0.01835 0.02250
0 0.98624 0.39250 0.02752 0.02000
0 0.93578 0.39125 0.09174 0.02250
0 0.88073 0.41500 0.03670 0.02500
0 0.94037 0.40875 0.10092 0.02750
0 0.90826 0.43250 0.05505 0.02500
0 0.95413 0.43375 0.09174 0.02250
0 0.89908 0.45625 0.05505 0.02250
0 0.95413 0.45250 0.09174 0.02500
0 0.90367 0.47750 0.04587 0.02500
0 0.95413 0.47500 0.09174 0.02500
0 0.90367 0.50000 0.06422 0.02500
0 0.90367 0.52250 0.04587 0.02500
0 0.95872 0.50000 0.08257 0.03000
0 0.95413 0.52250 0.09174 0.03000
0 0.90826 0.55125 0.05505 0.03250
0 0.94495 0.56000 0.11009 0.05500
0 0.95413 0.56125 0.09174 0.02750
0 0.96330 0.58500 0.07339 0.02500
0 0.95413 0.60625 0.09174 0.02250
0 0.90826 0.63875 0.05505 0.02750
0 0.92661 0.66750 0.05505 0.02000
0 0.93119 0.68750 0.04587 0.02000
0 0.96330 0.62875 0.07339 0.02250
0 0.96789 0.65000 0.06422 0.03000
0 0.97248 0.67125 0.05505 0.01750
0 0.97248 0.69125 0.05505 0.02250
0 0.96330 0.71250 0.07339 0.02500
0 0.96789 0.73625 0.06422 0.03750
0 0.98165 0.76500 0.03670 0.02500
0 0.98624 0.79000 0.02752 0.02500
0 0.98624 0.81375 0.02752 0.02250
0 0.99083 0.84375 0.01835 0.02250
0 0.99083 0.86625 0.01835 0.01750
0 0.14679 0.00625 0.05505 0.01250
0 0.04587 0.80500 0.01835 0.02000
0 0.04587 0.82625 0.05505 0.02250
0 0.05505 0.58750 0.03670 0.02000
0 0.04587 0.61125 0.03670 0.01750
0 0.83945 0.39375 0.02752 0.02250
0 0.85321 0.41625 0.03670 0.02250
0 0.83027 0.35875 0.04587 0.01750
0 0.82569 0.33875 0.05505 0.01750
0 0.82569 0.31750 0.05505 0.02000
0 0.85321 0.46500 0.05505 0.03000
0 0.85780 0.44000 0.04587 0.02500
0 0.86697 0.53750 0.04587 0.02500
0 0.85780 0.51375 0.04587 0.02250
0 0.85321 0.48750 0.05505 0.02500
0 0.04587 0.73375 0.03670 0.02250
0 0.04128 0.70750 0.04587 0.02000
0 0.04587 0.68625 0.03670 0.02250
0 0.04587 0.66375 0.03670 0.02250
0 0.04587 0.63750 0.03670 0.02000
0 0.72477 0.09000 0.05505 0.02000
0 0.70642 0.13000 0.09174 0.02500
0 0.67890 0.10250 0.11009 0.02500
0 0.64220 0.07375 0.11009 0.02750
0 0.57339 0.09375 0.10092 0.02750
0 0.54128 0.06500 0.09174 0.03000
0 0.44495 0.07875 0.11927 0.02750
0 0.63303 0.04750 0.11009 0.02000
0 0.63303 0.03000 0.09174 0.02000
0 0.52752 0.03500 0.10092 0.02500
0 0.41743 0.04750 0.11927 0.03000
0 0.60092 0.01000 0.10092 0.02000
0 0.51376 0.01000 0.07339 0.02000
0 0.42661 0.01375 0.11927 0.02750
0 0.30734 0.00750 0.11927 0.01500
0 0.31193 0.02875 0.12844 0.02750
0 0.30275 0.05375 0.12844 0.02750
0 0.72477 0.18500 0.09174 0.03000
0 0.72477 0.15625 0.11009 0.03250
0 0.59633 0.14875 0.12844 0.02750
0 0.61009 0.12125 0.10092 0.02250
0 0.46789 0.10875 0.11009 0.02750
0 0.47706 0.13625 0.11009 0.02750
0 0.76605 0.29875 0.11927 0.03250
0 0.76605 0.26625 0.11927 0.03750
0 0.74771 0.21625 0.10092 0.03250
0 0.61009 0.17375 0.13762 0.03250
0 0.64220 0.25500 0.12844 0.03000
0 0.66514 0.23000 0.15596 0.02500
0 0.62844 0.20375 0.13762 0.02750
0 0.48165 0.16500 0.13761 0.03000
0 0.33027 0.08125 0.11009 0.02750
0 0.33486 0.10625 0.10092 0.02750
0 0.34862 0.13375 0.12844 0.02750
0 0.34862 0.16125 0.12844 0.02750
0 0.49083 0.19750 0.11927 0.03500
0 0.50459 0.23250 0.16514 0.03000
0 0.50459 0.26000 0.14679 0.02500
0 0.50459 0.28750 0.16514 0.03000
0 0.65596 0.27500 0.13761 0.02500
0 0.74771 0.32375 0.11927 0.02250
0 0.65138 0.30750 0.11009 0.03000
0 0.50917 0.31250 0.15596 0.02500
0 0.35321 0.24000 0.15596 0.02500
0 0.35780 0.21625 0.16514 0.02750
0 0.36238 0.19000 0.13761 0.02500
0 0.35321 0.26000 0.13761 0.02500
0 0.36239 0.28625 0.17431 0.02750
0 0.75229 0.35000 0.12844 0.02500
0 0.63761 0.34000 0.11927 0.03000
0 0.49083 0.33500 0.17431 0.02500
0 0.35780 0.31125 0.14679 0.02250
0 0.33945 0.33500 0.14679 0.03000
0 0.32110 0.36125 0.14679 0.02750
0 0.20183 0.37125 0.11009 0.02250
0 0.19266 0.34750 0.12844 0.02500
0 0.21101 0.32125 0.12844 0.02750
0 0.22018 0.29250 0.11009 0.03000
0 0.21101 0.26125 0.14679 0.03250
0 0.21560 0.23000 0.11927 0.02500
0 0.12844 0.07500 0.07339 0.04500
0 0.11468 0.10750 0.08257 0.02500
0 0.12385 0.13375 0.10092 0.03250
0 0.12385 0.15750 0.10092 0.02500
0 0.11009 0.18375 0.09174 0.02750
0 0.08257 0.36125 0.11009 0.02750
0 0.08257 0.33375 0.11009 0.02250
0 0.09633 0.25875 0.08257 0.02250
0 0.09633 0.30875 0.11927 0.02250
0 0.10550 0.21250 0.10092 0.03000
0 0.11009 0.28375 0.11009 0.02750
0 0.10550 0.23750 0.10092 0.02500
0 0.22477 0.20250 0.11927 0.03000
0 0.23394 0.17500 0.11927 0.03000
0 0.22936 0.15000 0.11009 0.02500
0 0.22936 0.12500 0.12844 0.02500
0 0.21560 0.10125 0.11927 0.02750
0 0.19725 0.07625 0.11927 0.02750
0 0.16973 0.04750 0.11927 0.02500
0 0.20183 0.01625 0.11009 0.03250
0 0.63303 0.36500 0.14679 0.02500
0 0.78440 0.51875 0.10092 0.02250
0 0.77982 0.49500 0.09174 0.02500
0 0.48624 0.35875 0.14679 0.02750
0 0.77064 0.37375 0.12844 0.02250
0 0.48165 0.38250 0.13761 0.02000
0 0.08257 0.38500 0.11009 0.02000
0 0.09174 0.40500 0.11009 0.02000
0 0.08716 0.42500 0.10092 0.02500
0 0.20183 0.39750 0.12844 0.02500
0 0.33486 0.38500 0.11927 0.02500
0 0.76605 0.39750 0.11927 0.02500
0 0.62844 0.39000 0.13762 0.02500
0 0.50917 0.40125 0.15596 0.02250
0 0.35321 0.41000 0.17431 0.02500
0 0.20642 0.42125 0.13762 0.02750
0 0.33945 0.43500 0.14679 0.02500
0 0.48624 0.42750 0.12844 0.02500
0 0.63761 0.41875 0.13762 0.02750
0 0.77064 0.42125 0.12844 0.02750
0 0.77982 0.44875 0.12844 0.02750
0 0.64220 0.44250 0.12844 0.02000
0 0.08257 0.47750 0.11009 0.02500
0 0.08257 0.45250 0.11009 0.02500
0 0.19266 0.44750 0.12844 0.02500
0 0.49541 0.45375 0.16514 0.02250
0 0.64679 0.46625 0.15596 0.02750
0 0.50000 0.47875 0.15596 0.02750
0 0.77982 0.47250 0.11009 0.02000
0 0.88532 0.67375 0.08257 0.02250
0 0.87615 0.65125 0.06422 0.02250
0 0.86697 0.62875 0.06422 0.02250
0 0.88073 0.61000 0.07339 0.02000
0 0.88073 0.58625 0.07339 0.02250
0 0.85780 0.56375 0.06422 0.02250
0 0.80275 0.54250 0.11927 0.02000
0 0.65138 0.49125 0.14679 0.02250
0 0.66055 0.51500 0.14679 0.02500
0 0.66972 0.54125 0.16514 0.02750
0 0.50459 0.53000 0.14679 0.02500
0 0.50917 0.50500 0.13761 0.02500
0 0.33945 0.45750 0.14679 0.03000
0 0.34404 0.48250 0.17431 0.02500
0 0.34862 0.51000 0.14679 0.02500
0 0.09174 0.50125 0.11009 0.02750
0 0.10092 0.52625 0.09174 0.02250
0 0.20642 0.52125 0.13762 0.02750
0 0.19725 0.49375 0.11927 0.02250
0 0.19725 0.47125 0.11927 0.02750
0 0.77982 0.56500 0.09174 0.03000
0 0.38073 0.69000 0.13761 0.03000
0 0.38073 0.64750 0.13761 0.05500
0 0.37156 0.60500 0.15596 0.04500
0 0.35780 0.56750 0.16514 0.03500
0 0.65596 0.56375 0.13761 0.02250
0 0.50000 0.57750 0.19266 0.02500
0 0.50917 0.55250 0.15596 0.02500
0 0.36239 0.53625 0.15596 0.02750
0 0.21560 0.54625 0.11927 0.02250
0 0.20642 0.57000 0.11927 0.02500
0 0.09633 0.54750 0.10092 0.02000
0 0.10092 0.57375 0.11009 0.02750
0 0.79816 0.59375 0.11009 0.02750
0 0.79358 0.61625 0.11927 0.02250
0 0.66973 0.58750 0.14679 0.02500
0 0.51835 0.60125 0.13761 0.02750
0 0.50000 0.62500 0.17431 0.02500
0 0.79358 0.77750 0.08257 0.02500
0 0.80275 0.75125 0.11927 0.02750
0 0.79358 0.72250 0.10092 0.03500
0 0.78899 0.69125 0.09174 0.02750
0 0.79358 0.66250 0.10092 0.03000
0 0.79817 0.63500 0.09174 0.02500
0 0.67890 0.63625 0.16514 0.02250
0 0.66514 0.61250 0.15596 0.03000
0 0.67431 0.66000 0.13761 0.02500
0 0.51835 0.65000 0.15596 0.03000
0 0.22936 0.59750 0.12844 0.03000
0 0.11468 0.59625 0.11927 0.02750
0 0.10092 0.62250 0.11009 0.02500
0 0.12385 0.64500 0.11927 0.02500
0 0.23853 0.63750 0.12844 0.03000
0 0.24771 0.66250 0.12844 0.02500
0 0.12385 0.66750 0.11927 0.02500
0 0.11468 0.71625 0.11927 0.02250
0 0.11468 0.69125 0.11927 0.02250
0 0.24312 0.68750 0.15596 0.03000
0 0.50459 0.67375 0.16514 0.02250
0 0.66973 0.68250 0.14679 0.02500
0 0.66055 0.70750 0.14679 0.02500
0 0.52294 0.69500 0.14679 0.02500
0 0.36697 0.71750 0.16514 0.02500
0 0.23394 0.71250 0.13761 0.02000
0 0.11468 0.74000 0.11927 0.02500
0 0.23394 0.73500 0.13761 0.02500
0 0.67890 0.73375 0.14679 0.02250
0 0.52752 0.71875 0.15596 0.02250
0 0.51835 0.74250 0.17431 0.02500
0 0.36239 0.74625 0.15596 0.02750
0 0.22018 0.76125 0.12844 0.02750
0 0.10550 0.76375 0.10092 0.02250
0 0.10092 0.78875 0.11009 0.02750
0 0.22477 0.78375 0.13762 0.02250
0 0.21101 0.80500 0.14679 0.02500
0 0.36239 0.79625 0.15596 0.02250
0 0.35780 0.77250 0.16514 0.02500
0 0.67431 0.75625 0.15596 0.02250
0 0.67431 0.78250 0.15596 0.03000
0 0.50917 0.79125 0.15596 0.02250
0 0.51835 0.76750 0.17431 0.02500
0 0.88532 0.69750 0.08257 0.02500
0 0.10092 0.81375 0.07339 0.02250
0 0.78899 0.80375 0.09174 0.02750
0 0.66055 0.80750 0.16514 0.02500
0 0.50459 0.81500 0.16514 0.02500
0 0.34862 0.81875 0.16514 0.02250
0 0.20642 0.82875 0.13762 0.02750
0 0.10550 0.83750 0.08257 0.02500
0 0.08716 0.86125 0.10092 0.02250
0 0.20183 0.85750 0.12844 0.02500
0 0.34404 0.84500 0.15596 0.02500
0 0.50459 0.83875 0.16514 0.02750
0 0.65138 0.82875 0.12844 0.01750
0 0.78440 0.82875 0.11927 0.02250
0 0.88073 0.72125 0.09174 0.02250
0 0.88073 0.74250 0.09174 0.02000
0 0.87615 0.76500 0.10092 0.02500
0 0.88991 0.79125 0.11009 0.02750
0 0.88073 0.81750 0.09174 0.02500
0 0.88991 0.84250 0.09174 0.02500
0 0.85780 0.86625 0.11927 0.02750
0 0.79358 0.85625 0.11927 0.03250
0 0.66055 0.85000 0.14679 0.02500
0 0.66972 0.87375 0.18349 0.03250
0 0.49541 0.86250 0.16514 0.02000
0 0.33027 0.86875 0.16514 0.02750
0 0.88532 0.89250 0.13762 0.03000
0 0.75229 0.89125 0.12844 0.03250
0 0.62385 0.89000 0.12844 0.03000
0 0.19725 0.88125 0.11927 0.02250
0 0.47706 0.88375 0.16514 0.02750
0 0.47248 0.91125 0.19266 0.02750
0 0.33027 0.91875 0.14679 0.02750
0 0.31651 0.89250 0.15596 0.02500
0 0.18807 0.90500 0.10092 0.02000
0 0.09174 0.90750 0.09174 0.02500
0 0.09174 0.88375 0.09174 0.02250
0 0.90826 0.92500 0.11009 0.03000
0 0.78440 0.91250 0.11927 0.02000
0 0.65138 0.91500 0.14679 0.02000
0 0.91284 0.98125 0.10092 0.02750
0 0.91743 0.95125 0.11009 0.02750
0 0.79816 0.93750 0.12844 0.02500
0 0.81193 0.96125 0.13762 0.02750
0 0.66514 0.93875 0.13761 0.02750
0 0.81193 0.99750 0.13762 0.00500
0 0.80734 0.98375 0.12844 0.02250
0 0.68349 0.99000 0.13762 0.02000
0 0.67890 0.96250 0.14679 0.03500
0 0.50917 0.93125 0.17431 0.02750
0 0.52294 0.95750 0.16514 0.02500
0 0.34404 0.93875 0.15596 0.02250
0 0.19725 0.92875 0.13761 0.02750
0 0.08257 0.93250 0.09174 0.02500
0 0.09633 0.95500 0.10092 0.02500
0 0.20184 0.95625 0.14679 0.02250
0 0.36239 0.96125 0.15596 0.02250
0 0.51376 0.99500 0.14679 0.01000
0 0.54128 0.98250 0.14679 0.03000
0 0.38532 0.98500 0.12844 0.03000
0 0.10551 0.99750 0.04587 0.00500
0 0.23394 0.99250 0.17431 0.01500
0 0.23395 0.97875 0.15596 0.03250
0 0.11468 0.97875 0.08257 0.02750
