0 0.62604 0.23421 0.01042 0.01599
0 0.64193 0.20583 0.01198 0.01679
0 0.51979 0.07354 0.00729 0.01119
0 0.52214 0.05755 0.00781 0.00959
0 0.53464 0.04716 0.00677 0.01119
0 0.52969 0.04237 0.00729 0.01119
0 0.52943 0.05356 0.00781 0.01119
0 0.52240 0.06595 0.00729 0.01199
0 0.53750 0.05156 0.00729 0.01199
0 0.53255 0.06035 0.00781 0.01359
0 0.52656 0.06994 0.00729 0.01199
0 0.52370 0.08114 0.00781 0.01199
0 0.55130 0.05635 0.00677 0.01039
0 0.54453 0.05196 0.00781 0.01119
0 0.54635 0.06075 0.00833 0.01279
0 0.53750 0.06515 0.00938 0.01679
0 0.53151 0.07514 0.00885 0.01279
0 0.52656 0.09432 0.00729 0.01119
0 0.52865 0.09313 0.00313 0.00560
0 0.52943 0.08593 0.00781 0.01199
0 0.55573 0.06315 0.00729 0.01119
0 0.54245 0.07154 0.00885 0.01359
0 0.53125 0.10432 0.00729 0.01199
0 0.53438 0.09432 0.00833 0.01599
0 0.53698 0.08273 0.00938 0.01359
0 0.55182 0.06875 0.00885 0.01439
0 0.54688 0.07994 0.00833 0.01439
0 0.54193 0.09313 0.00885 0.01519
0 0.53750 0.11591 0.00729 0.00959
0 0.53802 0.10711 0.00833 0.01279
0 0.56849 0.07114 0.00885 0.01279
0 0.56120 0.06954 0.00781 0.01439
0 0.55755 0.07674 0.00885 0.01439
0 0.55078 0.09033 0.00990 0.01599
0 0.54531 0.10232 0.01042 0.01599
0 0.56615 0.08074 0.00833 0.01439
0 0.55990 0.08873 0.00937 0.01599
0 0.58568 0.08114 0.00469 0.00560
0 0.58073 0.07674 0.00521 0.00799
0 0.57630 0.07834 0.00781 0.01119
0 0.58984 0.08633 0.00677 0.00959
0 0.59531 0.09233 0.00729 0.00879
0 0.60234 0.09912 0.00677 0.00799
0 0.60729 0.10552 0.00625 0.00799
0 0.61484 0.11271 0.00469 0.00639
0 0.61849 0.11950 0.00573 0.00879
0 0.62213 0.12470 0.00677 0.00799
0 0.63021 0.13349 0.00625 0.00639
0 0.63437 0.13989 0.00521 0.00639
0 0.58229 0.08593 0.00833 0.01199
0 0.57396 0.08633 0.00833 0.01279
0 0.56589 0.09432 0.01198 0.01599
0 0.55495 0.10272 0.00885 0.01679
0 0.54297 0.11910 0.00677 0.01119
0 0.54948 0.11591 0.01042 0.01599
0 0.57995 0.09313 0.00885 0.01199
0 0.58802 0.09432 0.00938 0.00959
0 0.59505 0.10032 0.00781 0.01039
0 0.60052 0.10552 0.00938 0.01119
0 0.60833 0.11191 0.00937 0.01279
0 0.58698 0.10352 0.00938 0.01359
0 0.59219 0.11151 0.00937 0.01519
0 0.59896 0.11671 0.00937 0.01599
0 0.61328 0.12110 0.00781 0.01199
0 0.61693 0.12790 0.00885 0.00959
0 0.62344 0.13389 0.00833 0.01359
0 0.62865 0.14189 0.00937 0.01199
0 0.63385 0.14708 0.00833 0.00959
0 0.63854 0.15268 0.00833 0.00959
0 0.64167 0.16067 0.00937 0.01279
0 0.64635 0.16787 0.00833 0.01279
0 0.60365 0.12190 0.01146 0.01519
0 0.60833 0.12990 0.00937 0.01359
0 0.61354 0.13789 0.01354 0.01359
0 0.61927 0.14548 0.01042 0.01439
0 0.62448 0.15268 0.01042 0.01439
0 0.62943 0.15707 0.01094 0.01519
0 0.63333 0.16387 0.01146 0.01439
0 0.63620 0.16986 0.01198 0.01519
0 0.64141 0.17706 0.01198 0.01519
0 0.64557 0.18585 0.01094 0.01519
0 0.57656 0.10632 0.01354 0.01599
0 0.57005 0.10152 0.01094 0.01599
0 0.55990 0.11031 0.01042 0.01439
0 0.54974 0.13269 0.00885 0.01439
0 0.55391 0.12270 0.01198 0.01679
0 0.55625 0.14069 0.00729 0.01119
0 0.55912 0.12990 0.01094 0.01839
0 0.56641 0.11751 0.01094 0.01599
0 0.58073 0.11751 0.00937 0.01599
0 0.57213 0.12150 0.01094 0.01599
0 0.56380 0.13629 0.00990 0.01679
0 0.56276 0.15028 0.00781 0.01119
0 0.57266 0.13549 0.01094 0.01839
0 0.58490 0.12350 0.01354 0.01679
0 0.59115 0.12910 0.01042 0.01679
0 0.58047 0.13869 0.00990 0.01679
0 0.56667 0.15747 0.00729 0.01119
0 0.57266 0.15228 0.01094 0.01519
0 0.63672 0.19904 0.01094 0.01599
0 0.63281 0.19025 0.01146 0.01759
0 0.62812 0.18345 0.01042 0.01679
0 0.62292 0.17506 0.01250 0.01759
0 0.61901 0.16747 0.01198 0.01679
0 0.61406 0.16027 0.01042 0.01679
0 0.60938 0.15428 0.01146 0.01759
0 0.60443 0.14828 0.01094 0.01839
0 0.60156 0.14149 0.01042 0.01599
0 0.59661 0.13469 0.01094 0.01839
0 0.58542 0.14668 0.01146 0.01839
0 0.57213 0.16507 0.00573 0.01199
0 0.57760 0.15947 0.01042 0.01519
0 0.57630 0.17186 0.00573 0.01119
0 0.59010 0.19305 0.00625 0.00879
0 0.58490 0.18545 0.00625 0.01119
0 0.58021 0.17906 0.00729 0.01119
0 0.62318 0.22902 0.00990 0.01519
0 0.63307 0.21942 0.01094 0.01679
0 0.61979 0.22542 0.00937 0.01439
0 0.62891 0.21423 0.01094 0.01599
0 0.62500 0.20663 0.01146 0.01839
0 0.61458 0.21663 0.01146 0.01599
0 0.62057 0.19984 0.01198 0.01918
0 0.61615 0.19185 0.01042 0.01759
0 0.60755 0.20863 0.00990 0.01599
0 0.60365 0.19984 0.01146 0.01759
0 0.61224 0.18425 0.01094 0.01679
0 0.59844 0.19065 0.01146 0.01839
0 0.60781 0.17706 0.01146 0.01679
0 0.60260 0.16946 0.01042 0.01759
0 0.59271 0.18106 0.01250 0.01839
0 0.58880 0.17346 0.01198 0.01599
0 0.58412 0.16587 0.01302 0.01839
0 0.59662 0.16267 0.01198 0.01839
0 0.59271 0.15428 0.01146 0.01918
