0 0.21432 0.87461 0.02969 0.06797
0 0.18281 0.87266 0.03542 0.05000
0 0.16849 0.83398 0.01927 0.03828
0 0.19271 0.83008 0.02083 0.03984
0 0.21901 0.81875 0.02760 0.03906
0 0.24297 0.83164 0.02344 0.03047
0 0.24922 0.86250 0.02656 0.04688
0 0.27734 0.84531 0.03073 0.06406
0 0.32057 0.87305 0.04531 0.06797
0 0.29922 0.83008 0.02552 0.04141
0 0.31380 0.82148 0.02031 0.05078
0 0.32812 0.81563 0.01771 0.04062
0 0.35260 0.86367 0.03021 0.05391
0 0.37448 0.85664 0.03125 0.06172
0 0.39401 0.83906 0.03698 0.05469
0 0.41328 0.82734 0.02656 0.04844
0 0.39062 0.80664 0.02188 0.04453
0 0.40130 0.78711 0.02135 0.03516
0 0.24583 0.80273 0.03229 0.04141
0 0.26875 0.79805 0.02604 0.04141
0 0.29063 0.79258 0.02917 0.04141
0 0.31172 0.77812 0.03177 0.03750
0 0.33229 0.76875 0.02708 0.03438
0 0.34297 0.80547 0.02552 0.04687
0 0.35417 0.78828 0.02396 0.04219
0 0.36875 0.78555 0.02187 0.04609
0 0.37787 0.76484 0.02969 0.03594
0 0.39844 0.75586 0.02604 0.03047
0 0.23438 0.98594 0.02812 0.02812
0 0.20599 0.94531 0.03073 0.07500
0 0.18151 0.95039 0.04531 0.07422
0 0.23594 0.93750 0.04896 0.07812
0 0.27708 0.91289 0.05104 0.08828
0 0.32630 0.93398 0.04844 0.07109
0 0.35833 0.91875 0.03125 0.06250
0 0.39427 0.91797 0.04375 0.06719
0 0.41771 0.90938 0.04063 0.06094
0 0.27734 0.97773 0.04427 0.02578
0 0.31380 0.98125 0.02865 0.03750
0 0.33620 0.98047 0.03073 0.03906
0 0.37552 0.97461 0.04896 0.05078
0 0.40964 0.97422 0.04427 0.05156
0 0.45026 0.97188 0.06302 0.05625
0 0.47786 0.95273 0.04948 0.07266
0 0.67891 0.99063 0.02344 0.01875
0 0.70156 0.98477 0.03437 0.03047
0 0.72005 0.98164 0.03490 0.03672
0 0.73932 0.98242 0.03385 0.03516
0 0.76172 0.97773 0.03177 0.04453
0 0.77865 0.97344 0.02396 0.05313
0 0.80339 0.97344 0.02552 0.05313
0 0.82240 0.97148 0.03125 0.05703
0 0.83828 0.96875 0.03490 0.06250
0 0.85963 0.97188 0.02240 0.05625
0 0.54401 0.98828 0.02552 0.02344
0 0.57370 0.98086 0.03385 0.03828
0 0.60755 0.97422 0.04844 0.05156
0 0.63125 0.96758 0.04063 0.06484
0 0.64583 0.95703 0.03958 0.08594
0 0.66927 0.94219 0.03958 0.08281
0 0.68724 0.92930 0.04219 0.07578
0 0.70599 0.91406 0.03073 0.08125
0 0.72995 0.91875 0.02552 0.10312
0 0.74687 0.91406 0.02188 0.09219
0 0.76432 0.90313 0.02240 0.09688
0 0.78255 0.90000 0.02969 0.09844
0 0.80521 0.89922 0.03125 0.09844
0 0.82734 0.89766 0.03594 0.08437
0 0.85234 0.89727 0.03177 0.08828
0 0.43750 0.90156 0.04792 0.08281
0 0.50391 0.95781 0.05365 0.08438
0 0.52891 0.93516 0.05469 0.07969
0 0.64948 0.86211 0.03750 0.07734
0 0.63021 0.87031 0.04271 0.08125
0 0.60755 0.88086 0.04219 0.07891
0 0.59062 0.89297 0.04896 0.07031
0 0.57344 0.90820 0.04167 0.06328
0 0.49141 0.87383 0.04531 0.06953
0 0.46510 0.88281 0.04479 0.07812
0 0.55260 0.92344 0.04479 0.07969
0 0.66875 0.85000 0.04896 0.07500
0 0.68880 0.83984 0.04531 0.07031
0 0.71172 0.83438 0.04740 0.06719
0 0.72682 0.82773 0.04948 0.07266
0 0.74818 0.82344 0.04427 0.06719
0 0.76849 0.82227 0.04427 0.06328
0 0.78958 0.82070 0.04063 0.05547
0 0.82891 0.82578 0.04635 0.05000
0 0.79896 0.79023 0.03750 0.02734
0 0.52292 0.84883 0.03958 0.06172
0 0.54479 0.83008 0.04271 0.06328
0 0.56406 0.82422 0.03021 0.06250
0 0.58203 0.81328 0.04010 0.05781
0 0.60260 0.80078 0.04063 0.05000
0 0.62161 0.79531 0.03698 0.05000
0 0.64349 0.78555 0.03385 0.04609
0 0.66484 0.77773 0.04115 0.04922
0 0.68359 0.77539 0.03385 0.04297
0 0.70495 0.77031 0.04115 0.04375
0 0.72422 0.77031 0.03073 0.03906
0 0.74297 0.77227 0.03698 0.03828
0 0.75990 0.77344 0.03958 0.04531
0 0.72917 0.74727 0.02083 0.01641
0 0.70859 0.74336 0.02240 0.02266
0 0.43255 0.82422 0.02344 0.04531
0 0.45469 0.82109 0.03333 0.04375
0 0.46068 0.80117 0.02344 0.05391
0 0.48073 0.78906 0.02917 0.05469
0 0.49844 0.78438 0.03333 0.05625
0 0.51927 0.77656 0.03229 0.04375
0 0.54193 0.76875 0.02448 0.04062
0 0.56276 0.75859 0.02344 0.03281
0 0.58151 0.75820 0.02448 0.02578
0 0.59974 0.74961 0.02552 0.03359
0 0.61172 0.74844 0.03177 0.03594
0 0.62995 0.74375 0.02656 0.03281
0 0.65104 0.74258 0.02812 0.02891
0 0.66641 0.74063 0.02865 0.02969
0 0.69245 0.74141 0.02031 0.02187
0 0.67995 0.72578 0.01719 0.01719
0 0.56953 0.73047 0.02135 0.02188
0 0.54818 0.73320 0.02448 0.01797
0 0.52500 0.73672 0.03229 0.02188
0 0.50859 0.74219 0.02760 0.02656
0 0.48828 0.74375 0.02240 0.02500
0 0.47005 0.74883 0.02031 0.02734
0 0.45052 0.75508 0.03125 0.02266
0 0.42135 0.77422 0.02917 0.02969
0 0.57474 0.72109 0.02031 0.01250
0 0.55130 0.71797 0.02865 0.01562
0 0.52682 0.71992 0.02760 0.01484
0 0.50417 0.72344 0.02917 0.01250
0 0.47760 0.72695 0.03229 0.01641
0 0.45312 0.73555 0.02500 0.01797
0 0.42682 0.74258 0.03594 0.01797
0 0.59609 0.72031 0.02552 0.02031
0 0.61406 0.71602 0.02917 0.01484
0 0.63854 0.71719 0.02292 0.01719
0 0.65807 0.71914 0.02656 0.01641
