0 0.66094 0.85195 0.00833 0.00859
0 0.57865 0.81758 0.01042 0.01328
0 0.62891 0.77617 0.00781 0.01172
0 0.67135 0.77148 0.01146 0.00547
0 0.67943 0.77383 0.00781 0.00703
0 0.68646 0.77500 0.01042 0.00781
0 0.56380 0.79883 0.00677 0.01172
0 0.80339 0.88828 0.01094 0.01250
0 0.79297 0.88633 0.00990 0.01016
0 0.62161 0.78867 0.00885 0.01953
0 0.82708 0.83203 0.01250 0.01406
0 0.75052 0.78594 0.00937 0.00937
0 0.75885 0.78984 0.00938 0.00938
0 0.76562 0.79414 0.00833 0.00859
0 0.77474 0.79531 0.00885 0.00937
0 0.78125 0.79883 0.00833 0.00859
0 0.79010 0.80273 0.00833 0.00859
0 0.79844 0.80703 0.01146 0.01719
0 0.81641 0.82148 0.01302 0.01953
0 0.80573 0.81445 0.01354 0.02422
0 0.63594 0.77656 0.00833 0.01406
0 0.64271 0.77695 0.00937 0.01328
0 0.65104 0.77695 0.00937 0.01328
0 0.65964 0.77734 0.00885 0.01406
0 0.66562 0.78008 0.00729 0.01328
0 0.67240 0.77930 0.00937 0.01328
0 0.68073 0.78086 0.00938 0.01328
0 0.60833 0.78828 0.01250 0.02344
0 0.60000 0.78477 0.01354 0.02266
0 0.59089 0.78398 0.01094 0.01953
0 0.58125 0.78359 0.01146 0.02031
0 0.57031 0.80156 0.01146 0.02188
0 0.57969 0.80391 0.01146 0.02500
0 0.58932 0.80469 0.01302 0.02500
0 0.71797 0.85703 0.00990 0.01406
0 0.70781 0.85703 0.00833 0.01406
0 0.70052 0.85586 0.00937 0.01484
0 0.69245 0.85508 0.00885 0.01484
0 0.68411 0.85469 0.00885 0.01406
0 0.67708 0.85195 0.00833 0.01328
0 0.66953 0.85078 0.00990 0.01406
0 0.64688 0.84805 0.01042 0.01016
0 0.63724 0.84766 0.00990 0.01406
0 0.62865 0.84570 0.01042 0.01641
0 0.69010 0.78125 0.01042 0.01406
0 0.69740 0.78281 0.01042 0.01562
0 0.70625 0.78281 0.01042 0.01562
0 0.71563 0.78555 0.01042 0.01484
0 0.72370 0.78633 0.01094 0.01484
0 0.73281 0.78750 0.01146 0.01719
0 0.74010 0.79219 0.01146 0.01875
0 0.74583 0.80039 0.01042 0.02734
0 0.75234 0.80273 0.01198 0.02578
0 0.75990 0.80664 0.01250 0.02266
0 0.76771 0.81133 0.01354 0.02422
0 0.77604 0.81406 0.01250 0.02344
0 0.63047 0.79180 0.01198 0.02109
0 0.64088 0.78711 0.00990 0.01484
0 0.65208 0.78867 0.01042 0.01641
0 0.66198 0.79141 0.01250 0.01875
0 0.67266 0.79141 0.00990 0.01719
0 0.67969 0.79375 0.01042 0.01875
0 0.68984 0.79531 0.01094 0.01875
0 0.69792 0.79727 0.00937 0.01797
0 0.70547 0.79805 0.00990 0.01797
0 0.71380 0.79961 0.00990 0.01797
0 0.72161 0.80078 0.01094 0.01719
0 0.73203 0.80938 0.01198 0.02812
0 0.71589 0.84141 0.01094 0.02500
0 0.70703 0.83945 0.01094 0.02422
0 0.69740 0.83945 0.01042 0.02578
0 0.68828 0.83672 0.00990 0.02656
0 0.68151 0.83398 0.01094 0.02734
0 0.67318 0.83438 0.00990 0.02500
0 0.66484 0.83359 0.00990 0.02500
0 0.65625 0.83320 0.00937 0.02734
0 0.64844 0.83008 0.01042 0.03047
0 0.64088 0.82656 0.01094 0.02812
0 0.63203 0.82617 0.01094 0.02422
0 0.72031 0.81953 0.01042 0.02031
0 0.70990 0.81758 0.01042 0.02266
0 0.70130 0.81445 0.01094 0.01953
0 0.69271 0.81367 0.01146 0.02109
0 0.63958 0.80273 0.01146 0.01953
0 0.64818 0.80391 0.01094 0.02031
0 0.65599 0.80742 0.01094 0.02109
0 0.66432 0.80977 0.01094 0.02422
0 0.67240 0.81211 0.01042 0.02109
0 0.68151 0.81289 0.01094 0.01953
