0 0.22083 0.74530 0.01250 0.01254
0 0.21224 0.73276 0.01615 0.01567
0 0.21276 0.71944 0.01719 0.01724
0 0.21406 0.70415 0.02188 0.01803
0 0.26198 0.72923 0.00625 0.01489
0 0.26120 0.71356 0.01094 0.01959
0 0.26198 0.69592 0.00833 0.01724
0 0.25182 0.69514 0.01719 0.02038
0 0.25156 0.71160 0.01667 0.01567
0 0.25104 0.73276 0.01771 0.02821
0 0.25287 0.75980 0.00677 0.01176
0 0.24349 0.76646 0.01406 0.01724
0 0.23646 0.75588 0.02187 0.01803
0 0.23620 0.74451 0.02031 0.01567
0 0.23099 0.73002 0.02760 0.02116
0 0.23177 0.71395 0.02396 0.02038
0 0.23255 0.69788 0.02344 0.01646
0 0.20026 0.59796 0.01198 0.01567
0 0.19844 0.58229 0.01250 0.01411
0 0.19948 0.56975 0.01354 0.01254
0 0.19896 0.55564 0.01458 0.01881
0 0.21120 0.68848 0.01615 0.01803
0 0.21224 0.67085 0.01927 0.01881
0 0.21250 0.65400 0.01979 0.01959
0 0.21146 0.63793 0.02083 0.01724
0 0.21094 0.62108 0.02500 0.02116
0 0.21328 0.60541 0.02552 0.01803
0 0.21224 0.59052 0.02344 0.01803
0 0.21406 0.57641 0.02500 0.01803
0 0.21562 0.55956 0.02813 0.02038
0 0.23281 0.68221 0.02396 0.01489
0 0.23203 0.66654 0.02656 0.01646
0 0.23177 0.65204 0.02292 0.01254
0 0.23255 0.64028 0.02448 0.01411
0 0.23385 0.62696 0.02396 0.01411
0 0.23411 0.61285 0.02344 0.01724
0 0.23542 0.59718 0.02292 0.01411
0 0.23672 0.58464 0.02552 0.01567
0 0.23698 0.57092 0.02292 0.01489
0 0.23776 0.55760 0.02031 0.01489
0 0.26198 0.68143 0.00938 0.01332
0 0.26120 0.66810 0.00885 0.01646
0 0.26224 0.65321 0.00885 0.01646
0 0.26276 0.63950 0.00990 0.01411
0 0.26276 0.62696 0.00885 0.01254
0 0.26250 0.61403 0.01146 0.01803
0 0.26432 0.59757 0.01094 0.01646
0 0.26458 0.58582 0.00938 0.01176
0 0.26588 0.57210 0.00990 0.02038
0 0.26693 0.55799 0.00885 0.01411
0 0.25026 0.68025 0.01719 0.01411
0 0.25182 0.66693 0.01510 0.01724
0 0.25104 0.65204 0.01875 0.01724
0 0.25130 0.63793 0.01615 0.01411
0 0.25182 0.62461 0.01719 0.01411
0 0.25260 0.61011 0.01667 0.01803
0 0.25339 0.59483 0.01719 0.01724
0 0.25495 0.58229 0.01510 0.01097
0 0.25495 0.57132 0.01823 0.01567
0 0.25521 0.55643 0.01875 0.01724
0 0.26719 0.54232 0.00833 0.01724
0 0.26875 0.52743 0.00938 0.01567
0 0.27031 0.51136 0.01146 0.01803
0 0.27109 0.49687 0.01094 0.01567
0 0.27214 0.48276 0.01094 0.01411
0 0.25599 0.54114 0.01823 0.01646
0 0.25833 0.52665 0.01667 0.01724
0 0.26016 0.51058 0.01510 0.01959
0 0.27422 0.46944 0.01094 0.01567
0 0.27552 0.45572 0.01146 0.01332
0 0.27786 0.44279 0.00885 0.01411
0 0.27943 0.42829 0.00885 0.01489
0 0.28125 0.41418 0.00937 0.01332
0 0.28281 0.40086 0.00938 0.01489
0 0.27318 0.40439 0.01510 0.01567
0 0.27083 0.41889 0.01667 0.01646
0 0.27083 0.43456 0.01458 0.01489
0 0.26823 0.44828 0.01562 0.01724
0 0.26458 0.46787 0.01562 0.02508
0 0.26094 0.48864 0.01562 0.02743
0 0.20208 0.41066 0.01250 0.01881
0 0.20026 0.42672 0.00990 0.01646
0 0.19870 0.44005 0.00885 0.01332
0 0.19792 0.47061 0.00729 0.01332
0 0.19818 0.45494 0.00885 0.01803
0 0.19974 0.54036 0.01406 0.01803
0 0.20130 0.52469 0.01719 0.01959
0 0.20312 0.51019 0.01771 0.02351
0 0.20495 0.48903 0.02135 0.02508
0 0.20781 0.47100 0.02188 0.02038
0 0.21172 0.45572 0.02240 0.02273
0 0.21354 0.43966 0.02396 0.01881
0 0.21328 0.42398 0.02240 0.01724
0 0.21693 0.41066 0.02135 0.02038
0 0.21536 0.54349 0.02344 0.01959
0 0.21823 0.53174 0.02187 0.01959
0 0.22083 0.51803 0.02292 0.01724
0 0.22240 0.50274 0.02604 0.02116
0 0.22500 0.48864 0.02292 0.01959
0 0.22760 0.47375 0.02292 0.01959
0 0.23125 0.46042 0.02187 0.01959
0 0.23385 0.44632 0.02396 0.01959
0 0.23412 0.42947 0.02240 0.02038
0 0.23672 0.41693 0.02135 0.02194
0 0.23724 0.54349 0.01927 0.01489
0 0.24115 0.52939 0.01979 0.01646
0 0.24453 0.51372 0.01927 0.01646
0 0.24635 0.50078 0.02083 0.01724
0 0.24766 0.48668 0.01927 0.01724
0 0.25026 0.47335 0.01927 0.01724
0 0.25287 0.45729 0.01823 0.01803
0 0.25365 0.44161 0.01979 0.01803
0 0.25625 0.42398 0.01979 0.02508
0 0.25807 0.40752 0.01719 0.01881
0 0.28438 0.38519 0.00729 0.01332
0 0.27526 0.38989 0.01510 0.01803
0 0.28594 0.37069 0.00625 0.01411
0 0.27838 0.37539 0.01406 0.01724
0 0.26016 0.38793 0.01927 0.02038
0 0.26120 0.36991 0.02031 0.02194
0 0.20521 0.39420 0.01354 0.01881
0 0.20677 0.37931 0.01354 0.01724
0 0.20755 0.34169 0.00781 0.02508
0 0.21068 0.36285 0.01510 0.02194
0 0.21771 0.34326 0.01562 0.02351
0 0.22083 0.39655 0.02292 0.02038
0 0.22266 0.38205 0.02344 0.01803
0 0.22318 0.36638 0.02135 0.01959
0 0.22813 0.35462 0.02188 0.02116
0 0.24010 0.40204 0.01979 0.01724
0 0.24167 0.38793 0.02292 0.01881
0 0.24375 0.37226 0.02187 0.02038
0 0.24714 0.35502 0.02135 0.02038
0 0.23255 0.34169 0.01927 0.02194
0 0.21901 0.32524 0.02135 0.01567
0 0.22109 0.31074 0.01823 0.01803
0 0.22656 0.29310 0.01875 0.02038
