0 0.13281 0.78062 0.01719 0.01104
0 0.14492 0.77159 0.02891 0.01707
0 0.14531 0.74598 0.02813 0.04618
0 0.17227 0.75552 0.02422 0.03715
0 0.19258 0.72841 0.01953 0.02711
0 0.21523 0.69930 0.02422 0.03916
0 0.24492 0.67470 0.03672 0.04217
0 0.15391 0.67068 0.01094 0.03213
0 0.16797 0.63755 0.02344 0.03614
0 0.18203 0.61546 0.03125 0.05221
0 0.17773 0.56978 0.01797 0.03313
0 0.19609 0.53614 0.02656 0.04016
0 0.20508 0.57982 0.03516 0.04920
0 0.24102 0.59739 0.04453 0.05422
0 0.31523 0.59136 0.05078 0.06225
0 0.35430 0.59990 0.02891 0.02912
0 0.32539 0.62902 0.02891 0.02510
0 0.26992 0.56526 0.04922 0.05622
0 0.22773 0.54769 0.03516 0.04719
0 0.21719 0.50251 0.02500 0.04317
0 0.25039 0.51807 0.03672 0.06024
0 0.24375 0.46536 0.02969 0.05120
0 0.27695 0.47892 0.03984 0.05823
0 0.29453 0.53112 0.04844 0.05422
0 0.33828 0.55773 0.04531 0.05321
0 0.38203 0.57329 0.04531 0.03614
0 0.44414 0.54819 0.01953 0.01807
0 0.43555 0.51456 0.04766 0.04920
0 0.40938 0.54769 0.04063 0.04518
0 0.36328 0.52610 0.05156 0.05823
0 0.32148 0.49799 0.04922 0.05622
0 0.34609 0.46185 0.04531 0.05622
0 0.30586 0.44428 0.03516 0.05120
0 0.26953 0.42671 0.03594 0.04819
0 0.29688 0.38655 0.03594 0.05622
0 0.33203 0.40864 0.04219 0.05422
0 0.35469 0.37600 0.03750 0.05522
0 0.32188 0.35191 0.03594 0.05120
0 0.39141 0.49448 0.04844 0.05522
0 0.37344 0.42620 0.04375 0.05522
0 0.47500 0.51707 0.03906 0.03414
0 0.50078 0.48544 0.03281 0.02309
0 0.46523 0.47791 0.04609 0.04217
0 0.41758 0.46034 0.05078 0.06124
0 0.44063 0.42922 0.04531 0.05522
0 0.39805 0.39608 0.04141 0.05321
0 0.34453 0.31928 0.03438 0.05020
0 0.37148 0.27962 0.03984 0.05723
0 0.38125 0.33885 0.04688 0.05120
0 0.40820 0.30522 0.04297 0.05221
0 0.45312 0.32631 0.04219 0.05221
0 0.42500 0.36546 0.04531 0.06024
0 0.46680 0.39307 0.05234 0.06325
0 0.49570 0.35442 0.04609 0.05622
0 0.51875 0.32480 0.04688 0.05522
0 0.47773 0.29669 0.04297 0.04920
0 0.44102 0.27259 0.03516 0.04920
0 0.40391 0.24849 0.04219 0.05321
0 0.46133 0.18775 0.03672 0.05221
0 0.43203 0.21637 0.03594 0.05723
0 0.46250 0.24297 0.03750 0.04618
0 0.49141 0.21285 0.03438 0.05020
0 0.49883 0.26757 0.04297 0.04920
0 0.52539 0.23745 0.03828 0.04719
0 0.56797 0.26205 0.04844 0.05422
0 0.54453 0.29066 0.04062 0.04920
0 0.58555 0.31325 0.03984 0.04217
0 0.61484 0.31727 0.02969 0.03213
0 0.62734 0.24849 0.02969 0.03916
0 0.60547 0.28012 0.03594 0.04418
0 0.63594 0.28514 0.02812 0.03213
0 0.65586 0.25050 0.02266 0.02912
0 0.67617 0.21687 0.01953 0.02410
0 0.69609 0.18323 0.01562 0.01908
0 0.48711 0.44227 0.04297 0.05120
0 0.52539 0.45381 0.03828 0.03414
0 0.51445 0.41215 0.04609 0.04920
0 0.55039 0.42119 0.03203 0.02711
0 0.57266 0.38906 0.02969 0.03112
0 0.53789 0.37751 0.04453 0.05622
0 0.55977 0.34588 0.04297 0.05321
0 0.59297 0.35191 0.03281 0.03112
0 0.71055 0.15311 0.01016 0.01707
0 0.72422 0.11998 0.01250 0.02510
0 0.73203 0.08986 0.00781 0.01506
0 0.70664 0.03112 0.01797 0.02008
0 0.73750 0.01606 0.01094 0.01406
0 0.72852 0.03313 0.01484 0.02008
0 0.72227 0.01355 0.01016 0.01707
0 0.71094 0.00954 0.01250 0.01908
0 0.67656 0.01004 0.01562 0.01406
0 0.69219 0.02108 0.01875 0.02410
0 0.48906 0.15863 0.03906 0.04618
0 0.52109 0.18524 0.03281 0.04518
0 0.55000 0.21235 0.03281 0.03916
0 0.59062 0.23143 0.03906 0.04920
0 0.64922 0.21335 0.03438 0.04518
0 0.61055 0.20381 0.03828 0.05020
0 0.57187 0.18624 0.03125 0.03313
0 0.51797 0.13504 0.04063 0.04920
0 0.54492 0.16315 0.03047 0.04317
0 0.54688 0.11195 0.04062 0.04719
0 0.57578 0.08785 0.03594 0.05120
0 0.59961 0.11195 0.03359 0.04116
0 0.57227 0.14006 0.03359 0.04518
0 0.59961 0.15863 0.03828 0.03614
0 0.63477 0.17119 0.03516 0.04518
0 0.62695 0.12550 0.02734 0.03213
0 0.67031 0.18173 0.02812 0.03815
0 0.68789 0.15462 0.02891 0.03012
0 0.65547 0.14257 0.03281 0.04016
0 0.64844 0.10341 0.02656 0.03815
0 0.67539 0.11747 0.03047 0.03614
0 0.70312 0.12801 0.02500 0.02912
0 0.73398 0.06074 0.01641 0.02912
0 0.71641 0.09588 0.02031 0.03514
0 0.69180 0.09086 0.03203 0.03514
0 0.71133 0.05823 0.02422 0.02811
0 0.65586 0.02811 0.02422 0.02610
0 0.66953 0.04116 0.02344 0.02811
0 0.68672 0.05271 0.02188 0.02912
0 0.66719 0.07580 0.02500 0.02912
0 0.64844 0.06125 0.02500 0.02811
0 0.63047 0.04518 0.02656 0.02811
0 0.60312 0.06526 0.03125 0.04418
0 0.62656 0.08434 0.02969 0.03414
0 0.28789 0.62149 0.04922 0.05622
0 0.22227 0.63102 0.04141 0.04719
0 0.26758 0.65010 0.04453 0.04920
0 0.20391 0.65612 0.04219 0.05120
0 0.18047 0.68424 0.04062 0.05924
0 0.16328 0.71335 0.04219 0.05120
