0 0.35116 0.65208 0.11734 0.03542
0 0.35375 0.68437 0.10699 0.04062
0 0.45255 0.65859 0.12683 0.03906
0 0.46419 0.69453 0.12597 0.04219
0 0.35850 0.72109 0.11303 0.04427
0 0.46894 0.72682 0.11993 0.03073
0 0.36713 0.75599 0.11130 0.03594
0 0.47929 0.75469 0.13028 0.03750
0 0.36368 0.78437 0.11648 0.04167
0 0.47023 0.78698 0.11734 0.03229
0 0.35677 0.81797 0.11648 0.04010
0 0.47541 0.82083 0.13978 0.03750
0 0.35505 0.85703 0.12166 0.04844
0 0.46808 0.85807 0.12511 0.03906
0 0.46074 0.89505 0.13805 0.03802
0 0.45513 0.92057 0.11130 0.02240
0 0.34987 0.88958 0.09405 0.03333
0 0.34858 0.91979 0.10871 0.03958
0 0.33348 0.95521 0.07679 0.04167
0 0.32959 0.98385 0.06730 0.03229
0 0.28559 0.95964 0.01898 0.03802
0 0.28516 0.92031 0.02675 0.04375
0 0.28516 0.88047 0.04400 0.04427
0 0.28128 0.84010 0.05004 0.04062
0 0.28343 0.80260 0.07506 0.04063
0 0.27783 0.76588 0.07248 0.03906
0 0.27783 0.73099 0.07593 0.03802
0 0.27092 0.69141 0.08283 0.04427
0 0.27092 0.66328 0.05867 0.02448
0 0.66782 0.63073 0.12079 0.04479
0 0.67860 0.66588 0.10958 0.03698
0 0.68594 0.70521 0.11389 0.04375
0 0.68852 0.73958 0.09491 0.03125
0 0.69025 0.77630 0.09836 0.04844
0 0.69068 0.82708 0.11303 0.05313
0 0.67688 0.87266 0.11821 0.04635
0 0.67817 0.91094 0.08973 0.03542
0 0.66609 0.93542 0.06902 0.01354
0 0.74202 0.80469 0.03106 0.01979
0 0.74676 0.78177 0.04745 0.03229
0 0.75496 0.74844 0.05867 0.03646
0 0.75453 0.71302 0.07161 0.04583
0 0.76143 0.67578 0.08542 0.03594
0 0.75798 0.64167 0.08197 0.04271
0 0.75324 0.60599 0.07248 0.03802
0 0.80371 0.63724 0.03192 0.04010
0 0.80802 0.60521 0.03883 0.03125
0 0.57204 0.91146 0.12942 0.04062
0 0.56946 0.87943 0.11389 0.03385
0 0.58024 0.84688 0.12856 0.04688
0 0.58499 0.80833 0.13460 0.03750
0 0.58197 0.77552 0.13374 0.03958
0 0.58197 0.73828 0.12683 0.04219
0 0.58154 0.70000 0.12942 0.03854
0 0.57118 0.66536 0.12424 0.03385
0 0.56730 0.63542 0.11303 0.03958
0 0.56385 0.60495 0.10440 0.03594
0 0.46463 0.62578 0.11820 0.03802
0 0.35936 0.61901 0.10785 0.03594
0 0.27222 0.63333 0.09060 0.04063
0 0.80285 0.57005 0.06471 0.04635
0 0.74159 0.57213 0.09405 0.03698
0 0.66695 0.58854 0.11734 0.05000
0 0.56600 0.57161 0.12252 0.03385
0 0.45902 0.59167 0.12079 0.03750
0 0.35979 0.58620 0.10181 0.03698
0 0.27567 0.59609 0.08197 0.04323
0 0.80112 0.53177 0.05953 0.03854
0 0.74633 0.54088 0.06903 0.03698
0 0.65876 0.54167 0.11475 0.04896
0 0.56040 0.53958 0.11648 0.03438
0 0.45686 0.55625 0.12166 0.04167
0 0.34901 0.55000 0.10095 0.04583
0 0.28085 0.55885 0.06989 0.03646
0 0.79163 0.49974 0.05263 0.03906
0 0.73943 0.50807 0.08456 0.04323
0 0.65531 0.49740 0.10785 0.04792
0 0.55522 0.50469 0.11475 0.03854
0 0.45384 0.51979 0.12079 0.04063
0 0.35116 0.51094 0.10354 0.03958
0 0.28085 0.52370 0.07506 0.03906
0 0.45298 0.48463 0.11734 0.03802
0 0.35591 0.47500 0.09232 0.03854
0 0.28171 0.48698 0.07161 0.03750
0 0.24116 0.67787 0.02157 0.02031
0 0.23986 0.65156 0.02761 0.03542
0 0.23123 0.61328 0.02761 0.03177
0 0.22994 0.58203 0.04228 0.03177
0 0.23469 0.55052 0.04832 0.03542
0 0.23770 0.51588 0.05263 0.03698
0 0.23641 0.48333 0.03796 0.03854
0 0.78775 0.46771 0.05177 0.03854
0 0.72951 0.46927 0.07852 0.04688
0 0.64927 0.45547 0.10613 0.04531
0 0.55824 0.46797 0.11217 0.04323
0 0.45298 0.44714 0.12597 0.04635
0 0.36411 0.43880 0.09491 0.04010
0 0.28559 0.45260 0.06903 0.04063
0 0.24159 0.44922 0.04314 0.03802
0 0.77955 0.43229 0.05953 0.03958
0 0.72217 0.42734 0.07075 0.04323
0 0.64064 0.41589 0.09922 0.04427
0 0.55263 0.42969 0.11475 0.04375
0 0.45082 0.40885 0.09750 0.03958
0 0.36281 0.40104 0.09232 0.04375
0 0.29336 0.41302 0.06730 0.04271
0 0.24633 0.41328 0.04228 0.04115
0 0.30673 0.37266 0.07506 0.04323
0 0.25755 0.37344 0.04573 0.04167
0 0.77351 0.39219 0.06126 0.04583
0 0.71009 0.38802 0.08110 0.04896
0 0.63848 0.37370 0.09663 0.04635
0 0.54961 0.38802 0.12252 0.04688
0 0.45168 0.36771 0.10785 0.05208
0 0.37748 0.35365 0.08369 0.05625
0 0.31579 0.33281 0.08456 0.04792
0 0.27524 0.32682 0.04487 0.05365
0 0.32614 0.28464 0.08973 0.05260
0 0.38611 0.30443 0.09922 0.05365
0 0.46117 0.32005 0.11130 0.04844
0 0.75496 0.35208 0.06040 0.04583
0 0.70319 0.34583 0.07938 0.05000
0 0.55048 0.34141 0.11217 0.04948
0 0.63460 0.32656 0.10268 0.05729
0 0.69111 0.29688 0.06903 0.05417
0 0.74547 0.30729 0.06040 0.04583
0 0.72821 0.25937 0.05695 0.05312
0 0.67946 0.24609 0.07334 0.05885
0 0.62166 0.27292 0.09232 0.06042
0 0.54055 0.28802 0.10095 0.06146
0 0.46419 0.26537 0.10526 0.06198
0 0.39129 0.25026 0.09577 0.05781
0 0.33952 0.23203 0.07334 0.05469
0 0.34728 0.17839 0.08542 0.05781
0 0.40423 0.19010 0.10440 0.06354
0 0.46549 0.20964 0.10440 0.06094
0 0.54400 0.22995 0.10095 0.06406
0 0.61217 0.21667 0.10268 0.05833
0 0.69500 0.21302 0.06989 0.04062
0 0.62942 0.18385 0.10613 0.05312
0 0.65531 0.17005 0.06816 0.04010
