0 0.84740 0.12422 0.01771 0.02031
0 0.84453 0.09922 0.01510 0.02031
0 0.84453 0.21836 0.02240 0.02578
0 0.84349 0.19375 0.02031 0.02188
0 0.83932 0.17461 0.01719 0.01484
0 0.83255 0.15703 0.01823 0.01719
0 0.83229 0.13359 0.01354 0.02188
0 0.85156 0.14531 0.01562 0.02344
0 0.85182 0.17148 0.01198 0.01953
0 0.85781 0.19102 0.01146 0.02109
0 0.85963 0.21367 0.00677 0.01484
0 0.86198 0.23516 0.01146 0.01406
0 0.85234 0.25469 0.01406 0.02656
0 0.83854 0.28203 0.01979 0.02344
0 0.83464 0.25430 0.02344 0.03047
0 0.82865 0.22305 0.01979 0.02734
0 0.82422 0.18945 0.01927 0.02578
0 0.81927 0.16563 0.01875 0.02500
0 0.81510 0.14219 0.01667 0.02031
0 0.81276 0.11992 0.01615 0.01641
0 0.80833 0.10234 0.01250 0.02031
0 0.83646 0.49648 0.02292 0.02891
0 0.81276 0.47891 0.02552 0.02500
0 0.84974 0.37227 0.01823 0.01641
0 0.84557 0.39414 0.01927 0.02734
0 0.81302 0.32188 0.01562 0.02031
0 0.81693 0.30195 0.02240 0.01953
0 0.81250 0.27969 0.02604 0.02656
0 0.81380 0.25352 0.02448 0.02109
0 0.81042 0.23516 0.02604 0.01719
0 0.80599 0.21367 0.02344 0.01953
0 0.80521 0.19453 0.02396 0.02031
0 0.80000 0.17812 0.01979 0.01406
0 0.79713 0.16172 0.02552 0.02344
0 0.79427 0.13828 0.01875 0.02031
0 0.79479 0.11641 0.01875 0.02031
0 0.82787 0.10938 0.01510 0.02031
0 0.82005 0.08281 0.01823 0.02500
0 0.79948 0.08516 0.01771 0.02344
0 0.78021 0.09531 0.01562 0.02031
0 0.77370 0.11016 0.01719 0.01719
0 0.77240 0.13047 0.02083 0.02344
0 0.77240 0.15312 0.01458 0.02031
0 0.77552 0.16914 0.02083 0.01328
0 0.77891 0.18867 0.02135 0.02266
0 0.78099 0.20859 0.01719 0.01406
0 0.78333 0.22383 0.02396 0.01797
0 0.78464 0.24180 0.02760 0.01797
0 0.78594 0.26328 0.02917 0.02031
0 0.78932 0.28359 0.02865 0.02344
0 0.78724 0.30352 0.02969 0.01953
0 0.78958 0.32383 0.03021 0.01953
0 0.78750 0.34375 0.03229 0.02188
0 0.78307 0.36445 0.02448 0.02109
0 0.75599 0.39219 0.01823 0.01562
0 0.75833 0.37383 0.02500 0.02422
0 0.75807 0.35039 0.02448 0.03047
0 0.76094 0.32812 0.02708 0.02188
0 0.75990 0.31016 0.02396 0.02187
0 0.75963 0.28984 0.02865 0.02656
0 0.75911 0.26719 0.02552 0.02187
0 0.75990 0.24727 0.02292 0.02266
0 0.75937 0.22383 0.02500 0.02422
0 0.75885 0.20391 0.02083 0.01875
0 0.74063 0.20937 0.01458 0.02344
0 0.73802 0.23086 0.01458 0.02266
0 0.73828 0.25039 0.01198 0.01484
0 0.73620 0.26914 0.01719 0.02109
0 0.73568 0.29023 0.02031 0.02266
0 0.73646 0.31641 0.02188 0.02969
0 0.73594 0.33633 0.02188 0.02266
0 0.73438 0.36133 0.02292 0.02422
0 0.73125 0.38281 0.01979 0.02031
0 0.73021 0.40195 0.01771 0.01797
0 0.71172 0.41094 0.02031 0.02344
0 0.71120 0.38945 0.01510 0.01797
0 0.71484 0.37031 0.00990 0.01875
0 0.71641 0.34805 0.01510 0.02734
0 0.71823 0.32109 0.01354 0.02187
0 0.71953 0.29727 0.01302 0.02266
0 0.72031 0.27383 0.01042 0.01484
0 0.72292 0.25820 0.01250 0.01484
0 0.72474 0.24141 0.01198 0.01719
0 0.72604 0.22422 0.01042 0.01719
0 0.72865 0.20859 0.00938 0.01719
0 0.74115 0.18672 0.01667 0.02031
0 0.74219 0.16172 0.01458 0.02656
0 0.74245 0.13750 0.01094 0.01875
0 0.75703 0.18633 0.01406 0.01797
0 0.75599 0.16406 0.01406 0.02656
0 0.75391 0.13789 0.01302 0.02734
0 0.75651 0.11172 0.01510 0.02656
0 0.65833 0.36211 0.01667 0.02109
0 0.64818 0.28945 0.02865 0.02578
0 0.64870 0.30625 0.02344 0.02812
0 0.64662 0.32344 0.03073 0.02812
0 0.64088 0.34180 0.02656 0.02422
0 0.63724 0.35898 0.02656 0.03203
0 0.60443 0.36914 0.03073 0.03047
0 0.60912 0.35000 0.02969 0.03438
0 0.61484 0.33398 0.02552 0.03047
0 0.61927 0.31719 0.02292 0.02969
0 0.62448 0.30000 0.02396 0.03125
0 0.62240 0.55977 0.02500 0.03516
0 0.62656 0.53906 0.02292 0.02969
0 0.59844 0.54297 0.02396 0.02656
0 0.62787 0.52148 0.02760 0.03359
0 0.63516 0.50391 0.02240 0.02656
0 0.63542 0.48203 0.02500 0.02656
0 0.63984 0.46914 0.02344 0.03828
0 0.64427 0.44336 0.01979 0.02578
0 0.64844 0.42969 0.02187 0.03594
0 0.65104 0.40625 0.02083 0.02656
0 0.65651 0.38555 0.02031 0.02734
0 0.59896 0.52383 0.03646 0.03984
0 0.60963 0.49297 0.03385 0.04531
0 0.61484 0.45859 0.02760 0.03594
0 0.62031 0.43672 0.03229 0.03750
0 0.62448 0.41797 0.02708 0.02969
0 0.62787 0.39805 0.02969 0.03047
0 0.63229 0.38086 0.02812 0.03672
0 0.60104 0.38438 0.02812 0.02344
0 0.59818 0.40234 0.03490 0.03125
0 0.59245 0.42383 0.03073 0.02891
0 0.58724 0.44102 0.02969 0.02891
0 0.59036 0.46562 0.03490 0.03281
0 0.57734 0.47773 0.02969 0.03047
0 0.57370 0.49531 0.03802 0.03437
0 0.56667 0.51133 0.03021 0.02422
0 0.53932 0.49844 0.02344 0.00937
0 0.54245 0.48398 0.03177 0.02422
0 0.54974 0.46758 0.02656 0.02109
0 0.55833 0.45039 0.03125 0.02266
0 0.56068 0.42852 0.03281 0.02891
0 0.56380 0.40898 0.03177 0.02109
0 0.51562 0.49219 0.02292 0.02188
0 0.52083 0.47266 0.02500 0.02031
0 0.52917 0.45273 0.02708 0.02109
0 0.53359 0.43047 0.02760 0.02187
0 0.53594 0.41562 0.02292 0.01406
0 0.53958 0.40078 0.02604 0.02031
0 0.49896 0.49297 0.02083 0.02344
0 0.50547 0.47070 0.02031 0.02266
0 0.51042 0.44375 0.01562 0.02656
0 0.51588 0.42109 0.01510 0.01562
0 0.52214 0.40820 0.00781 0.01328
0 0.51875 0.40156 0.00937 0.01094
0 0.56823 0.38945 0.02917 0.02422
0 0.57448 0.36797 0.02917 0.02656
0 0.58021 0.35000 0.02813 0.02656
0 0.58776 0.33281 0.02760 0.02500
0 0.59297 0.31406 0.03073 0.02969
0 0.59948 0.29336 0.02396 0.02734
0 0.54557 0.37852 0.02240 0.01797
0 0.55078 0.35898 0.02552 0.02422
0 0.55781 0.33906 0.01979 0.02031
0 0.56432 0.32070 0.02135 0.02734
0 0.52708 0.38750 0.01667 0.02344
0 0.52943 0.36680 0.01823 0.02891
0 0.54271 0.34102 0.01146 0.01484
0 0.53359 0.33984 0.00990 0.01719
0 0.54688 0.32305 0.01562 0.02109
0 0.57240 0.29961 0.02292 0.02109
0 0.57760 0.28281 0.02292 0.02187
0 0.56198 0.28711 0.00833 0.01172
0 0.55287 0.30391 0.01615 0.02031
0 0.44271 0.27695 0.01979 0.01953
0 0.43906 0.29961 0.02187 0.02266
0 0.45573 0.30391 0.01354 0.01875
0 0.45964 0.28125 0.01406 0.01562
0 0.46328 0.25977 0.01615 0.02266
0 0.46588 0.23672 0.02240 0.02031
0 0.46771 0.21406 0.01979 0.02188
0 0.44922 0.21133 0.01823 0.01641
0 0.44427 0.23125 0.01979 0.02031
0 0.43984 0.25625 0.02135 0.02656
0 0.41953 0.24922 0.02031 0.02031
0 0.42005 0.26836 0.01719 0.02266
0 0.41693 0.29023 0.02448 0.02422
0 0.40521 0.27812 0.01042 0.02344
0 0.43385 0.32461 0.02813 0.02734
0 0.43125 0.34844 0.02917 0.02344
0 0.42656 0.37187 0.02604 0.01875
0 0.40469 0.38008 0.02083 0.02109
0 0.40547 0.35938 0.02240 0.02188
0 0.40859 0.33438 0.02135 0.02969
0 0.41328 0.31367 0.01719 0.02109
0 0.39740 0.30391 0.01250 0.01562
0 0.39479 0.31953 0.01042 0.01250
0 0.39297 0.33359 0.00990 0.01406
0 0.38984 0.34492 0.01198 0.01797
0 0.38594 0.36367 0.01458 0.02109
0 0.38411 0.38594 0.01719 0.02500
0 0.37943 0.40859 0.01823 0.02031
0 0.37682 0.42969 0.01719 0.02500
0 0.40052 0.42422 0.02292 0.02500
0 0.40078 0.40039 0.02240 0.02422
0 0.42604 0.39297 0.02500 0.02031
0 0.42370 0.41250 0.02656 0.02344
0 0.42083 0.43555 0.03125 0.02578
0 0.41693 0.46016 0.02760 0.02344
0 0.41328 0.48203 0.02448 0.02187
0 0.41276 0.50313 0.02552 0.02344
0 0.41068 0.52188 0.01615 0.01094
0 0.40807 0.53672 0.02031 0.01562
0 0.38672 0.53320 0.02240 0.01797
0 0.39115 0.51758 0.02500 0.02422
0 0.39062 0.49453 0.02917 0.03125
0 0.39141 0.46719 0.02552 0.02500
0 0.39193 0.44570 0.02344 0.02422
0 0.37240 0.45430 0.01875 0.02422
0 0.36953 0.47773 0.02031 0.02266
0 0.36719 0.50000 0.01667 0.02344
0 0.36953 0.51875 0.01927 0.02188
0 0.38125 0.33945 0.01250 0.01953
0 0.37630 0.36289 0.01094 0.02109
0 0.37083 0.38477 0.01458 0.02266
0 0.36693 0.40820 0.01615 0.02109
0 0.36276 0.43164 0.01615 0.02422
0 0.35781 0.45391 0.01562 0.02031
0 0.35625 0.47344 0.01250 0.01875
0 0.35313 0.49375 0.01562 0.02344
0 0.35208 0.51484 0.01875 0.02344
0 0.19323 0.72930 0.01354 0.01797
0 0.17604 0.73164 0.01771 0.02266
0 0.17266 0.71211 0.01719 0.02891
0 0.16979 0.69102 0.01458 0.02734
0 0.16667 0.67148 0.01667 0.02578
0 0.15885 0.69180 0.00729 0.02891
0 0.16302 0.65195 0.01771 0.02891
0 0.16094 0.63086 0.01875 0.02891
0 0.15990 0.60938 0.01667 0.02500
0 0.15729 0.59414 0.01458 0.02266
0 0.15521 0.57891 0.01458 0.02031
0 0.15417 0.55938 0.01354 0.02031
0 0.15078 0.54023 0.01094 0.02266
0 0.19036 0.71016 0.01719 0.03438
0 0.18828 0.68555 0.01719 0.02891
0 0.18516 0.66992 0.02031 0.03203
0 0.18307 0.64766 0.02240 0.03750
0 0.18073 0.62773 0.02396 0.02891
0 0.18021 0.60273 0.02500 0.03984
0 0.17474 0.58047 0.02240 0.03906
0 0.17109 0.56016 0.02031 0.02656
0 0.16823 0.53945 0.02396 0.03359
0 0.16146 0.52031 0.01875 0.03125
0 0.15912 0.50195 0.01927 0.03516
0 0.15885 0.47773 0.01667 0.02422
0 0.19037 0.60469 0.00573 0.01719
0 0.18802 0.58438 0.00938 0.02187
0 0.18672 0.56445 0.00990 0.01953
0 0.18542 0.54609 0.01250 0.02500
0 0.18333 0.52734 0.01458 0.02656
0 0.18073 0.51055 0.02083 0.03203
0 0.17786 0.48945 0.02031 0.03047
0 0.17708 0.47305 0.02083 0.03203
0 0.17552 0.45469 0.02083 0.02656
