0 0.71330 0.07766 0.02339 0.01905
0 0.72261 0.07304 0.02295 0.01212
0 0.69402 0.09729 0.02209 0.02021
0 0.67735 0.11490 0.01473 0.01617
0 0.66046 0.13568 0.01559 0.01732
0 0.64703 0.15387 0.01559 0.02136
0 0.63296 0.17148 0.01516 0.01617
0 0.75574 0.29706 0.01386 0.02252
0 0.74145 0.31669 0.01559 0.02252
0 0.72780 0.33516 0.01343 0.02136
0 0.71438 0.35364 0.01343 0.01905
0 0.70247 0.36894 0.01039 0.01386
0 0.68948 0.38482 0.00693 0.01212
0 0.67800 0.40040 0.00736 0.01097
0 0.65418 0.43447 0.00996 0.01212
0 0.62256 0.47864 0.00823 0.00924
0 0.63274 0.46420 0.00606 0.00924
0 0.64314 0.44861 0.00866 0.01155
0 0.59052 0.51559 0.01256 0.01848
0 0.57839 0.53147 0.01256 0.02136
0 0.56518 0.55225 0.01386 0.01443
0 0.55262 0.56553 0.01213 0.01328
0 0.54331 0.57679 0.01169 0.01617
0 0.53162 0.59093 0.01256 0.01790
0 0.52057 0.60190 0.01213 0.02136
0 0.50931 0.61634 0.01126 0.01328
0 0.49415 0.62818 0.02079 0.01963
0 0.28714 0.11749 0.01126 0.02598
0 0.29320 0.14232 0.00953 0.02483
0 0.33348 0.26155 0.00606 0.01386
0 0.31204 0.19399 0.00563 0.01155
0 0.31464 0.21276 0.01083 0.02598
0 0.77068 0.27367 0.01516 0.02194
0 0.78216 0.25606 0.01299 0.02021
0 0.79537 0.23152 0.02122 0.03464
0 0.78649 0.23239 0.01386 0.02945
0 0.79948 0.20208 0.02252 0.04157
0 0.78974 0.18389 0.03335 0.03753
0 0.77523 0.20958 0.02772 0.04273
0 0.41663 0.50029 0.01126 0.02367
0 0.42811 0.50577 0.02122 0.03118
0 0.42226 0.52165 0.01126 0.01559
0 0.43027 0.54301 0.02382 0.03522
0 0.44045 0.52540 0.02252 0.03349
0 0.44348 0.45035 0.01299 0.02079
0 0.43569 0.46853 0.01039 0.01790
0 0.42572 0.48152 0.01126 0.01848
0 0.43807 0.48787 0.02036 0.02887
0 0.44954 0.50866 0.02339 0.03580
0 0.46037 0.49336 0.02425 0.03291
0 0.44781 0.47344 0.01992 0.02887
0 0.47055 0.47719 0.02555 0.03637
0 0.48311 0.46305 0.02382 0.03118
0 0.45604 0.45670 0.01992 0.02887
0 0.45496 0.43476 0.01343 0.02079
0 0.46903 0.44371 0.02079 0.02945
0 0.46622 0.41946 0.01776 0.02021
0 0.47791 0.42956 0.02122 0.02887
0 0.49285 0.45035 0.02339 0.03349
0 0.50325 0.43360 0.02599 0.03349
0 0.48961 0.41368 0.02209 0.02714
0 0.48419 0.39232 0.01299 0.02367
0 0.51494 0.41686 0.02858 0.03580
0 0.49935 0.39867 0.02165 0.02945
0 0.49372 0.37702 0.01126 0.01732
0 0.50455 0.36114 0.01386 0.01790
0 0.50996 0.38193 0.02555 0.03291
0 0.52685 0.40185 0.02382 0.03580
0 0.53746 0.38539 0.02772 0.03753
0 0.52144 0.36576 0.02425 0.03406
0 0.51667 0.34498 0.01386 0.02021
0 0.52793 0.32881 0.01299 0.01905
0 0.53465 0.34873 0.02469 0.03233
0 0.54959 0.36894 0.02599 0.03580
0 0.56172 0.34902 0.02858 0.03753
0 0.54504 0.33256 0.02382 0.03349
0 0.53963 0.31293 0.01992 0.01848
0 0.55219 0.29677 0.01992 0.02194
0 0.56366 0.27973 0.02036 0.01790
0 0.57059 0.29330 0.02036 0.02540
0 0.55955 0.31409 0.02252 0.03118
0 0.57341 0.33054 0.02858 0.03984
0 0.58445 0.31467 0.02728 0.03926
0 0.59376 0.29301 0.02772 0.03406
0 0.57319 0.26819 0.01169 0.02252
0 0.58294 0.24884 0.01559 0.02425
0 0.58618 0.26732 0.01949 0.03118
0 0.60567 0.27338 0.02642 0.03753
0 0.61802 0.25404 0.02685 0.03811
0 0.59615 0.22806 0.01516 0.01963
0 0.59961 0.24423 0.02209 0.02656
0 0.60827 0.20930 0.01776 0.02021
0 0.61412 0.22315 0.02512 0.02598
0 0.63144 0.23614 0.02772 0.03580
0 0.62040 0.19053 0.01689 0.02425
0 0.62559 0.20352 0.02036 0.02714
0 0.64184 0.21622 0.02772 0.03868
0 0.69402 0.10768 0.02036 0.02367
0 0.68081 0.12731 0.02599 0.03060
0 0.66566 0.14665 0.02252 0.02656
0 0.65310 0.16599 0.02512 0.02829
0 0.63881 0.18303 0.02772 0.02887
0 0.65656 0.19631 0.02425 0.03349
0 0.67150 0.17812 0.02815 0.03522
0 0.68255 0.15849 0.02685 0.03176
0 0.69771 0.13770 0.03118 0.03637
0 0.71373 0.11547 0.03465 0.03580
0 0.71741 0.08718 0.02988 0.02425
0 0.74816 0.07506 0.02815 0.03118
0 0.73213 0.10162 0.02988 0.04388
0 0.75855 0.10768 0.03248 0.04561
0 0.74534 0.13713 0.03032 0.04561
0 0.72694 0.14925 0.03421 0.04792
0 0.71178 0.17004 0.03595 0.04099
0 0.69987 0.19197 0.03465 0.04330
0 0.68428 0.21103 0.03378 0.04215
0 0.66999 0.22979 0.03465 0.04273
0 0.65873 0.25318 0.03205 0.04099
0 0.64573 0.26934 0.03118 0.04099
0 0.63318 0.29013 0.03205 0.04099
0 0.61996 0.30745 0.02988 0.03868
0 0.61044 0.32794 0.02988 0.04042
0 0.59918 0.34844 0.02728 0.03753
0 0.58705 0.36663 0.02728 0.03695
0 0.57514 0.38366 0.02772 0.03753
0 0.56345 0.40358 0.02858 0.03926
0 0.55175 0.41975 0.02599 0.03464
0 0.54201 0.43591 0.02728 0.03580
0 0.52858 0.45092 0.02728 0.03695
0 0.51646 0.46565 0.02642 0.03060
0 0.50780 0.48297 0.02555 0.03176
0 0.49675 0.49452 0.02685 0.03291
0 0.48657 0.50924 0.02728 0.03118
0 0.47575 0.52512 0.02815 0.03406
0 0.46492 0.54042 0.02815 0.03464
0 0.45388 0.55601 0.02858 0.03464
0 0.44326 0.57419 0.02728 0.03060
0 0.77003 0.16917 0.03205 0.04042
0 0.74968 0.18534 0.03551 0.04850
0 0.73257 0.20699 0.03248 0.04561
0 0.75725 0.22719 0.03162 0.03868
0 0.77046 0.24769 0.02079 0.03811
0 0.74643 0.24856 0.02902 0.03984
0 0.75661 0.27540 0.02165 0.03349
0 0.74231 0.29475 0.01906 0.03176
0 0.73300 0.26963 0.02642 0.04157
0 0.71958 0.22921 0.03075 0.04503
0 0.70615 0.24769 0.03508 0.04734
0 0.71936 0.28868 0.02772 0.03811
0 0.69164 0.26732 0.03378 0.04734
0 0.68017 0.28724 0.03248 0.04215
0 0.73019 0.31351 0.01992 0.03233
0 0.70615 0.30745 0.02988 0.03753
0 0.71719 0.33285 0.01992 0.03060
0 0.70485 0.35046 0.01776 0.02771
0 0.69034 0.36403 0.02252 0.03291
0 0.67800 0.37875 0.02036 0.03580
0 0.66501 0.39752 0.02122 0.03060
0 0.65440 0.41513 0.02425 0.03118
0 0.64227 0.42927 0.01992 0.03060
0 0.69381 0.32679 0.02945 0.04273
0 0.66695 0.30427 0.03291 0.04388
0 0.65461 0.32333 0.02988 0.04273
0 0.64140 0.33920 0.02945 0.04099
0 0.62949 0.36028 0.02988 0.04273
0 0.67843 0.34440 0.02642 0.03868
0 0.66392 0.36230 0.02685 0.03637
0 0.65331 0.37789 0.02555 0.03637
0 0.64205 0.39521 0.02382 0.03291
0 0.63036 0.41397 0.02642 0.03464
0 0.61823 0.37846 0.03075 0.04099
0 0.60459 0.39579 0.03032 0.03984
0 0.59355 0.41513 0.02988 0.04042
0 0.61845 0.42956 0.02685 0.03349
0 0.63036 0.44775 0.02295 0.02945
0 0.61975 0.46218 0.02079 0.02598
0 0.60719 0.44861 0.02599 0.03349
0 0.58164 0.43360 0.02772 0.04042
0 0.56994 0.44833 0.02858 0.03753
0 0.59550 0.46622 0.02512 0.03406
0 0.60892 0.47979 0.01992 0.02887
0 0.59745 0.49567 0.02036 0.02483
0 0.58532 0.50981 0.01776 0.02309
0 0.57254 0.52338 0.02079 0.02367
0 0.56193 0.53753 0.02209 0.02771
0 0.54937 0.55196 0.02036 0.02309
0 0.53681 0.56495 0.02122 0.02598
0 0.52793 0.57679 0.02079 0.02771
0 0.51494 0.58949 0.02079 0.02079
0 0.50520 0.60393 0.02295 0.02887
0 0.49199 0.61749 0.01992 0.02367
0 0.45799 0.63828 0.01429 0.02136
0 0.47488 0.63684 0.02209 0.02771
0 0.47640 0.62991 0.01992 0.02309
0 0.58120 0.48037 0.02858 0.03580
0 0.56843 0.49336 0.02642 0.03984
0 0.54612 0.47777 0.02599 0.04099
0 0.53421 0.49365 0.02555 0.03811
0 0.55608 0.51039 0.02165 0.03002
0 0.54656 0.52742 0.02165 0.03176
0 0.52534 0.51213 0.02599 0.03695
0 0.53097 0.54330 0.02425 0.02887
0 0.51408 0.52396 0.02599 0.03984
0 0.50476 0.54013 0.02988 0.03753
0 0.51364 0.56524 0.02599 0.03118
0 0.49242 0.55514 0.02599 0.03637
0 0.48289 0.56957 0.02945 0.03406
0 0.49307 0.58891 0.02469 0.03349
0 0.47683 0.60855 0.02425 0.03002
0 0.46882 0.58545 0.02815 0.03695
0 0.45626 0.60219 0.02209 0.03118
0 0.11260 0.22027 0.01213 0.02598
0 0.11845 0.24047 0.01429 0.03522
0 0.12819 0.26443 0.01819 0.03118
0 0.13296 0.28839 0.01559 0.03522
0 0.14097 0.30601 0.01429 0.02887
0 0.14682 0.32621 0.01386 0.02425
0 0.15375 0.34758 0.01559 0.02887
0 0.16133 0.37067 0.02209 0.03464
0 0.16782 0.38943 0.01689 0.02483
0 0.17129 0.41080 0.01949 0.03176
0 0.17800 0.43505 0.01906 0.03637
0 0.18536 0.45410 0.01819 0.02945
0 0.19164 0.47258 0.01689 0.02598
0 0.19879 0.49394 0.01732 0.02945
0 0.20723 0.51472 0.01949 0.02829
0 0.21286 0.53551 0.01602 0.02714
0 0.21849 0.56034 0.01602 0.03291
0 0.22910 0.58228 0.01992 0.02136
0 0.23084 0.60046 0.01819 0.02425
0 0.23517 0.62154 0.01732 0.02598
0 0.24058 0.64174 0.01602 0.02598
0 0.24773 0.65907 0.01646 0.02483
0 0.24599 0.58372 0.03032 0.03118
0 0.23863 0.55947 0.03032 0.03002
0 0.23127 0.53407 0.02685 0.03464
0 0.22542 0.50606 0.02555 0.03406
0 0.21568 0.48268 0.02772 0.03926
0 0.20983 0.45699 0.03075 0.03637
0 0.20312 0.43360 0.03378 0.03811
0 0.19554 0.40935 0.02469 0.03233
0 0.19013 0.38828 0.02858 0.03637
0 0.18428 0.36865 0.02555 0.03060
0 0.17692 0.34931 0.02902 0.03811
0 0.16782 0.32823 0.03075 0.03984
0 0.16003 0.30774 0.02815 0.03464
0 0.15396 0.28464 0.02815 0.03580
0 0.14877 0.26357 0.02555 0.03176
0 0.13902 0.24221 0.02772 0.04099
0 0.13253 0.22200 0.02772 0.03868
0 0.12516 0.19948 0.03032 0.04215
0 0.12256 0.16830 0.02685 0.04215
0 0.14877 0.15445 0.04201 0.04561
0 0.15288 0.18505 0.03725 0.04099
0 0.16154 0.20785 0.03291 0.03580
0 0.16739 0.23210 0.03421 0.04157
0 0.17757 0.25866 0.03291 0.03811
0 0.18601 0.28637 0.03335 0.04042
0 0.19705 0.31236 0.03638 0.04273
0 0.20702 0.33430 0.03465 0.03580
0 0.21373 0.35191 0.03595 0.03868
0 0.22109 0.37356 0.03681 0.03811
0 0.22477 0.40012 0.03638 0.03811
0 0.23149 0.42321 0.03162 0.03580
0 0.23885 0.44457 0.03421 0.03695
0 0.24383 0.46998 0.03898 0.04042
0 0.24989 0.48874 0.03378 0.03060
0 0.25964 0.50837 0.04547 0.03868
0 0.26094 0.53349 0.03595 0.03464
0 0.26657 0.55831 0.03508 0.04042
0 0.18276 0.13481 0.03898 0.03522
0 0.18709 0.16224 0.04158 0.03580
0 0.19489 0.18476 0.04331 0.03695
0 0.20463 0.20699 0.04634 0.03291
0 0.20767 0.23210 0.04288 0.03349
0 0.21438 0.25231 0.03898 0.03464
0 0.22412 0.27252 0.04028 0.03811
0 0.23365 0.29590 0.03508 0.03753
0 0.24188 0.31871 0.03854 0.04042
0 0.25119 0.34440 0.03725 0.03753
0 0.25964 0.36778 0.03508 0.03464
0 0.26635 0.38943 0.03725 0.03406
0 0.27155 0.41570 0.04071 0.03811
0 0.27631 0.44053 0.04071 0.03811
0 0.28259 0.46478 0.04028 0.03926
0 0.28995 0.48528 0.03768 0.03176
0 0.29320 0.50953 0.04158 0.03060
0 0.29840 0.53147 0.04244 0.03522
0 0.30381 0.55543 0.04374 0.03926
0 0.30879 0.57679 0.04071 0.04042
0 0.27588 0.58718 0.03378 0.03926
0 0.25271 0.60768 0.03248 0.03291
0 0.25790 0.62875 0.02902 0.03811
0 0.28584 0.61547 0.03811 0.03926
0 0.29472 0.63539 0.03421 0.03637
0 0.27155 0.09238 0.02685 0.03002
0 0.27025 0.10104 0.02339 0.02771
0 0.27869 0.12327 0.02209 0.02598
0 0.23863 0.09613 0.04071 0.05139
0 0.24838 0.11287 0.03941 0.03406
0 0.25704 0.13395 0.03421 0.03118
0 0.22131 0.13828 0.04244 0.03291
0 0.22715 0.16513 0.04028 0.04388
0 0.26418 0.15704 0.03638 0.03349
0 0.28411 0.14463 0.02165 0.02829
0 0.29861 0.16570 0.01429 0.02309
0 0.30663 0.18505 0.01126 0.01559
0 0.29147 0.16975 0.01992 0.02540
0 0.27306 0.18014 0.03768 0.03002
0 0.29840 0.19371 0.02339 0.02714
0 0.27436 0.20525 0.03941 0.03176
0 0.28324 0.22286 0.03725 0.03118
0 0.30554 0.21478 0.02295 0.02079
0 0.31139 0.23355 0.02339 0.02252
0 0.28930 0.24538 0.03205 0.03002
0 0.31789 0.25087 0.02599 0.02136
0 0.29840 0.26357 0.03378 0.03176
0 0.32547 0.27281 0.02642 0.02598
0 0.34149 0.28233 0.00909 0.02079
0 0.34647 0.30167 0.00866 0.01790
0 0.33153 0.29272 0.02469 0.02079
0 0.30554 0.28435 0.02988 0.02598
0 0.31247 0.30745 0.02988 0.02829
0 0.33781 0.31351 0.02425 0.02425
0 0.35232 0.31842 0.01083 0.01674
0 0.35708 0.33545 0.01169 0.01848
0 0.34192 0.32823 0.01949 0.01559
0 0.31984 0.33285 0.02815 0.02829
0 0.23863 0.19284 0.04417 0.04388
0 0.24253 0.22027 0.03205 0.02598
0 0.25401 0.23845 0.03768 0.04388
0 0.26332 0.26213 0.03638 0.03233
0 0.27241 0.28464 0.03725 0.03349
0 0.28042 0.30745 0.03421 0.03176
0 0.28909 0.32650 0.03854 0.03176
0 0.29277 0.34873 0.03465 0.02540
0 0.29775 0.36721 0.03941 0.03233
0 0.30424 0.38741 0.03508 0.03002
0 0.31009 0.41080 0.03725 0.03406
0 0.31637 0.43158 0.03595 0.02945
0 0.32980 0.35104 0.02815 0.02656
0 0.34669 0.34440 0.02295 0.02252
0 0.36336 0.35393 0.01213 0.02309
0 0.37505 0.37760 0.01299 0.02656
0 0.36812 0.37154 0.00780 0.01443
0 0.35362 0.36461 0.02295 0.02367
0 0.33478 0.37327 0.03378 0.03060
0 0.37310 0.38828 0.01256 0.02136
0 0.36011 0.38366 0.01862 0.01905
0 0.34192 0.39521 0.03421 0.02829
0 0.38047 0.40820 0.00996 0.01963
0 0.36791 0.40416 0.02036 0.02540
0 0.34842 0.41744 0.03595 0.02656
0 0.37267 0.42639 0.01862 0.02136
0 0.38610 0.42812 0.01169 0.02021
0 0.39064 0.44602 0.01039 0.02021
0 0.37830 0.44486 0.02122 0.02021
0 0.35210 0.43995 0.03465 0.02887
0 0.32178 0.45670 0.03465 0.03349
0 0.32547 0.48152 0.03768 0.03695
0 0.33045 0.51097 0.03551 0.03464
0 0.33651 0.53868 0.03291 0.03926
0 0.36033 0.45958 0.03205 0.02656
0 0.39584 0.46593 0.00953 0.01963
0 0.38350 0.46507 0.02209 0.02367
0 0.35838 0.48412 0.02988 0.02829
0 0.36444 0.50433 0.03248 0.02714
0 0.38372 0.48643 0.02252 0.02945
0 0.40082 0.48874 0.01429 0.02829
0 0.40667 0.50606 0.00780 0.01328
0 0.39303 0.50635 0.02209 0.02540
0 0.37116 0.52656 0.03725 0.03695
0 0.41035 0.52281 0.01516 0.02021
0 0.39887 0.52656 0.02079 0.02194
0 0.38047 0.54475 0.03508 0.03291
0 0.34625 0.56120 0.03595 0.04273
0 0.31724 0.59815 0.03768 0.04042
0 0.32482 0.61721 0.03638 0.03811
0 0.35275 0.58574 0.03335 0.03522
0 0.38675 0.56438 0.03291 0.03176
0 0.41555 0.54359 0.01429 0.02252
0 0.40429 0.54648 0.01862 0.02021
0 0.42183 0.56207 0.01299 0.01905
0 0.41057 0.56755 0.01732 0.02079
0 0.42746 0.58025 0.01819 0.02309
0 0.41533 0.58603 0.01559 0.02309
0 0.38913 0.59180 0.03768 0.04157
0 0.35968 0.60941 0.03421 0.03753
0 0.43547 0.60306 0.01169 0.02483
0 0.42248 0.60479 0.02209 0.03060
0 0.39584 0.60941 0.03465 0.03637
0 0.36682 0.62933 0.03291 0.03464
0 0.33131 0.64117 0.03898 0.03984
0 0.29558 0.65473 0.03421 0.03811
0 0.26657 0.65156 0.02988 0.03522
0 0.25487 0.68043 0.01776 0.02367
0 0.27436 0.67725 0.02469 0.03118
0 0.26440 0.69948 0.01949 0.02598
0 0.26050 0.71622 0.01083 0.01674
0 0.27263 0.71998 0.01776 0.01963
0 0.26916 0.73701 0.00996 0.01790
0 0.27544 0.75693 0.00866 0.01617
0 0.27934 0.73990 0.01732 0.02483
0 0.28237 0.70208 0.02165 0.03349
0 0.30424 0.67696 0.03941 0.03868
0 0.34041 0.66109 0.03638 0.04157
0 0.37354 0.65185 0.03595 0.04042
0 0.40234 0.63424 0.03465 0.04099
0 0.42594 0.62818 0.01949 0.02771
0 0.43958 0.62384 0.01386 0.02598
0 0.45583 0.65762 0.01256 0.02425
0 0.44543 0.64348 0.01169 0.02252
0 0.43352 0.64838 0.01906 0.02771
0 0.40905 0.65560 0.03248 0.03637
0 0.38307 0.67263 0.03508 0.03926
0 0.31291 0.70035 0.03854 0.04042
0 0.29277 0.72690 0.02512 0.02887
0 0.28519 0.76241 0.01862 0.03176
0 0.29970 0.75289 0.02685 0.03233
0 0.29233 0.78204 0.01646 0.02829
0 0.30338 0.80745 0.02382 0.03753
0 0.31009 0.77743 0.02685 0.02945
0 0.34842 0.68389 0.03681 0.03868
0 0.32243 0.72200 0.03768 0.04215
0 0.35665 0.70554 0.03508 0.03926
0 0.39043 0.69515 0.03508 0.04388
0 0.41901 0.67494 0.03335 0.04157
0 0.45128 0.66484 0.01386 0.02945
0 0.44088 0.66772 0.01732 0.02829
0 0.45583 0.68736 0.01343 0.02598
0 0.44716 0.69053 0.01516 0.02194
0 0.42291 0.69544 0.03768 0.03637
0 0.39996 0.71940 0.03595 0.04157
0 0.36423 0.72893 0.03811 0.04099
0 0.33088 0.74740 0.03898 0.04215
0 0.37440 0.75058 0.03595 0.04157
0 0.40905 0.73730 0.03508 0.03926
0 0.43244 0.71738 0.03075 0.03868
0 0.45864 0.70439 0.01559 0.02194
0 0.45214 0.71218 0.01732 0.02483
0 0.46427 0.72460 0.01559 0.02309
0 0.47293 0.74596 0.00866 0.01732
0 0.46167 0.73787 0.01732 0.03118
0 0.44023 0.73874 0.03162 0.03637
0 0.41750 0.76097 0.03465 0.03811
0 0.38285 0.77078 0.03725 0.04273
0 0.34322 0.76992 0.03508 0.04330
0 0.32352 0.79965 0.03205 0.02887
0 0.31464 0.83112 0.02295 0.03522
0 0.32417 0.85624 0.02122 0.03464
0 0.33456 0.81871 0.03681 0.03464
0 0.35557 0.79446 0.03291 0.04503
0 0.38978 0.79417 0.03725 0.03868
0 0.42399 0.78407 0.03291 0.03695
0 0.44608 0.76184 0.02685 0.02829
0 0.46752 0.75924 0.02036 0.02540
0 0.47726 0.77281 0.01819 0.02483
0 0.47618 0.78782 0.01602 0.02945
0 0.45366 0.78291 0.03335 0.03926
0 0.43244 0.80918 0.03595 0.04446
0 0.39909 0.81871 0.03335 0.04273
0 0.36596 0.82679 0.03378 0.04965
0 0.33846 0.84180 0.02815 0.03464
0 0.33456 0.87096 0.01776 0.02829
0 0.33803 0.88713 0.01689 0.01905
0 0.35232 0.86259 0.02815 0.03233
0 0.35058 0.89550 0.02642 0.03580
0 0.36358 0.88424 0.03075 0.03753
0 0.37917 0.85479 0.02902 0.04099
0 0.40819 0.84382 0.03248 0.03637
0 0.43937 0.83401 0.03421 0.03984
0 0.46124 0.81293 0.02685 0.03811
0 0.46860 0.83863 0.02858 0.03637
0 0.44825 0.86057 0.03118 0.04215
0 0.41663 0.86894 0.03725 0.04042
0 0.39000 0.87846 0.02728 0.04561
0 0.37202 0.91224 0.01819 0.03349
0 0.40039 0.90560 0.02988 0.04215
0 0.42767 0.89261 0.03075 0.04273
0 0.41295 0.93447 0.03248 0.05023
0 0.44110 0.91830 0.03248 0.04446
0 0.45583 0.88684 0.02902 0.03811
0 0.47640 0.87096 0.02685 0.04330
0 0.48138 0.90589 0.02209 0.03349
0 0.46622 0.90993 0.02295 0.03811
0 0.45279 0.94140 0.02988 0.03753
0 0.41923 0.97084 0.02339 0.02483
0 0.42746 0.95612 0.02858 0.03926
0 0.44630 0.97489 0.02902 0.03753
