0 0.44846 0.73557 0.00823 0.01039
0 0.45431 0.74740 0.01039 0.01097
0 0.43894 0.74509 0.00996 0.01443
0 0.77263 0.67870 0.01126 0.00751
0 0.78172 0.68649 0.01559 0.01386
0 0.80663 0.69284 0.00823 0.00577
0 0.82612 0.70006 0.00736 0.01097
0 0.81767 0.70063 0.01472 0.01674
0 0.80533 0.70179 0.01602 0.01443
0 0.79472 0.69313 0.01646 0.01790
0 0.78497 0.69948 0.01516 0.01905
0 0.79732 0.71103 0.01732 0.01905
0 0.76137 0.67667 0.01472 0.01155
0 0.76830 0.68707 0.01646 0.01617
0 0.77285 0.70092 0.01516 0.01732
0 0.78324 0.71680 0.01689 0.02483
0 0.76916 0.71420 0.01386 0.02194
0 0.75639 0.71305 0.01689 0.02079
0 0.75747 0.69659 0.01732 0.01674
0 0.72932 0.67292 0.01732 0.01790
0 0.74643 0.67494 0.01776 0.01386
0 0.75422 0.68331 0.01602 0.01443
0 0.71568 0.66801 0.01083 0.01155
0 0.70377 0.66022 0.00780 0.00866
0 0.69446 0.65589 0.01256 0.01155
0 0.70853 0.67090 0.01646 0.01617
0 0.69359 0.66686 0.01689 0.01617
0 0.74166 0.68591 0.01602 0.01386
0 0.72499 0.67581 0.01646 0.01674
0 0.73062 0.69140 0.01559 0.02021
0 0.71828 0.68360 0.01516 0.01963
0 0.70225 0.68274 0.01862 0.02136
0 0.68644 0.67552 0.01473 0.02079
0 0.68168 0.65791 0.01473 0.01905
0 0.66631 0.65214 0.01689 0.01328
0 0.65635 0.66282 0.01602 0.01848
0 0.67107 0.66397 0.01776 0.01732
0 0.67518 0.67783 0.01386 0.01848
0 0.68341 0.69515 0.01906 0.02309
0 0.70788 0.70150 0.01689 0.02079
0 0.74296 0.70150 0.02036 0.02079
0 0.77783 0.73383 0.01992 0.02079
0 0.76267 0.72979 0.01992 0.01848
0 0.74426 0.72084 0.01429 0.02367
0 0.72824 0.71074 0.01949 0.02079
0 0.71481 0.72113 0.01949 0.02079
0 0.73149 0.72950 0.01906 0.02252
0 0.83759 0.70064 0.01819 0.01097
0 0.85427 0.70756 0.00650 0.00751
0 0.84690 0.70756 0.01343 0.01328
0 0.83673 0.71363 0.01559 0.01963
0 0.82308 0.71391 0.01689 0.02021
0 0.81139 0.71853 0.01689 0.02252
0 0.80056 0.72806 0.01776 0.01963
0 0.86596 0.71247 0.01689 0.01501
0 0.86163 0.71680 0.01862 0.01559
0 0.85015 0.72171 0.01906 0.01732
0 0.88068 0.72113 0.01689 0.01039
0 0.87441 0.72662 0.01819 0.01328
0 0.89519 0.72662 0.01992 0.01559
0 0.88891 0.73326 0.01689 0.01501
0 0.91468 0.73557 0.01906 0.01732
0 0.90580 0.74163 0.01776 0.02021
0 0.93027 0.74076 0.01906 0.01501
0 0.92334 0.75144 0.01732 0.02483
0 0.95388 0.75635 0.01169 0.01270
0 0.94132 0.75000 0.01862 0.01617
0 0.93958 0.75635 0.01689 0.02079
0 0.96297 0.77194 0.00736 0.01963
0 0.95279 0.76559 0.01559 0.01732
0 0.96016 0.78262 0.01213 0.02021
0 0.94738 0.77742 0.01602 0.02252
0 0.93352 0.77136 0.02036 0.02194
0 0.97358 0.81033 0.01473 0.01905
0 0.96275 0.80831 0.01126 0.01732
0 0.97705 0.78839 0.01039 0.00982
0 0.97575 0.79446 0.01646 0.02079
0 0.96903 0.79677 0.01516 0.01732
0 0.94392 0.82159 0.00823 0.01155
0 0.95171 0.81524 0.01083 0.01270
0 0.95626 0.80139 0.01386 0.01963
0 0.94565 0.81091 0.00736 0.01328
0 0.94846 0.79705 0.01646 0.02136
0 0.93395 0.79099 0.01689 0.02194
0 0.93417 0.82592 0.01213 0.01212
0 0.93547 0.81091 0.01559 0.02136
0 0.91771 0.82939 0.01386 0.01443
0 0.92248 0.82217 0.01299 0.01501
0 0.92334 0.80601 0.01819 0.02425
0 0.87181 0.74567 0.01906 0.02598
0 0.91230 0.76097 0.02122 0.02079
0 0.84344 0.73268 0.01689 0.01963
0 0.82330 0.73152 0.01732 0.01617
0 0.79277 0.74192 0.01776 0.02194
0 0.80966 0.74105 0.01862 0.02021
0 0.83391 0.74278 0.01776 0.01905
0 0.82395 0.75058 0.01689 0.02309
0 0.86119 0.73326 0.01949 0.01848
0 0.85686 0.74769 0.01776 0.02309
0 0.85102 0.75953 0.01646 0.02483
0 0.83673 0.76126 0.01732 0.02136
0 0.89671 0.74913 0.01862 0.02136
0 0.88220 0.74019 0.01732 0.01848
0 0.89324 0.76559 0.01689 0.02425
0 0.87765 0.76617 0.01776 0.02309
0 0.86250 0.76992 0.01776 0.02252
0 0.91945 0.78118 0.01732 0.02425
0 0.90667 0.77338 0.01689 0.02483
0 0.89498 0.78724 0.01776 0.02367
0 0.90472 0.82621 0.01299 0.01848
0 0.90992 0.81755 0.01299 0.01963
0 0.90754 0.79734 0.01689 0.02425
0 0.87700 0.83170 0.01646 0.00982
0 0.89021 0.82708 0.01689 0.01443
0 0.89519 0.81264 0.01819 0.01790
0 0.87917 0.81986 0.01646 0.01732
0 0.88285 0.80312 0.01776 0.02079
0 0.87527 0.78695 0.01646 0.02309
0 0.85860 0.78782 0.02036 0.02252
0 0.86618 0.80572 0.01732 0.02136
0 0.86076 0.83228 0.01776 0.01212
0 0.86488 0.82188 0.01646 0.01790
0 0.85123 0.81293 0.01602 0.01848
0 0.83759 0.82968 0.01039 0.01270
0 0.84820 0.82737 0.01689 0.02079
0 0.82915 0.82679 0.02295 0.01386
0 0.83543 0.81149 0.01732 0.02252
0 0.84279 0.79965 0.01732 0.02425
0 0.84344 0.77858 0.02036 0.02136
0 0.83110 0.78868 0.01732 0.02425
0 0.80901 0.82448 0.01732 0.01501
0 0.81745 0.81899 0.01862 0.01328
0 0.79883 0.81957 0.01689 0.01559
0 0.78411 0.81871 0.01343 0.01270
0 0.80749 0.80658 0.01516 0.02079
0 0.79385 0.80774 0.01386 0.02079
0 0.78367 0.80167 0.01343 0.02367
0 0.79710 0.79244 0.01689 0.02021
0 0.82243 0.80629 0.01732 0.02021
0 0.81399 0.79215 0.01776 0.02079
0 0.82005 0.77050 0.01862 0.02714
0 0.80771 0.75924 0.01732 0.02425
0 0.80381 0.77800 0.01906 0.02483
0 0.79255 0.76328 0.01732 0.02194
0 0.78605 0.78204 0.01646 0.02367
0 0.75661 0.81871 0.01992 0.01732
0 0.75227 0.74221 0.01732 0.02483
0 0.77761 0.75520 0.01862 0.02540
0 0.76094 0.76068 0.01819 0.02483
0 0.77285 0.77714 0.01862 0.02309
0 0.77241 0.81062 0.01776 0.01963
0 0.77090 0.79648 0.01819 0.01790
0 0.75617 0.80716 0.01732 0.01501
0 0.75422 0.79157 0.01776 0.02079
0 0.75054 0.77367 0.01646 0.02079
0 0.73798 0.81871 0.01386 0.01155
0 0.73993 0.80918 0.01776 0.01328
0 0.73906 0.79677 0.01689 0.01963
0 0.73149 0.78724 0.01819 0.02252
0 0.73495 0.77136 0.01732 0.02079
0 0.74318 0.75751 0.01992 0.01963
0 0.73235 0.75087 0.01559 0.02136
0 0.71958 0.76617 0.02036 0.02540
0 0.72066 0.81467 0.01386 0.01270
0 0.72932 0.81062 0.01213 0.01501
0 0.70528 0.81120 0.01776 0.01848
0 0.71373 0.80601 0.01819 0.01501
0 0.72174 0.79908 0.01776 0.01732
0 0.70680 0.79388 0.01473 0.01848
0 0.71481 0.78320 0.01516 0.01790
0 0.70204 0.76039 0.01646 0.01963
0 0.71914 0.74307 0.01689 0.02540
0 0.70420 0.73903 0.01906 0.02540
0 0.70095 0.72546 0.01429 0.02136
0 0.68471 0.72864 0.02079 0.02425
0 0.66782 0.74249 0.01819 0.02079
0 0.68449 0.75318 0.01949 0.02483
0 0.66284 0.80139 0.01689 0.01848
0 0.68926 0.80976 0.01516 0.01443
0 0.67735 0.80225 0.01646 0.01328
0 0.64877 0.80658 0.01732 0.00808
0 0.63491 0.80225 0.01646 0.00982
0 0.64920 0.79994 0.01646 0.01443
0 0.63621 0.79446 0.01732 0.01270
0 0.60481 0.80312 0.01083 0.00924
0 0.61780 0.80398 0.01862 0.01097
0 0.61996 0.79619 0.01862 0.00924
0 0.60632 0.79244 0.01732 0.01443
0 0.62148 0.78840 0.01732 0.01328
0 0.69186 0.79446 0.01602 0.02309
0 0.67627 0.78868 0.01776 0.02540
0 0.69835 0.78089 0.01862 0.02483
0 0.68255 0.77367 0.01992 0.01963
0 0.66046 0.78262 0.01732 0.01905
0 0.66587 0.76588 0.01602 0.02252
0 0.64985 0.78926 0.01343 0.01848
0 0.63642 0.78175 0.01602 0.01963
0 0.64638 0.76992 0.01862 0.02136
0 0.63534 0.76097 0.01906 0.02540
0 0.62213 0.77771 0.01862 0.01732
0 0.61845 0.75953 0.01906 0.02252
0 0.65353 0.75116 0.01732 0.01963
0 0.64075 0.73932 0.01776 0.02367
0 0.65310 0.73124 0.01906 0.02367
0 0.66825 0.71998 0.01732 0.02194
0 0.69489 0.70958 0.01862 0.01963
0 0.67995 0.71016 0.01732 0.01848
0 0.66695 0.69284 0.01732 0.02079
0 0.66089 0.67783 0.01732 0.01963
0 0.64314 0.67350 0.01819 0.02136
0 0.65505 0.70930 0.01689 0.02252
0 0.65180 0.68967 0.01646 0.02367
0 0.63707 0.69111 0.01732 0.02540
0 0.62798 0.70583 0.01732 0.01905
0 0.64075 0.71565 0.01516 0.02598
0 0.63014 0.72604 0.01559 0.02598
0 0.54114 0.61865 0.01516 0.00866
0 0.52599 0.61692 0.01602 0.00751
0 0.52815 0.62067 0.00996 0.00808
0 0.53183 0.62933 0.01213 0.01732
0 0.55500 0.62240 0.01429 0.00924
0 0.56756 0.62211 0.01256 0.00751
0 0.57925 0.62384 0.01949 0.00866
0 0.56778 0.62875 0.00953 0.00924
0 0.54418 0.63020 0.01602 0.02136
0 0.55240 0.64492 0.02122 0.01732
0 0.55760 0.63135 0.01169 0.02021
0 0.53551 0.64492 0.01689 0.01848
0 0.59550 0.63077 0.01732 0.01328
0 0.58250 0.63048 0.01473 0.01386
0 0.56973 0.63655 0.01343 0.02021
0 0.62170 0.63626 0.01516 0.01270
0 0.60979 0.64174 0.01472 0.01559
0 0.59679 0.64117 0.01473 0.01905
0 0.58207 0.64348 0.01906 0.02136
0 0.56453 0.65127 0.01689 0.01963
0 0.63469 0.64463 0.01602 0.02021
0 0.62300 0.64954 0.01776 0.01732
0 0.61282 0.65445 0.01819 0.01790
0 0.59939 0.65589 0.01213 0.01732
0 0.61044 0.66686 0.01949 0.02079
0 0.62949 0.66311 0.01689 0.02021
0 0.62365 0.67841 0.01732 0.02079
0 0.61390 0.69255 0.01949 0.02252
0 0.59723 0.67234 0.01646 0.01790
0 0.59571 0.69024 0.01776 0.02367
0 0.58380 0.67696 0.01559 0.02252
0 0.58705 0.65791 0.01602 0.01790
0 0.57319 0.66455 0.01776 0.01963
0 0.55154 0.66109 0.01602 0.02194
0 0.53681 0.66195 0.01689 0.02252
0 0.56063 0.67783 0.01602 0.02309
0 0.54439 0.68043 0.01819 0.02367
0 0.57103 0.68995 0.01689 0.02309
0 0.62430 0.74509 0.01776 0.02136
0 0.61347 0.72315 0.01602 0.02483
0 0.60373 0.70756 0.01732 0.02367
0 0.58683 0.70814 0.01819 0.02483
0 0.57124 0.71218 0.01646 0.02483
0 0.56128 0.69948 0.01646 0.02483
0 0.54504 0.70121 0.01689 0.02252
0 0.55327 0.72027 0.01776 0.02483
0 0.52187 0.64001 0.01559 0.01905
0 0.51299 0.61836 0.01083 0.00924
0 0.51949 0.62846 0.01429 0.01905
0 0.48051 0.60624 0.00650 0.00577
0 0.47228 0.60912 0.01516 0.01039
0 0.44392 0.60190 0.00866 0.01097
0 0.45669 0.60450 0.01776 0.01155
0 0.45842 0.61287 0.01689 0.01328
0 0.49870 0.61028 0.01169 0.00462
0 0.48657 0.60941 0.01343 0.00982
0 0.49329 0.61663 0.00866 0.01039
0 0.48224 0.61576 0.01429 0.01328
0 0.50866 0.63337 0.01343 0.02194
0 0.50065 0.62182 0.01906 0.02079
0 0.48701 0.62904 0.01689 0.02367
0 0.46925 0.61663 0.01343 0.01039
0 0.47120 0.62846 0.01819 0.02021
0 0.45583 0.62442 0.01602 0.01905
0 0.49784 0.64088 0.01602 0.02079
0 0.48008 0.64117 0.01776 0.02252
0 0.47423 0.65416 0.01299 0.02079
0 0.49112 0.65618 0.01559 0.02136
0 0.52274 0.65820 0.01646 0.02194
0 0.53140 0.67812 0.01386 0.02252
0 0.51819 0.67985 0.01516 0.02367
0 0.52447 0.69544 0.01732 0.02252
0 0.50628 0.69775 0.01386 0.02367
0 0.49372 0.69544 0.01559 0.02252
0 0.60611 0.77829 0.01602 0.02079
0 0.59766 0.79619 0.01299 0.01732
0 0.58185 0.79879 0.00996 0.00635
0 0.56475 0.79763 0.00780 0.00635
0 0.54937 0.79244 0.01083 0.01559
0 0.55738 0.78782 0.01819 0.01559
0 0.56518 0.78002 0.01819 0.01848
0 0.57297 0.79330 0.01646 0.01501
0 0.58532 0.78984 0.01602 0.01848
0 0.59117 0.77887 0.01732 0.01963
0 0.56236 0.76674 0.01256 0.02540
0 0.57817 0.77165 0.01992 0.01905
0 0.57860 0.73152 0.01819 0.02425
0 0.60676 0.74423 0.01819 0.02079
0 0.59658 0.72893 0.01949 0.02367
0 0.59052 0.74971 0.01776 0.02252
0 0.57233 0.75606 0.01862 0.02252
0 0.56431 0.74019 0.01819 0.02079
0 0.54699 0.74452 0.01906 0.02598
0 0.54981 0.77483 0.01602 0.02079
0 0.52620 0.79734 0.01473 0.01270
0 0.53638 0.79446 0.01689 0.01732
0 0.53551 0.78291 0.01949 0.01270
0 0.53335 0.71305 0.01776 0.01848
0 0.53811 0.73124 0.01602 0.02136
0 0.53313 0.76790 0.01559 0.02540
0 0.52902 0.74942 0.01776 0.02425
0 0.52382 0.72517 0.01602 0.02194
0 0.50606 0.72200 0.01602 0.02483
0 0.48831 0.71767 0.01689 0.02309
0 0.49394 0.80023 0.01343 0.01386
0 0.49415 0.79013 0.01472 0.01212
0 0.50585 0.79475 0.01299 0.01443
0 0.50476 0.78291 0.01776 0.01155
0 0.51949 0.78666 0.01689 0.01559
0 0.52035 0.77540 0.01256 0.01732
0 0.51754 0.76155 0.01646 0.02194
0 0.51321 0.74134 0.01906 0.02309
0 0.50346 0.77165 0.01516 0.01905
0 0.48939 0.76415 0.01559 0.01559
0 0.50087 0.75433 0.01862 0.02367
0 0.49610 0.73528 0.01862 0.02252
0 0.48528 0.75000 0.01689 0.01963
0 0.47856 0.73152 0.01732 0.02079
0 0.46882 0.70410 0.01689 0.02136
0 0.45171 0.70121 0.01732 0.02483
0 0.45539 0.72257 0.01776 0.02136
0 0.43958 0.71045 0.01732 0.02483
0 0.43179 0.73095 0.01646 0.02079
0 0.48939 0.78002 0.01819 0.02194
0 0.47835 0.79446 0.01689 0.01963
0 0.46254 0.78464 0.01906 0.01848
0 0.45842 0.77310 0.01776 0.01732
0 0.47337 0.76559 0.01819 0.02309
0 0.44846 0.76097 0.01689 0.02309
0 0.39259 0.80052 0.00476 0.00404
0 0.39757 0.80225 0.00606 0.00866
0 0.44392 0.78089 0.01646 0.02136
0 0.45886 0.80196 0.01343 0.01732
0 0.44911 0.79504 0.01732 0.01501
0 0.43049 0.79821 0.01213 0.01212
0 0.43330 0.79215 0.01429 0.01617
0 0.41923 0.79792 0.01299 0.01270
0 0.41988 0.78406 0.01256 0.01963
0 0.42919 0.77656 0.01472 0.02309
0 0.38978 0.78868 0.01386 0.02079
0 0.40429 0.79590 0.01776 0.02598
0 0.39736 0.77627 0.01169 0.01443
0 0.40862 0.77858 0.01256 0.02021
0 0.42551 0.75029 0.01343 0.01790
0 0.42096 0.76732 0.01732 0.02079
0 0.42421 0.71016 0.01516 0.02771
0 0.41620 0.73008 0.01732 0.02829
0 0.41035 0.75144 0.01516 0.02252
0 0.38177 0.77281 0.01429 0.02252
0 0.38891 0.76761 0.01819 0.01790
0 0.40385 0.76241 0.01689 0.02136
0 0.36401 0.76646 0.01256 0.01905
0 0.35860 0.75116 0.00693 0.01155
0 0.36358 0.75722 0.00650 0.00982
0 0.37267 0.76270 0.01343 0.01963
0 0.37874 0.75029 0.01689 0.01790
0 0.40061 0.73701 0.01819 0.02367
0 0.39151 0.75144 0.01472 0.02367
0 0.38047 0.73326 0.01602 0.02079
0 0.35578 0.73557 0.01429 0.01963
0 0.35145 0.70699 0.01343 0.02483
0 0.35838 0.71738 0.01862 0.02021
0 0.36748 0.74452 0.01516 0.02021
0 0.36942 0.72460 0.01646 0.02425
0 0.37657 0.71218 0.01343 0.02136
0 0.38653 0.69890 0.01343 0.02367
0 0.38870 0.71911 0.01949 0.02252
0 0.40689 0.71449 0.01516 0.02367
0 0.41165 0.69631 0.01776 0.01617
0 0.39714 0.69746 0.01299 0.02540
0 0.43352 0.59873 0.01472 0.01732
0 0.44197 0.61230 0.01689 0.01559
0 0.42486 0.60422 0.00953 0.01097
0 0.42746 0.61316 0.01559 0.01501
0 0.38155 0.61172 0.01126 0.01328
0 0.39411 0.60248 0.01386 0.01097
0 0.38242 0.61403 0.01213 0.01328
0 0.37419 0.62384 0.00953 0.00866
0 0.38740 0.62125 0.01776 0.01732
0 0.39476 0.60999 0.01256 0.01905
0 0.40624 0.59642 0.01039 0.01039
0 0.41901 0.59931 0.01516 0.02194
0 0.40883 0.60508 0.01386 0.02194
0 0.40191 0.61201 0.01472 0.02079
0 0.39649 0.62818 0.01429 0.01617
0 0.36423 0.63366 0.01039 0.01443
0 0.36986 0.63713 0.01039 0.02021
0 0.38133 0.63308 0.01516 0.02136
0 0.39000 0.64290 0.01516 0.02021
0 0.37549 0.65214 0.01559 0.02367
0 0.38415 0.66455 0.01472 0.02425
0 0.39822 0.65820 0.01516 0.02194
0 0.39151 0.67841 0.01386 0.02309
0 0.36185 0.69717 0.01602 0.02136
0 0.37289 0.69371 0.01646 0.01790
0 0.35210 0.68620 0.00780 0.01905
0 0.35795 0.68072 0.01343 0.01963
0 0.36899 0.67523 0.01732 0.02021
0 0.36314 0.66657 0.01602 0.02136
0 0.35860 0.65098 0.01732 0.02136
0 0.50974 0.66975 0.01559 0.01963
0 0.51104 0.65098 0.01646 0.02021
0 0.49697 0.67494 0.01516 0.02079
0 0.45929 0.63857 0.01689 0.01963
0 0.44435 0.64781 0.01299 0.02194
0 0.40580 0.67812 0.01819 0.02136
0 0.41317 0.66137 0.01732 0.01905
0 0.41533 0.64348 0.01646 0.02136
0 0.41836 0.62558 0.01559 0.02252
0 0.44002 0.62731 0.01646 0.02021
0 0.43136 0.63626 0.01646 0.01963
0 0.42984 0.65127 0.01776 0.02079
0 0.48354 0.66744 0.01602 0.01963
0 0.47986 0.68591 0.01732 0.02194
0 0.46925 0.67321 0.01602 0.02309
0 0.45994 0.65762 0.01646 0.02194
0 0.45388 0.67754 0.01646 0.02714
0 0.43980 0.68822 0.01689 0.02309
0 0.42551 0.68129 0.01689 0.02309
0 0.43893 0.66657 0.01689 0.02021
