0 0.92929 0.73750 0.14141 0.03500
0 0.93434 0.70500 0.13131 0.03500
0 0.01010 0.85875 0.02020 0.01750
0 0.01010 0.84000 0.02020 0.02000
0 0.02020 0.82000 0.04040 0.02500
0 0.01515 0.79625 0.03030 0.02250
0 0.02020 0.77625 0.04040 0.02250
0 0.01515 0.71500 0.03030 0.01500
0 0.02020 0.75500 0.04040 0.02500
0 0.01515 0.73500 0.03030 0.02000
0 0.20707 0.11125 0.07071 0.03250
0 0.17677 0.14000 0.09091 0.03000
0 0.14647 0.19250 0.07071 0.02500
0 0.14647 0.16500 0.07071 0.02500
0 0.02525 0.24875 0.05051 0.02250
0 0.02020 0.27125 0.04040 0.02250
0 0.02020 0.29750 0.04040 0.02500
0 0.02525 0.32125 0.05051 0.02750
0 0.03030 0.34875 0.06061 0.02750
0 0.03030 0.37250 0.06061 0.03000
0 0.02525 0.39125 0.05051 0.02250
0 0.03030 0.41125 0.06061 0.02250
0 0.03030 0.43250 0.06061 0.02500
0 0.03030 0.45500 0.06061 0.02500
0 0.03535 0.48000 0.07071 0.03000
0 0.03535 0.50375 0.07071 0.02750
0 0.03535 0.52375 0.07071 0.02750
0 0.03030 0.54500 0.06061 0.02500
0 0.03535 0.56875 0.07071 0.02250
0 0.03535 0.58875 0.07071 0.02250
0 0.03030 0.60875 0.06061 0.02250
0 0.02525 0.63125 0.05051 0.02250
0 0.02525 0.64875 0.05051 0.02250
0 0.02525 0.66875 0.05051 0.02250
0 0.03030 0.69250 0.06061 0.02500
0 0.54545 0.06750 0.08081 0.02000
0 0.44949 0.06625 0.09091 0.02250
0 0.86869 0.10750 0.10101 0.03000
0 0.64647 0.09125 0.12121 0.02750
0 0.26263 0.08875 0.08081 0.02750
0 0.36364 0.08375 0.12121 0.02750
0 0.51010 0.09000 0.15152 0.03000
0 0.80808 0.11625 0.06061 0.02250
0 0.72222 0.11000 0.07071 0.02500
0 0.48485 0.12250 0.14141 0.03000
0 0.62121 0.11875 0.13131 0.02750
0 0.88384 0.13375 0.11111 0.02750
0 0.73232 0.13625 0.11111 0.03250
0 0.82828 0.14000 0.10101 0.02500
0 0.91919 0.16375 0.08081 0.03250
0 0.83333 0.16500 0.09091 0.02500
0 0.93434 0.19000 0.07071 0.02500
0 0.85353 0.19000 0.11111 0.02500
0 0.71717 0.16625 0.14141 0.02750
0 0.36869 0.11250 0.11111 0.02500
0 0.60606 0.14750 0.14141 0.02500
0 0.46970 0.15125 0.15152 0.02750
0 0.32828 0.13875 0.15151 0.02750
0 0.20707 0.14500 0.09091 0.03000
0 0.25758 0.11375 0.09091 0.02750
0 0.92424 0.21750 0.07071 0.03000
0 0.84343 0.22250 0.07071 0.03000
0 0.93434 0.31000 0.07071 0.02500
0 0.92424 0.27625 0.09091 0.03750
0 0.92929 0.24375 0.10101 0.02750
0 0.72727 0.19125 0.14141 0.02750
0 0.58081 0.17625 0.13131 0.03250
0 0.45960 0.17625 0.11111 0.02750
0 0.33838 0.16500 0.15152 0.03000
0 0.20707 0.17375 0.11111 0.02750
0 0.28788 0.18875 0.09091 0.03250
0 0.40404 0.19875 0.16162 0.03250
0 0.57071 0.20500 0.17172 0.03000
0 0.72727 0.22125 0.16162 0.03250
0 0.84343 0.25000 0.09091 0.02500
0 0.72727 0.25000 0.14141 0.02500
0 0.57071 0.23250 0.15152 0.03000
0 0.84343 0.27500 0.11111 0.02500
0 0.85859 0.30000 0.10101 0.02500
0 0.72222 0.27250 0.13131 0.02500
0 0.58586 0.26000 0.16162 0.03000
0 0.73232 0.30125 0.15152 0.03250
0 0.58081 0.28875 0.17172 0.02750
0 0.95960 0.33250 0.08081 0.02500
0 0.94444 0.35375 0.09091 0.02250
0 0.85353 0.36000 0.11111 0.02500
0 0.85353 0.33125 0.13131 0.02750
0 0.72727 0.33000 0.14141 0.02500
0 0.58081 0.31625 0.15152 0.02750
0 0.73232 0.35625 0.15152 0.02750
0 0.93939 0.37875 0.10101 0.02750
0 0.85859 0.38750 0.10101 0.03000
0 0.73737 0.38500 0.16162 0.03000
0 0.94444 0.40625 0.09091 0.02750
0 0.84848 0.41375 0.10101 0.02750
0 0.94949 0.43625 0.08081 0.03250
0 0.87374 0.44125 0.09091 0.02750
0 0.95960 0.46625 0.08081 0.02750
0 0.86869 0.46625 0.12121 0.02750
0 0.72727 0.46750 0.16162 0.03000
0 0.75253 0.44000 0.17172 0.03000
0 0.73232 0.41375 0.15152 0.02750
0 0.57071 0.34250 0.15152 0.03000
0 0.57071 0.36875 0.15152 0.02750
0 0.58081 0.39375 0.15152 0.03250
0 0.58081 0.42375 0.17172 0.03250
0 0.58081 0.45125 0.19192 0.02750
0 0.56566 0.47875 0.18182 0.02750
0 0.38889 0.47875 0.17172 0.02750
0 0.39394 0.45375 0.18182 0.02750
0 0.39899 0.42750 0.19192 0.03000
0 0.39899 0.39875 0.17172 0.02750
0 0.39899 0.37250 0.17172 0.03000
0 0.41414 0.34250 0.16162 0.03500
0 0.41414 0.31125 0.16162 0.02750
0 0.41414 0.28500 0.16162 0.02500
0 0.41919 0.25875 0.13131 0.02750
0 0.41414 0.22875 0.14141 0.02750
0 0.20202 0.20000 0.12121 0.03000
0 0.30303 0.21875 0.12121 0.02750
0 0.27778 0.24625 0.13131 0.03250
0 0.24748 0.46125 0.13131 0.02750
0 0.24242 0.43750 0.14141 0.02500
0 0.25253 0.41250 0.14141 0.02500
0 0.25253 0.38625 0.14141 0.02750
0 0.26263 0.35875 0.14141 0.02750
0 0.25758 0.33375 0.13131 0.02750
0 0.26768 0.30500 0.11111 0.03000
0 0.27778 0.27625 0.13131 0.02750
0 0.17172 0.23125 0.14141 0.02750
0 0.16162 0.25750 0.10101 0.02500
0 0.14141 0.28625 0.14141 0.02750
0 0.14141 0.31000 0.14141 0.02500
0 0.13636 0.33375 0.13131 0.02750
0 0.14647 0.36000 0.11111 0.02500
0 0.13131 0.38625 0.12121 0.02750
0 0.12626 0.41750 0.11111 0.03000
0 0.12121 0.44125 0.10101 0.01750
0 0.95455 0.49125 0.09091 0.02250
0 0.85353 0.49375 0.11111 0.02750
0 0.71717 0.49500 0.16162 0.03000
0 0.94949 0.51750 0.10101 0.03000
0 0.84343 0.52250 0.13131 0.03000
0 0.93939 0.54375 0.10101 0.02750
0 0.94949 0.56875 0.10101 0.02750
0 0.83838 0.57625 0.12121 0.02750
0 0.82323 0.54875 0.15152 0.02750
0 0.71212 0.52750 0.15151 0.03500
0 0.55050 0.50625 0.17172 0.03250
0 0.56566 0.53250 0.16162 0.02500
0 0.94949 0.67625 0.10101 0.02750
0 0.94444 0.65000 0.11111 0.02500
0 0.93939 0.62375 0.12121 0.02750
0 0.94444 0.59625 0.11111 0.02750
0 0.83333 0.60500 0.15152 0.03000
0 0.69697 0.60000 0.14141 0.02500
0 0.69192 0.57125 0.17172 0.04250
0 0.55051 0.56000 0.19192 0.03000
0 0.36869 0.56250 0.17172 0.03000
0 0.38889 0.53500 0.19192 0.03000
0 0.37879 0.50625 0.19192 0.02750
0 0.11616 0.46625 0.11111 0.02750
0 0.11111 0.49375 0.10101 0.02750
0 0.11616 0.52375 0.09091 0.02250
0 0.11111 0.54750 0.10101 0.02500
0 0.09596 0.60250 0.09091 0.03000
0 0.10606 0.57500 0.09091 0.02500
0 0.22727 0.54500 0.15151 0.03000
0 0.21717 0.51750 0.15152 0.03000
0 0.22727 0.48875 0.15151 0.02750
0 0.08081 0.62875 0.10101 0.02750
0 0.94444 0.76625 0.11111 0.02750
0 0.83838 0.63250 0.12121 0.03000
0 0.54040 0.58625 0.17172 0.03250
0 0.36869 0.58875 0.17172 0.02750
0 0.22222 0.57250 0.16162 0.03000
0 0.08586 0.68500 0.09091 0.02500
0 0.09091 0.66000 0.10101 0.03000
0 0.83333 0.68875 0.13131 0.03250
0 0.83333 0.66125 0.13131 0.02750
0 0.70202 0.62625 0.17172 0.03250
0 0.53535 0.61375 0.18182 0.02750
0 0.52020 0.64125 0.17172 0.02750
0 0.68182 0.65500 0.17172 0.03500
0 0.81818 0.74875 0.14141 0.03250
0 0.82323 0.71750 0.13131 0.03000
0 0.68182 0.68875 0.19192 0.03250
0 0.50505 0.67250 0.18182 0.03500
0 0.36869 0.61750 0.17172 0.03000
0 0.34848 0.64500 0.17172 0.03000
0 0.33838 0.67125 0.15152 0.02750
0 0.20202 0.68625 0.14141 0.02750
0 0.20202 0.65875 0.12121 0.02750
0 0.20202 0.63125 0.14141 0.03250
0 0.21212 0.60125 0.14141 0.03250
0 0.50505 0.70375 0.18182 0.03250
0 0.93434 0.79625 0.13131 0.03250
0 0.95455 0.98750 0.05051 0.02500
0 0.95960 0.96000 0.04040 0.03000
0 0.95960 0.92500 0.06061 0.03500
0 0.88384 0.92250 0.11111 0.04000
0 0.91919 0.88750 0.14141 0.03500
0 0.89899 0.85500 0.18182 0.03000
0 0.91919 0.82500 0.14141 0.03000
0 0.67677 0.72000 0.18182 0.03000
0 0.81313 0.78125 0.13131 0.02750
0 0.79798 0.81625 0.14141 0.04250
0 0.65657 0.81250 0.16162 0.03500
0 0.66667 0.78000 0.18182 0.03000
0 0.66667 0.75000 0.18182 0.03000
0 0.32828 0.70375 0.15151 0.02750
0 0.49495 0.73625 0.18182 0.03250
0 0.79293 0.86750 0.11111 0.04500
0 0.66667 0.84375 0.18182 0.02750
0 0.65152 0.87625 0.19192 0.03750
0 0.51010 0.83875 0.17172 0.03750
0 0.48485 0.80000 0.16162 0.03500
0 0.50000 0.76875 0.17172 0.02750
0 0.33333 0.75875 0.16162 0.02750
0 0.32828 0.73375 0.15151 0.03250
0 0.33333 0.82375 0.18182 0.03250
0 0.32323 0.79000 0.20202 0.03500
0 0.50000 0.88625 0.17172 0.03750
0 0.34848 0.85500 0.21212 0.03000
0 0.32828 0.88875 0.17172 0.03750
0 0.18182 0.80875 0.12121 0.03250
0 0.18687 0.77750 0.13131 0.03000
0 0.18182 0.87125 0.12121 0.02750
0 0.18182 0.84250 0.12121 0.03500
0 0.08586 0.83125 0.09091 0.03250
0 0.08586 0.80000 0.09091 0.03000
0 0.09091 0.77000 0.10101 0.03000
0 0.09091 0.74000 0.10101 0.03000
0 0.08081 0.71125 0.10101 0.02750
0 0.18687 0.74375 0.13131 0.03250
0 0.19192 0.71375 0.14141 0.02750
0 0.08081 0.86625 0.10101 0.03250
0 0.74242 0.99750 0.11111 0.00500
0 0.86869 0.98500 0.12121 0.03000
0 0.87879 0.95625 0.12121 0.02750
0 0.79293 0.90875 0.11111 0.03750
0 0.65152 0.91125 0.17172 0.03750
0 0.07576 0.89500 0.07071 0.03000
0 0.76263 0.94250 0.11111 0.03000
0 0.75252 0.97500 0.13131 0.03500
0 0.49495 0.92375 0.18182 0.03750
0 0.62121 0.94375 0.15152 0.02750
0 0.59596 0.99750 0.16162 0.00500
0 0.59596 0.97375 0.20202 0.03750
0 0.09596 0.99000 0.11111 0.02000
0 0.07071 0.96250 0.06061 0.03500
0 0.07071 0.92625 0.06061 0.03750
0 0.38889 0.98625 0.21212 0.02750
0 0.17172 0.93375 0.16162 0.02750
0 0.43434 0.95625 0.18182 0.04250
0 0.17677 0.90125 0.17172 0.03250
0 0.32323 0.92250 0.16162 0.03500
0 0.21717 0.98750 0.15152 0.02500
0 0.16162 0.96250 0.12121 0.03000
0 0.28283 0.95625 0.14141 0.03750
