0 0.06042 0.65167 0.05104 0.11595
0 0.09141 0.62477 0.04323 0.09555
0 0.15182 0.85946 0.03802 0.06957
0 0.17760 0.83024 0.04896 0.09276
0 0.20391 0.80566 0.04427 0.08442
0 0.22813 0.77690 0.04167 0.09555
0 0.25313 0.75232 0.04271 0.08349
0 0.31224 0.39889 0.04531 0.07050
0 0.27969 0.40956 0.06042 0.09555
0 0.26302 0.44295 0.04479 0.07699
0 0.24115 0.46892 0.04792 0.07885
0 0.21693 0.49907 0.04635 0.08720
0 0.40078 0.37848 0.05469 0.09462
0 0.38229 0.40863 0.04479 0.09555
0 0.43906 0.54777 0.03854 0.08627
0 0.30755 0.49026 0.05260 0.09555
0 0.27656 0.72449 0.05000 0.09462
0 0.30208 0.69852 0.04167 0.07978
0 0.32161 0.67115 0.04427 0.08627
0 0.34870 0.64518 0.03490 0.09740
0 0.37240 0.62987 0.03333 0.08720
0 0.39297 0.60250 0.04010 0.08998
0 0.54766 0.42115 0.03906 0.08163
0 0.52760 0.44898 0.03750 0.09091
0 0.51120 0.37570 0.04219 0.09648
0 0.48906 0.39425 0.04375 0.09648
0 0.46432 0.42254 0.04427 0.09740
0 0.43802 0.44620 0.05000 0.09833
0 0.41589 0.47078 0.04844 0.09555
0 0.39766 0.50510 0.04740 0.11225
0 0.32318 0.58395 0.04531 0.09740
0 0.29766 0.60250 0.04219 0.09926
0 0.27604 0.63219 0.04792 0.09555
0 0.25182 0.66095 0.04635 0.09926
0 0.22292 0.68460 0.04375 0.09833
0 0.19818 0.72078 0.05052 0.09276
0 0.16875 0.74443 0.04896 0.10111
0 0.13646 0.78618 0.05104 0.09184
0 0.10833 0.82607 0.05104 0.10111
0 0.07266 0.85158 0.05052 0.10019
0 0.35807 0.43785 0.04948 0.10019
0 0.28203 0.51994 0.04219 0.08442
0 0.25287 0.55148 0.05156 0.09926
0 0.21693 0.59508 0.05677 0.09926
0 0.17917 0.63544 0.05417 0.09648
0 0.14818 0.66558 0.05052 0.09369
0 0.12188 0.69573 0.05521 0.10390
0 0.09089 0.72449 0.05260 0.10946
0 0.06120 0.75325 0.05469 0.10946
0 0.03151 0.78571 0.04948 0.11317
0 0.52734 0.33581 0.05260 0.10390
0 0.55365 0.30937 0.04063 0.09369
0 0.51953 0.25742 0.04844 0.08627
0 0.44896 0.25789 0.04271 0.07421
0 0.42552 0.28525 0.04167 0.07699
0 0.33203 0.37523 0.04010 0.06586
0 0.14349 0.57792 0.04531 0.09091
0 0.11589 0.59833 0.04323 0.09276
0 0.41354 0.24211 0.03229 0.04267
0 0.43333 0.22032 0.03333 0.03989
0 0.45417 0.20130 0.03125 0.03340
0 0.47917 0.18507 0.03437 0.02690
0 0.50104 0.17254 0.02396 0.02041
0 0.51641 0.16651 0.01615 0.01391
0 0.53412 0.18367 0.02344 0.03154
0 0.51849 0.19666 0.03281 0.04824
0 0.49505 0.21336 0.03177 0.05380
0 0.47057 0.22681 0.03594 0.05473
0 0.55755 0.21336 0.03698 0.05195
0 0.54870 0.24072 0.03281 0.06957
0 0.49375 0.28432 0.03854 0.08442
0 0.47292 0.30891 0.04375 0.07421
0 0.39062 0.26020 0.03125 0.04174
0 0.37031 0.28061 0.02708 0.03618
0 0.40234 0.30659 0.04010 0.06215
0 0.45208 0.33627 0.04167 0.08627
0 0.42786 0.35900 0.04427 0.08349
0 0.37630 0.32375 0.03385 0.05380
0 0.34714 0.30102 0.02969 0.03803
0 0.32526 0.32699 0.02760 0.04174
0 0.35573 0.34694 0.04167 0.05566
0 0.30156 0.35158 0.03438 0.04824
0 0.28125 0.37709 0.02083 0.02876
0 0.26406 0.39007 0.02396 0.03989
0 0.23880 0.41187 0.03385 0.04638
0 0.21328 0.44109 0.02969 0.03618
0 0.19037 0.46707 0.02344 0.03989
0 0.16563 0.48840 0.03229 0.05102
0 0.13672 0.51809 0.03594 0.04917
0 0.10469 0.54731 0.03750 0.04824
0 0.07370 0.57699 0.03385 0.06308
0 0.04219 0.60482 0.03750 0.05751
0 0.01745 0.63822 0.03490 0.06122
0 0.19714 0.52134 0.04219 0.07236
0 0.17266 0.54917 0.04219 0.07792
0 0.03411 0.68089 0.03906 0.07978
0 0.01458 0.71150 0.02917 0.08534
0 0.33620 0.46661 0.04531 0.08349
0 0.01302 0.82096 0.02604 0.10390
0 0.57708 0.26855 0.02917 0.05288
0 0.58802 0.33302 0.03333 0.07050
0 0.60547 0.39657 0.01302 0.06215
0 0.58802 0.40492 0.03021 0.06772
0 0.56901 0.38683 0.03594 0.07607
0 0.57578 0.45826 0.03490 0.05009
0 0.54427 0.48887 0.03229 0.05937
0 0.52943 0.52644 0.02240 0.05288
0 0.50781 0.53757 0.02708 0.06030
0 0.50365 0.46985 0.03646 0.08256
0 0.48594 0.49815 0.03646 0.08349
0 0.45990 0.51716 0.03750 0.08627
0 0.37604 0.52690 0.04271 0.09462
0 0.34974 0.55334 0.04115 0.09184
0 0.42109 0.58581 0.03177 0.06957
0 0.48281 0.56586 0.03021 0.05009
0 0.45885 0.58998 0.02708 0.05009
0 0.43828 0.62106 0.02448 0.04731
0 0.41589 0.64657 0.02865 0.04267
0 0.39167 0.66837 0.03125 0.04360
0 0.36562 0.69249 0.02917 0.04731
0 0.33932 0.71521 0.03385 0.04267
0 0.30963 0.75557 0.03177 0.04731
0 0.28333 0.78525 0.02396 0.03061
0 0.25755 0.81262 0.02969 0.04082
0 0.23203 0.83905 0.02865 0.03618
0 0.20677 0.86920 0.03021 0.04638
0 0.18333 0.89518 0.03021 0.03896
0 0.15651 0.91929 0.03177 0.04824
0 0.13359 0.94898 0.02865 0.03896
0 0.12917 0.89564 0.04688 0.06401
0 0.04661 0.88590 0.05469 0.09462
0 0.09687 0.91929 0.04792 0.07792
0 0.10547 0.97310 0.02969 0.03711
0 0.08151 0.99119 0.02240 0.01763
0 0.06875 0.95687 0.04583 0.06401
0 0.02057 0.91837 0.04115 0.09276
0 0.00729 0.96521 0.01458 0.03989
0 0.01328 0.98423 0.02656 0.03154
0 0.04193 0.97171 0.04635 0.05659
