0 0.09584 0.80489 0.06005 0.07752
0 0.07477 0.69619 0.03176 0.06366
0 0.07823 0.63382 0.04677 0.06540
0 0.07737 0.56800 0.05543 0.06540
0 0.08054 0.48744 0.06178 0.06020
0 0.07592 0.42053 0.02367 0.03118
0 0.09324 0.27155 0.05831 0.06843
0 0.08227 0.20312 0.05485 0.06843
0 0.07592 0.12863 0.06062 0.06929
0 0.08343 0.06496 0.06755 0.05803
0 0.07650 0.02057 0.07564 0.04114
0 0.15820 0.00606 0.09700 0.01213
0 0.15416 0.04136 0.12471 0.06366
0 0.14434 0.09701 0.12356 0.06496
0 0.14723 0.15028 0.12933 0.04504
0 0.13626 0.20723 0.11894 0.06886
0 0.13626 0.27025 0.11894 0.06583
0 0.12875 0.33521 0.12240 0.06410
0 0.12500 0.39498 0.11028 0.05977
0 0.11403 0.44651 0.09296 0.05630
0 0.11663 0.51234 0.10854 0.06929
0 0.12962 0.57233 0.10566 0.06107
0 0.12991 0.63058 0.12009 0.06496
0 0.12991 0.69056 0.11663 0.05587
0 0.11923 0.74816 0.09527 0.07233
0 0.10595 0.96752 0.05831 0.06496
0 0.09382 0.89259 0.06293 0.08575
0 0.14376 0.82503 0.12587 0.09441
0 0.18736 0.97120 0.12182 0.05760
0 0.15011 0.90732 0.10624 0.08055
0 0.23239 0.90082 0.10566 0.10481
0 0.90502 0.98917 0.05831 0.02165
0 0.77598 0.98917 0.06005 0.02165
0 0.29705 0.98203 0.10335 0.03595
0 0.44631 0.98116 0.14319 0.03768
0 0.36461 0.95128 0.17725 0.09744
0 0.54388 0.95214 0.18014 0.09571
0 0.52396 0.85102 0.18764 0.11347
0 0.69659 0.95756 0.16455 0.08489
0 0.68447 0.88805 0.15878 0.08359
0 0.67379 0.80381 0.16628 0.09874
0 0.62616 0.72001 0.19111 0.09311
0 0.62327 0.63967 0.17494 0.07276
0 0.63077 0.57233 0.16801 0.06799
0 0.61778 0.50476 0.20092 0.07146
0 0.60970 0.44023 0.18476 0.06540
0 0.62154 0.38393 0.17841 0.07926
0 0.63943 0.32503 0.18880 0.06020
0 0.63972 0.25855 0.18591 0.07536
0 0.65329 0.20247 0.17956 0.05587
0 0.96738 0.03508 0.02829 0.04851
0 0.92754 0.02317 0.06755 0.04634
0 0.96478 0.08748 0.04503 0.05977
0 0.96969 0.15158 0.03060 0.03032
0 0.97286 0.21005 0.02887 0.02945
0 0.97488 0.25314 0.03522 0.05847
0 0.97200 0.31204 0.04446 0.07233
0 0.97517 0.37310 0.04157 0.06540
0 0.96969 0.42854 0.06062 0.06107
0 0.96247 0.48592 0.07506 0.06323
0 0.97200 0.54288 0.05600 0.07059
0 0.98066 0.60524 0.03868 0.06626
0 0.98037 0.66760 0.03926 0.06193
0 0.98701 0.72954 0.02598 0.07059
0 0.98181 0.82525 0.03637 0.04721
0 0.98730 0.90472 0.02540 0.03984
0 0.95670 0.95734 0.08661 0.08185
0 0.94226 0.87441 0.11547 0.09441
0 0.94746 0.79125 0.10508 0.08489
0 0.92610 0.72521 0.12933 0.07492
0 0.92754 0.65808 0.11952 0.06366
0 0.92610 0.59550 0.11432 0.06496
0 0.91397 0.53335 0.11663 0.06020
0 0.90820 0.48657 0.10970 0.04981
0 0.90762 0.42746 0.11894 0.07189
0 0.91772 0.36639 0.11721 0.07103
0 0.92379 0.30554 0.11547 0.06626
0 0.92610 0.24534 0.10739 0.06020
0 0.92725 0.18385 0.11201 0.06540
0 0.92234 0.12278 0.11143 0.06453
0 0.92004 0.06085 0.09411 0.06626
0 0.82448 0.02534 0.13857 0.05067
0 0.85277 0.95691 0.13279 0.08618
0 0.82996 0.89433 0.14607 0.08748
0 0.82708 0.81485 0.15531 0.08185
0 0.81091 0.74339 0.17725 0.07926
0 0.79157 0.67713 0.17552 0.06626
0 0.80629 0.61823 0.17841 0.08012
0 0.79359 0.55435 0.16801 0.06496
0 0.78897 0.49870 0.15878 0.05587
0 0.79359 0.44370 0.16801 0.06713
0 0.79734 0.38090 0.16051 0.07233
0 0.81091 0.32243 0.15878 0.08185
0 0.81438 0.26072 0.16224 0.06583
0 0.81986 0.20074 0.15473 0.06193
0 0.81351 0.14335 0.14550 0.07276
0 0.81438 0.06994 0.16224 0.07926
0 0.65907 0.02512 0.19573 0.05024
0 0.64636 0.07471 0.20612 0.06453
0 0.65358 0.13361 0.19169 0.06973
0 0.35739 0.85448 0.16975 0.12300
0 0.26588 0.80208 0.18764 0.12386
0 0.23528 0.73473 0.16339 0.08618
0 0.23672 0.65916 0.16628 0.06670
0 0.25664 0.60156 0.18072 0.06150
0 0.24856 0.53833 0.17494 0.08055
0 0.23297 0.47943 0.18418 0.08575
0 0.24076 0.40689 0.18129 0.06973
0 0.25606 0.35535 0.17494 0.06280
0 0.26674 0.29753 0.18245 0.06843
0 0.27598 0.23387 0.18938 0.06929
0 0.27223 0.17475 0.17494 0.05587
0 0.27973 0.11498 0.18649 0.06626
0 0.28147 0.06042 0.17148 0.06020
0 0.29677 0.01906 0.18360 0.03811
0 0.48355 0.01083 0.19111 0.02165
0 0.47604 0.04504 0.18418 0.06496
0 0.46593 0.10069 0.18245 0.06107
0 0.46074 0.16241 0.19746 0.07189
0 0.45699 0.22499 0.19688 0.06280
0 0.48441 0.77501 0.18591 0.10957
0 0.40589 0.73019 0.18591 0.08402
0 0.42956 0.65570 0.21132 0.07622
0 0.45525 0.59809 0.19342 0.07969
0 0.43245 0.53162 0.18822 0.06973
0 0.41946 0.46773 0.19919 0.07969
0 0.41888 0.40472 0.19342 0.05760
0 0.43678 0.35080 0.19688 0.07449
0 0.45150 0.29212 0.20785 0.07406
