0 0.17237 0.40647 0.01906 0.02425
0 0.18601 0.40618 0.01516 0.02021
0 0.19814 0.40820 0.01516 0.02425
0 0.21048 0.40849 0.01299 0.02136
0 0.22239 0.40878 0.01689 0.02194
0 0.23192 0.40791 0.01776 0.02021
0 0.24340 0.41282 0.01299 0.02309
0 0.25552 0.41195 0.01646 0.02483
0 0.26765 0.41368 0.01039 0.02136
0 0.27501 0.41513 0.01213 0.02540
0 0.28042 0.41599 0.01256 0.02367
0 0.29103 0.40733 0.01386 0.01097
0 0.28865 0.41888 0.01169 0.01790
0 0.30338 0.40907 0.01256 0.00866
0 0.31464 0.41109 0.01256 0.00808
0 0.32741 0.41282 0.01386 0.01270
0 0.29840 0.42032 0.01472 0.02194
0 0.30858 0.42061 0.01169 0.01790
0 0.31594 0.42379 0.01256 0.02079
0 0.32763 0.42523 0.01429 0.02252
0 0.34127 0.41311 0.01386 0.01328
0 0.17237 0.42812 0.01472 0.02829
0 0.18666 0.42927 0.01559 0.03637
0 0.20095 0.43043 0.01559 0.03176
0 0.21459 0.43014 0.01429 0.03002
0 0.22932 0.42927 0.01602 0.03176
0 0.24231 0.43274 0.01429 0.02945
0 0.34062 0.42523 0.01429 0.02598
0 0.25704 0.43274 0.01516 0.02829
0 0.26765 0.43620 0.01472 0.02714
0 0.27956 0.43822 0.01429 0.02771
0 0.35513 0.41542 0.01732 0.00982
0 0.37007 0.42119 0.01429 0.02021
0 0.38393 0.41570 0.01169 0.00924
0 0.39693 0.41801 0.01516 0.00924
0 0.40948 0.41946 0.01776 0.00866
0 0.42616 0.42552 0.01732 0.01732
0 0.44002 0.42350 0.01386 0.01212
0 0.35665 0.42581 0.02209 0.02252
0 0.37657 0.42667 0.01602 0.02194
0 0.38913 0.42783 0.01689 0.02079
0 0.40082 0.43101 0.01689 0.02021
0 0.41208 0.43447 0.01689 0.02483
0 0.42811 0.43360 0.01516 0.02079
0 0.44132 0.43476 0.01213 0.02194
0 0.29190 0.43793 0.01559 0.02483
0 0.30403 0.44053 0.01213 0.02540
0 0.31334 0.44169 0.01343 0.02540
0 0.32395 0.44457 0.01559 0.02540
0 0.33889 0.44515 0.01602 0.02656
0 0.35340 0.44457 0.01386 0.02425
0 0.36661 0.44630 0.01602 0.02656
0 0.37874 0.44890 0.01689 0.02829
0 0.39021 0.45092 0.01472 0.02887
0 0.40126 0.45554 0.01602 0.03349
0 0.41685 0.45381 0.01602 0.02887
0 0.45474 0.42523 0.01646 0.01328
0 0.46860 0.42639 0.01472 0.01790
0 0.48203 0.42754 0.01819 0.01674
0 0.49740 0.42812 0.01429 0.01674
0 0.56128 0.43620 0.01213 0.01790
0 0.55002 0.43620 0.01213 0.01905
0 0.53681 0.43389 0.01776 0.01790
0 0.52252 0.43101 0.01256 0.01559
0 0.51061 0.42956 0.01386 0.01501
0 0.57276 0.43678 0.01429 0.01790
0 0.58770 0.43533 0.01386 0.01155
0 0.60242 0.43736 0.01386 0.01328
0 0.59246 0.44659 0.01992 0.01905
0 0.57644 0.44861 0.01646 0.02425
0 0.45344 0.43649 0.01386 0.02194
0 0.46579 0.43909 0.01429 0.02136
0 0.47986 0.43995 0.01472 0.02309
0 0.49415 0.44342 0.01559 0.02656
0 0.50888 0.44486 0.01646 0.02598
0 0.52252 0.44717 0.01602 0.02598
0 0.53811 0.45179 0.01776 0.02483
0 0.55760 0.45468 0.01862 0.02598
0 0.42962 0.45439 0.01559 0.02771
0 0.44326 0.45901 0.01602 0.03002
0 0.45734 0.46074 0.01646 0.03002
0 0.47077 0.46478 0.01559 0.03002
0 0.48484 0.46709 0.01516 0.02887
0 0.49848 0.47084 0.01559 0.03060
0 0.51321 0.47315 0.01646 0.03060
0 0.52880 0.47633 0.01732 0.03002
0 0.54418 0.47690 0.01516 0.03002
0 0.56258 0.47921 0.01819 0.03118
0 0.61780 0.44111 0.01602 0.01732
0 0.61087 0.44659 0.01949 0.01674
0 0.59441 0.46276 0.02209 0.02945
0 0.57904 0.48355 0.02425 0.03637
0 0.63209 0.44255 0.02122 0.01097
0 0.65266 0.44659 0.02512 0.01443
0 0.63123 0.45237 0.02382 0.01905
0 0.61304 0.46796 0.02295 0.03406
0 0.59896 0.48845 0.02079 0.02887
0 0.65158 0.46016 0.02382 0.02309
0 0.63556 0.47575 0.02902 0.03349
0 0.69056 0.45179 0.01689 0.00982
0 0.70550 0.45554 0.01819 0.01155
0 0.72867 0.46420 0.02469 0.02425
0 0.71178 0.46738 0.02122 0.02829
0 0.73387 0.48210 0.02642 0.02771
0 0.67388 0.45728 0.02079 0.02540
0 0.69272 0.46449 0.02122 0.02367
0 0.68709 0.48124 0.02295 0.03060
0 0.66674 0.47373 0.02036 0.02483
0 0.65201 0.48932 0.02209 0.03637
0 0.61628 0.49856 0.02079 0.03176
0 0.63621 0.50779 0.02252 0.03291
0 0.65483 0.51848 0.01559 0.02656
0 0.66912 0.50144 0.02165 0.03522
0 0.69078 0.51299 0.02165 0.03522
0 0.75639 0.53147 0.01776 0.02598
0 0.76440 0.50693 0.01472 0.02540
0 0.77003 0.48383 0.02252 0.02309
0 0.75119 0.47864 0.02036 0.03580
0 0.70593 0.50404 0.01732 0.03233
0 0.72412 0.50751 0.02252 0.03233
0 0.75227 0.50866 0.02165 0.02771
0 0.73993 0.56871 0.01516 0.01501
0 0.72304 0.56842 0.01862 0.01559
0 0.72109 0.55283 0.02252 0.02252
0 0.74123 0.55254 0.01689 0.02540
0 0.75877 0.55947 0.02252 0.02425
0 0.76765 0.53637 0.02295 0.02656
0 0.73971 0.52714 0.02165 0.02656
0 0.71784 0.52916 0.02295 0.02829
0 0.24101 0.55976 0.00996 0.01443
0 0.30121 0.56207 0.01083 0.01328
0 0.29060 0.56005 0.01126 0.01155
0 0.27934 0.56120 0.01126 0.01155
0 0.26570 0.56005 0.01256 0.01732
0 0.25249 0.55918 0.01386 0.01559
0 0.22131 0.55831 0.00953 0.01501
0 0.23084 0.55831 0.01126 0.01732
0 0.23062 0.57217 0.00996 0.01501
0 0.22131 0.57131 0.01126 0.01443
0 0.24036 0.57419 0.00953 0.01559
0 0.24946 0.57361 0.01213 0.01559
0 0.25855 0.57333 0.01126 0.01501
0 0.26808 0.57390 0.01039 0.01501
0 0.27783 0.57361 0.01256 0.01790
0 0.29017 0.57390 0.01299 0.01963
0 0.30251 0.57448 0.01343 0.01501
0 0.31594 0.57708 0.01343 0.01212
0 0.32698 0.57506 0.01299 0.01501
0 0.33824 0.57852 0.01213 0.01155
0 0.34799 0.57823 0.01343 0.01097
0 0.36011 0.57766 0.01343 0.01443
0 0.37267 0.57823 0.01343 0.01212
0 0.38502 0.57939 0.01299 0.01097
0 0.39671 0.57794 0.01299 0.01501
0 0.31226 0.56553 0.01126 0.01674
0 0.32330 0.56524 0.01343 0.01732
0 0.33803 0.56669 0.01429 0.01674
0 0.35080 0.56755 0.01386 0.01501
0 0.36466 0.56697 0.01472 0.01617
0 0.37765 0.56957 0.01472 0.01559
0 0.39086 0.56871 0.01429 0.01732
0 0.40819 0.57621 0.01429 0.01617
0 0.42226 0.57766 0.01646 0.01905
0 0.43699 0.57794 0.01472 0.01848
0 0.45106 0.57650 0.01343 0.01790
0 0.46319 0.57823 0.01429 0.01559
0 0.47683 0.57939 0.01472 0.01674
0 0.49372 0.58054 0.01472 0.01559
0 0.50801 0.58054 0.01386 0.01559
0 0.52360 0.58285 0.01299 0.01328
0 0.51624 0.57361 0.01299 0.01905
0 0.53725 0.57996 0.01689 0.01905
0 0.55414 0.58112 0.01776 0.01443
0 0.57059 0.58141 0.01776 0.01501
0 0.58597 0.58083 0.01646 0.01617
0 0.60178 0.57968 0.01949 0.01501
0 0.66847 0.53147 0.02209 0.02714
0 0.62062 0.58199 0.01819 0.01501
0 0.63621 0.57737 0.01559 0.01501
0 0.65483 0.57737 0.01559 0.01501
0 0.67194 0.57650 0.01689 0.01559
0 0.69078 0.57448 0.01906 0.01501
0 0.70420 0.56899 0.01906 0.02136
0 0.69640 0.54590 0.02425 0.02714
0 0.61347 0.56986 0.01949 0.01848
0 0.62430 0.55774 0.02036 0.02540
0 0.64530 0.56842 0.02079 0.02714
0 0.67583 0.56005 0.02295 0.03002
0 0.65569 0.54763 0.01992 0.03060
0 0.63924 0.53955 0.02165 0.02829
0 0.62105 0.53031 0.02079 0.03060
0 0.60113 0.52396 0.02252 0.03406
0 0.58034 0.51645 0.02079 0.03637
0 0.59506 0.56669 0.01473 0.02021
0 0.58120 0.56813 0.01646 0.02425
0 0.60589 0.55254 0.01819 0.02540
0 0.58878 0.54792 0.01776 0.02771
0 0.52707 0.56553 0.01906 0.02714
0 0.54591 0.56524 0.01776 0.02540
0 0.56258 0.56669 0.01732 0.02714
0 0.51083 0.56293 0.01256 0.01963
0 0.49805 0.56293 0.01386 0.02079
0 0.48116 0.56120 0.01386 0.02309
0 0.44846 0.56005 0.01169 0.02309
0 0.46622 0.56005 0.01343 0.02194
0 0.43720 0.55860 0.01169 0.02252
0 0.42291 0.55629 0.01343 0.02483
0 0.40992 0.55283 0.01256 0.02483
0 0.39649 0.55139 0.01256 0.02656
0 0.56929 0.54388 0.02209 0.03349
0 0.55089 0.54244 0.01819 0.03406
0 0.53226 0.54215 0.01906 0.03580
0 0.51667 0.53753 0.01386 0.03349
0 0.50390 0.53637 0.01602 0.03695
0 0.48831 0.53695 0.01602 0.03349
0 0.47315 0.53580 0.01429 0.03118
0 0.45821 0.53349 0.01646 0.03580
0 0.44456 0.53118 0.01602 0.03233
0 0.43092 0.52685 0.01472 0.03291
0 0.41685 0.52367 0.01429 0.03002
0 0.56345 0.50924 0.01646 0.03118
0 0.54764 0.50837 0.01862 0.02945
0 0.53162 0.50895 0.01602 0.02829
0 0.51516 0.50577 0.01602 0.02887
0 0.50000 0.50491 0.01602 0.03291
0 0.48571 0.50202 0.01516 0.03637
0 0.47207 0.49682 0.01732 0.03176
0 0.45777 0.49654 0.01299 0.03233
0 0.44218 0.49654 0.01646 0.03464
0 0.42941 0.49076 0.01516 0.03233
0 0.41685 0.48557 0.01602 0.03464
0 0.40212 0.48528 0.01516 0.03176
0 0.38826 0.48441 0.01516 0.03349
0 0.37635 0.47950 0.01472 0.03406
0 0.36293 0.47893 0.01386 0.03406
0 0.34993 0.47806 0.01646 0.03926
0 0.33824 0.47893 0.01126 0.03522
0 0.40191 0.52136 0.01646 0.03349
0 0.38740 0.52078 0.01516 0.03464
0 0.37310 0.51674 0.01602 0.03926
0 0.35881 0.51588 0.01516 0.03753
0 0.34582 0.51357 0.01429 0.03637
0 0.33174 0.51299 0.01646 0.03753
0 0.38112 0.55052 0.01559 0.02829
0 0.36748 0.54763 0.01429 0.02598
0 0.35492 0.54619 0.01429 0.02887
0 0.34171 0.54648 0.01386 0.03060
0 0.33001 0.54272 0.01299 0.02771
0 0.31767 0.54388 0.01429 0.03233
0 0.30381 0.54186 0.01429 0.03291
0 0.29017 0.53984 0.01472 0.03118
0 0.27804 0.54042 0.01299 0.03233
0 0.26375 0.53811 0.01646 0.03002
0 0.24903 0.53839 0.01472 0.03176
0 0.23538 0.53435 0.01516 0.03060
0 0.31897 0.50837 0.01256 0.03406
0 0.30489 0.50722 0.01472 0.03291
0 0.29298 0.50866 0.01429 0.03580
0 0.27934 0.50664 0.01299 0.03176
0 0.26808 0.50664 0.01213 0.03176
0 0.25747 0.50318 0.01256 0.03406
0 0.24686 0.50202 0.01386 0.03522
0 0.23538 0.50058 0.01343 0.03695
0 0.22412 0.50029 0.01256 0.03753
0 0.32612 0.47835 0.01646 0.04099
0 0.31117 0.47835 0.01516 0.03406
0 0.29796 0.47633 0.01559 0.03580
0 0.28562 0.47460 0.01516 0.03695
0 0.27479 0.47084 0.01429 0.03522
0 0.26223 0.47084 0.01429 0.03406
0 0.25097 0.46680 0.01516 0.03522
0 0.23950 0.46680 0.01559 0.03637
0 0.22282 0.53609 0.01169 0.02598
0 0.20550 0.57159 0.01429 0.01386
0 0.20875 0.55860 0.01559 0.01905
0 0.21243 0.53580 0.01429 0.03118
0 0.18709 0.56351 0.01386 0.02194
0 0.19251 0.54504 0.01516 0.01848
0 0.19771 0.53118 0.01602 0.02540
0 0.13318 0.55081 0.01256 0.01848
0 0.12235 0.54099 0.01516 0.02079
0 0.14617 0.55543 0.01429 0.02771
0 0.15808 0.55860 0.01472 0.02252
0 0.17237 0.56409 0.01559 0.01617
0 0.16847 0.50808 0.01386 0.01732
0 0.16436 0.52078 0.01343 0.01732
0 0.17627 0.52454 0.01299 0.02483
0 0.15786 0.53551 0.01862 0.02367
0 0.17367 0.54821 0.01819 0.02714
0 0.20139 0.49365 0.01472 0.01963
0 0.20117 0.50981 0.01602 0.01848
0 0.21351 0.49538 0.01213 0.03118
0 0.18146 0.50491 0.01559 0.02714
0 0.19013 0.49278 0.01472 0.03291
0 0.17172 0.48499 0.01602 0.02887
0 0.22651 0.46738 0.01299 0.03176
0 0.21698 0.46074 0.01559 0.03464
0 0.20333 0.46680 0.01429 0.03522
0 0.19597 0.45958 0.01343 0.03002
0 0.18406 0.46334 0.01472 0.03291
0 0.17757 0.45496 0.01732 0.03118
0 0.16414 0.45496 0.01559 0.03349
0 0.13924 0.53435 0.01602 0.02367
0 0.11065 0.51761 0.02295 0.03868
0 0.10741 0.46074 0.01992 0.02887
0 0.10632 0.48557 0.01776 0.03118
0 0.12191 0.49018 0.02209 0.03349
0 0.15699 0.48701 0.01776 0.03060
0 0.14378 0.51732 0.01646 0.03118
0 0.15050 0.50548 0.01602 0.03060
0 0.12906 0.51617 0.01646 0.03118
0 0.11044 0.43533 0.01906 0.02540
0 0.15808 0.40445 0.01646 0.01443
0 0.14292 0.40820 0.01646 0.01501
0 0.12776 0.41628 0.01819 0.01848
0 0.14140 0.41801 0.01343 0.01617
0 0.15461 0.41946 0.01732 0.02136
0 0.12061 0.45958 0.01776 0.02771
0 0.12430 0.43389 0.01906 0.02714
0 0.13750 0.43331 0.01689 0.02483
0 0.15288 0.43736 0.01732 0.02021
0 0.15115 0.46016 0.01472 0.02887
0 0.14010 0.48730 0.01776 0.03580
0 0.13621 0.45583 0.01689 0.02829
