0 0.16875 0.01564 0.03594 0.03129
0 0.13320 0.03817 0.02734 0.04130
0 0.14375 0.07384 0.03750 0.05257
0 0.22461 0.01126 0.01484 0.02253
0 0.23906 0.01815 0.02656 0.03630
0 0.35703 0.01189 0.02656 0.02378
0 0.30703 0.01252 0.03438 0.02503
0 0.32969 0.02441 0.05625 0.04881
0 0.37344 0.03129 0.02656 0.02753
0 0.34180 0.04130 0.06016 0.04756
0 0.38555 0.05257 0.03203 0.03755
0 0.40195 0.08073 0.03203 0.02879
0 0.42148 0.10138 0.02734 0.02503
0 0.43203 0.11827 0.02969 0.02378
0 0.44727 0.13517 0.02734 0.02753
0 0.46016 0.15019 0.03438 0.02753
0 0.34531 0.05757 0.05000 0.04255
0 0.35938 0.08198 0.05313 0.04380
0 0.37617 0.10138 0.04141 0.04005
0 0.39258 0.11577 0.04609 0.04881
0 0.40430 0.13955 0.04922 0.05382
0 0.41484 0.14831 0.04844 0.04881
0 0.15000 0.11577 0.05156 0.07885
0 0.16133 0.14205 0.04766 0.07885
0 0.17461 0.16521 0.04453 0.07760
0 0.18633 0.03254 0.05703 0.06508
0 0.20039 0.05257 0.05391 0.08010
0 0.21055 0.07635 0.05391 0.07259
0 0.22109 0.09762 0.05781 0.08010
0 0.23477 0.11952 0.05703 0.08385
0 0.24375 0.14393 0.05469 0.08511
0 0.26211 0.15332 0.06172 0.08135
0 0.26836 0.16959 0.05391 0.08135
0 0.26133 0.02566 0.04922 0.05131
0 0.27539 0.04318 0.05391 0.06133
0 0.28438 0.05695 0.05000 0.05632
0 0.29297 0.07697 0.05156 0.06133
0 0.30937 0.09512 0.04844 0.05757
0 0.31680 0.11514 0.04766 0.06508
0 0.33125 0.13204 0.05000 0.06884
0 0.34531 0.14205 0.05312 0.05382
0 0.13047 0.30225 0.02344 0.05131
0 0.14297 0.33167 0.02813 0.08260
0 0.15703 0.35482 0.02500 0.08385
0 0.17266 0.37797 0.01719 0.06008
0 0.18789 0.39612 0.02734 0.07134
0 0.20742 0.41427 0.02266 0.06258
0 0.21953 0.43054 0.02187 0.05757
0 0.23242 0.44556 0.02422 0.06508
0 0.13438 0.19462 0.02500 0.04130
0 0.13906 0.23592 0.03438 0.08135
0 0.15664 0.25094 0.04141 0.08385
0 0.16953 0.27222 0.03437 0.08135
0 0.17891 0.29599 0.04062 0.09387
0 0.19102 0.31790 0.03516 0.09011
0 0.20586 0.33292 0.03516 0.09262
0 0.22227 0.34668 0.03359 0.09262
0 0.23438 0.36546 0.03750 0.09262
0 0.24531 0.38736 0.03281 0.08636
0 0.18633 0.18461 0.04141 0.07635
0 0.19844 0.19900 0.04062 0.07760
0 0.20859 0.22153 0.04062 0.07509
0 0.22227 0.23655 0.04141 0.08511
0 0.23789 0.25594 0.04297 0.08636
0 0.25313 0.26909 0.04844 0.08010
0 0.26289 0.29224 0.04609 0.08385
0 0.27734 0.31665 0.05000 0.09762
0 0.28711 0.33542 0.04609 0.08511
0 0.29922 0.35607 0.04219 0.09387
0 0.31250 0.37234 0.04375 0.09387
0 0.32227 0.39049 0.04453 0.09262
0 0.30820 0.58511 0.01953 0.03129
0 0.24531 0.46371 0.02031 0.06383
0 0.26250 0.48748 0.02344 0.06383
0 0.27930 0.50563 0.01797 0.05757
0 0.29063 0.52691 0.01875 0.06008
0 0.30547 0.55194 0.01875 0.05507
0 0.31602 0.56133 0.01328 0.05882
0 0.32422 0.58198 0.01875 0.07509
0 0.33711 0.59700 0.02266 0.07259
0 0.35391 0.61890 0.01719 0.06133
0 0.36758 0.63329 0.02109 0.06008
0 0.38242 0.65770 0.02266 0.06383
0 0.39688 0.67835 0.01406 0.06258
0 0.41094 0.69337 0.02500 0.08511
0 0.41758 0.70213 0.01797 0.04506
0 0.26055 0.39925 0.03047 0.06508
0 0.28711 0.42303 0.02109 0.04506
0 0.26836 0.43116 0.03203 0.08385
0 0.29102 0.45682 0.03516 0.07509
0 0.30078 0.48123 0.02969 0.08636
0 0.31563 0.48811 0.03125 0.08761
0 0.33008 0.50125 0.03516 0.09136
0 0.34414 0.52879 0.03047 0.08636
0 0.35586 0.55069 0.02578 0.08010
0 0.37109 0.56884 0.02813 0.08886
0 0.39023 0.60513 0.03516 0.09136
0 0.40312 0.61577 0.02187 0.06008
0 0.41875 0.66896 0.02187 0.07384
0 0.43750 0.70338 0.02656 0.06508
0 0.33242 0.40425 0.03672 0.09011
0 0.34609 0.41489 0.03594 0.08886
0 0.35664 0.43367 0.03672 0.08135
0 0.36680 0.45119 0.03984 0.08636
0 0.37656 0.46871 0.04063 0.09387
0 0.38750 0.49687 0.03906 0.08260
0 0.39805 0.52628 0.03516 0.08135
0 0.41016 0.54568 0.03906 0.08511
0 0.41992 0.58386 0.03359 0.08636
0 0.43008 0.61765 0.03516 0.09387
0 0.44453 0.65144 0.03281 0.08886
0 0.46055 0.68210 0.03203 0.07509
0 0.46719 0.16708 0.02813 0.02879
0 0.48594 0.18836 0.03906 0.03880
0 0.49531 0.21026 0.02812 0.02503
0 0.50742 0.22779 0.03828 0.02503
0 0.51875 0.24656 0.03281 0.02253
0 0.53242 0.26408 0.03984 0.02253
0 0.54609 0.28411 0.03594 0.02503
0 0.55898 0.30601 0.04453 0.02879
0 0.42539 0.16708 0.04766 0.04631
0 0.44023 0.18648 0.05234 0.04756
0 0.44961 0.20526 0.05859 0.04506
0 0.46250 0.22716 0.04844 0.04881
0 0.47734 0.24406 0.05000 0.04506
0 0.48789 0.26658 0.05078 0.04255
0 0.50039 0.28911 0.05703 0.05757
0 0.51211 0.30663 0.05234 0.05006
0 0.28164 0.18899 0.04922 0.08511
0 0.29883 0.20463 0.05391 0.08135
0 0.30664 0.22528 0.05234 0.07509
0 0.31406 0.24844 0.05000 0.07384
0 0.33125 0.26533 0.04688 0.09011
0 0.34453 0.27973 0.05156 0.08135
0 0.33789 0.31039 0.03047 0.06508
0 0.36523 0.31227 0.05234 0.08886
0 0.37539 0.33041 0.05391 0.08260
0 0.35352 0.16208 0.05547 0.06383
0 0.36055 0.18523 0.05078 0.06758
0 0.37891 0.19524 0.05313 0.06008
0 0.38828 0.21840 0.06094 0.06633
0 0.39727 0.23967 0.05859 0.06884
0 0.41484 0.25720 0.05469 0.07134
0 0.42422 0.26971 0.05625 0.06383
0 0.43320 0.29224 0.06172 0.07635
0 0.44336 0.30726 0.06016 0.06133
0 0.38320 0.35169 0.05547 0.08511
0 0.39922 0.37609 0.05469 0.08135
0 0.41133 0.39487 0.04922 0.07635
0 0.42148 0.41927 0.05391 0.08260
0 0.42891 0.44431 0.05156 0.08761
0 0.43594 0.46871 0.04844 0.07384
0 0.44336 0.49186 0.04609 0.07259
0 0.45312 0.51627 0.04844 0.07635
0 0.46055 0.55382 0.04766 0.07384
0 0.46992 0.58135 0.04766 0.08135
0 0.47891 0.61202 0.04219 0.08260
0 0.48633 0.63767 0.03516 0.07134
0 0.49453 0.67084 0.03594 0.07509
0 0.47773 0.71339 0.02891 0.06508
0 0.51289 0.70401 0.04141 0.09387
0 0.52930 0.72966 0.03984 0.08761
0 0.49023 0.75469 0.02891 0.07009
0 0.50781 0.78598 0.03281 0.07760
0 0.43437 0.74656 0.02656 0.06633
0 0.45234 0.77847 0.01562 0.05006
0 0.45547 0.73968 0.02187 0.06008
0 0.46719 0.80413 0.01875 0.04631
0 0.46914 0.76533 0.01953 0.06383
0 0.48164 0.82541 0.01641 0.04130
0 0.48398 0.79725 0.02422 0.05257
0 0.52656 0.88235 0.02344 0.03755
0 0.49805 0.84981 0.01953 0.04756
0 0.50937 0.83980 0.04219 0.07509
0 0.53359 0.83104 0.03594 0.07259
0 0.53867 0.77972 0.03203 0.08260
0 0.58867 0.33104 0.01172 0.01627
0 0.59766 0.34668 0.01094 0.01752
0 0.60742 0.35983 0.01016 0.01126
0 0.61836 0.37609 0.01641 0.02128
0 0.63008 0.39549 0.01641 0.01752
0 0.64102 0.41552 0.02422 0.02503
0 0.56836 0.32478 0.03672 0.02879
0 0.58008 0.34731 0.04141 0.03129
0 0.58906 0.36483 0.05000 0.03129
0 0.59023 0.37609 0.04609 0.02879
0 0.60195 0.39362 0.05703 0.04380
0 0.52422 0.32791 0.05625 0.05257
0 0.53359 0.34606 0.05625 0.04631
0 0.53750 0.36733 0.05312 0.04631
0 0.54180 0.38235 0.05234 0.03880
0 0.44961 0.32666 0.06016 0.06508
0 0.45781 0.34293 0.05781 0.07009
0 0.46992 0.36108 0.06172 0.07635
0 0.48047 0.38048 0.06250 0.06008
0 0.48516 0.40551 0.06250 0.07009
0 0.65391 0.44243 0.03906 0.03880
0 0.65586 0.45369 0.03516 0.02378
0 0.68945 0.50501 0.01016 0.01877
0 0.69453 0.52503 0.01719 0.03129
0 0.70859 0.55569 0.02031 0.03004
0 0.66289 0.47872 0.04453 0.05131
0 0.66680 0.49499 0.03828 0.03129
0 0.67188 0.51690 0.04844 0.03504
0 0.67617 0.53817 0.04922 0.03504
0 0.71758 0.58010 0.02266 0.02879
0 0.68164 0.56446 0.05547 0.04506
0 0.72187 0.59637 0.02656 0.02628
0 0.72930 0.62328 0.03203 0.04756
0 0.75234 0.71902 0.02812 0.08385
0 0.75313 0.79850 0.03125 0.08260
0 0.68359 0.59574 0.06094 0.06008
0 0.72539 0.65144 0.04141 0.06633
0 0.72461 0.68774 0.04297 0.06383
0 0.68086 0.62140 0.05078 0.04631
0 0.68867 0.66083 0.04141 0.06008
0 0.60469 0.41489 0.05469 0.02879
0 0.61133 0.43116 0.05547 0.04130
0 0.61289 0.45432 0.06016 0.04255
0 0.61797 0.48686 0.06406 0.05757
0 0.61953 0.51752 0.05781 0.04881
0 0.62578 0.53817 0.05781 0.04506
0 0.48438 0.43179 0.05000 0.06508
0 0.49609 0.44869 0.06250 0.08135
0 0.50234 0.48561 0.05625 0.07760
0 0.50820 0.52691 0.04922 0.08010
0 0.54531 0.40050 0.05781 0.05006
0 0.55156 0.42303 0.05156 0.05507
0 0.55664 0.45056 0.05859 0.05507
0 0.55703 0.47810 0.05469 0.05757
0 0.56016 0.51001 0.05937 0.06133
0 0.56680 0.54068 0.05859 0.06008
0 0.51602 0.56633 0.04609 0.06884
0 0.52500 0.60388 0.04844 0.06884
0 0.57266 0.57760 0.05937 0.06633
0 0.62812 0.58073 0.05937 0.07259
0 0.58242 0.61577 0.05391 0.06508
