0 0.66367 0.27726 0.09141 0.13482
0 0.58984 0.29308 0.09375 0.13599
0 0.51523 0.30481 0.09766 0.14771
0 0.44570 0.31888 0.10859 0.15709
0 0.38437 0.33118 0.12344 0.16999
0 0.31211 0.34056 0.12109 0.17937
0 0.00625 0.49062 0.01250 0.09496
0 0.03672 0.44725 0.07344 0.16061
0 0.24375 0.37104 0.12344 0.17702
0 0.17617 0.39449 0.12891 0.17468
0 0.11328 0.42907 0.11562 0.17116
0 0.58047 0.57327 0.05937 0.03751
0 0.51836 0.60023 0.06641 0.06800
0 0.45352 0.63013 0.06641 0.05744
0 0.39414 0.64537 0.08828 0.09965
0 0.32930 0.68171 0.08828 0.10903
0 0.26289 0.71923 0.08828 0.12310
0 0.18906 0.75029 0.10156 0.16413
0 0.11680 0.79015 0.09922 0.19226
0 0.05000 0.83118 0.10000 0.21337
0 0.01133 0.89332 0.02266 0.12661
0 0.01133 0.68933 0.02266 0.12427
0 0.04453 0.62720 0.08906 0.21102
0 0.10352 0.60258 0.11484 0.20399
0 0.73828 0.26671 0.07812 0.11606
0 0.93594 0.24854 0.05469 0.09848
0 0.89336 0.28664 0.09766 0.15827
0 0.82227 0.30891 0.10859 0.20516
0 0.78477 0.38687 0.09141 0.15475
0 0.71133 0.40446 0.10078 0.20164
0 0.65195 0.43552 0.10391 0.20047
0 0.58047 0.45487 0.11719 0.21571
0 0.51680 0.47479 0.10703 0.21102
0 0.45820 0.50293 0.10703 0.22040
0 0.39102 0.50703 0.10859 0.21688
0 0.31328 0.53048 0.12969 0.22861
0 0.25078 0.56155 0.11406 0.20867
0 0.18438 0.58382 0.11719 0.22040
