0 0.45312 0.48906 0.00937 0.01562
0 0.48385 0.49531 0.01875 0.01562
0 0.46615 0.49375 0.01771 0.01406
0 0.50078 0.50117 0.01719 0.02422
0 0.51588 0.50547 0.01719 0.02969
0 0.31849 0.63672 0.01302 0.01250
0 0.59453 0.74336 0.60365 0.24922
0 0.62422 0.75273 0.02240 0.04453
0 0.58698 0.73398 0.01771 0.03984
0 0.60573 0.73906 0.01771 0.04062
0 0.64088 0.76523 0.01406 0.03984
0 0.65729 0.77383 0.01771 0.04922
0 0.67969 0.74219 0.02396 0.04844
0 0.69375 0.76133 0.02396 0.05078
0 0.71667 0.73867 0.02813 0.04922
0 0.74766 0.73242 0.03177 0.05078
0 0.77344 0.73711 0.03438 0.04766
0 0.72943 0.77266 0.02135 0.05625
0 0.75417 0.78633 0.02604 0.06172
0 0.78333 0.77656 0.03333 0.05781
0 0.70781 0.78203 0.02187 0.05156
0 0.67448 0.78984 0.02292 0.04844
0 0.69401 0.81055 0.02448 0.04609
0 0.72057 0.80898 0.02552 0.04297
0 0.73828 0.82969 0.02448 0.05000
0 0.75885 0.84297 0.02500 0.05000
0 0.78672 0.85234 0.02760 0.04219
0 0.71667 0.64219 0.02813 0.03906
0 0.73594 0.65781 0.02917 0.04375
0 0.75703 0.67617 0.04219 0.04609
0 0.78906 0.67930 0.02604 0.03359
0 0.80912 0.70234 0.02656 0.03594
0 0.81354 0.73906 0.03333 0.04531
0 0.83828 0.70039 0.02552 0.04922
0 0.84974 0.65156 0.03490 0.04531
0 0.81276 0.62617 0.03177 0.04453
0 0.78542 0.61758 0.03125 0.04922
0 0.74687 0.60820 0.02917 0.04453
0 0.70156 0.64023 0.02500 0.04766
0 0.70417 0.61484 0.02604 0.01562
0 0.56693 0.75273 0.01823 0.03047
0 0.58359 0.76367 0.01406 0.02891
0 0.59870 0.77227 0.01927 0.02891
0 0.61615 0.78125 0.01667 0.03437
0 0.63463 0.79453 0.02135 0.03594
0 0.65338 0.80664 0.01719 0.03203
0 0.67396 0.82187 0.02500 0.03125
0 0.82526 0.67148 0.02448 0.04922
0 0.80599 0.66484 0.01823 0.03594
0 0.78802 0.65156 0.02187 0.02031
0 0.71406 0.83125 0.02292 0.03906
0 0.69922 0.49570 0.01927 0.01328
0 0.72135 0.50117 0.02396 0.01641
0 0.74010 0.50664 0.02083 0.01797
0 0.75885 0.51133 0.01562 0.01641
0 0.77630 0.51562 0.01927 0.01719
0 0.79115 0.52266 0.01771 0.01562
0 0.80703 0.52852 0.02656 0.01797
0 0.82943 0.53594 0.01823 0.01562
0 0.84557 0.54961 0.01406 0.01953
0 0.86354 0.56094 0.01979 0.02031
0 0.85859 0.69961 0.01510 0.04922
0 0.80521 0.77930 0.01354 0.03984
0 0.74141 0.63555 0.01927 0.01328
0 0.76406 0.64766 0.02708 0.02031
0 0.60703 0.45664 0.01302 0.01328
0 0.62370 0.46289 0.01302 0.01484
0 0.57135 0.44336 0.02083 0.01172
0 0.72005 0.85156 0.06406 0.04375
0 0.77656 0.87578 0.03438 0.02031
0 0.80521 0.87187 0.01979 0.02344
0 0.26432 0.38594 0.02240 0.02812
0 0.24635 0.40938 0.01667 0.03281
0 0.25625 0.43906 0.01354 0.03437
0 0.26927 0.42578 0.01875 0.04219
0 0.26979 0.46016 0.01667 0.02812
0 0.28125 0.43437 0.01771 0.04063
0 0.28646 0.38438 0.01979 0.02812
0 0.30234 0.40781 0.01823 0.02969
0 0.32344 0.41094 0.02396 0.02969
0 0.26745 0.40273 0.02031 0.02266
0 0.28646 0.40547 0.01458 0.01719
0 0.29583 0.44102 0.01875 0.03828
0 0.31198 0.44180 0.02083 0.03516
0 0.30703 0.38164 0.02135 0.02578
0 0.32292 0.38477 0.02396 0.03047
0 0.29115 0.47852 0.01771 0.02266
0 0.28542 0.46641 0.01146 0.01562
0 0.30208 0.46602 0.01875 0.01328
0 0.31953 0.46680 0.01823 0.01016
0 0.32005 0.45703 0.01927 0.01094
0 0.34141 0.46719 0.02344 0.01562
0 0.30703 0.48516 0.01927 0.03281
0 0.32344 0.48555 0.02187 0.03047
0 0.29036 0.50508 0.01823 0.02734
0 0.30573 0.51758 0.01667 0.03516
0 0.28724 0.53867 0.02552 0.03984
0 0.28412 0.57461 0.01823 0.03359
0 0.30156 0.57617 0.01875 0.03984
0 0.31615 0.54805 0.02292 0.03672
0 0.32161 0.51445 0.02240 0.03672
0 0.34088 0.48672 0.02448 0.03281
0 0.35885 0.50859 0.02083 0.02812
0 0.37865 0.49297 0.02187 0.02969
0 0.31745 0.58828 0.02031 0.03438
0 0.37240 0.52852 0.02083 0.04453
0 0.36120 0.48438 0.02344 0.02656
0 0.39219 0.50000 0.02292 0.02656
0 0.30234 0.60820 0.01719 0.02891
0 0.28828 0.60234 0.01615 0.02656
0 0.27370 0.59102 0.01510 0.02734
0 0.27083 0.56797 0.01354 0.02187
0 0.31953 0.61719 0.01823 0.02656
0 0.43099 0.49648 0.01927 0.02266
0 0.44688 0.50312 0.01562 0.02031
0 0.39427 0.48047 0.01979 0.01875
0 0.37969 0.47344 0.01771 0.01406
0 0.36120 0.46992 0.02135 0.01484
0 0.44583 0.69609 0.01667 0.02500
0 0.41094 0.68359 0.01771 0.01406
0 0.36849 0.65977 0.01927 0.01641
0 0.39479 0.67461 0.01458 0.01328
0 0.30651 0.36523 0.02135 0.01641
0 0.32656 0.36562 0.01979 0.01250
0 0.34323 0.36680 0.01667 0.01328
0 0.36094 0.38398 0.02292 0.01797
0 0.36042 0.37070 0.01979 0.01328
0 0.37474 0.38828 0.01927 0.01719
0 0.37891 0.37461 0.01510 0.01328
0 0.48802 0.70977 0.02083 0.01953
0 0.68594 0.61055 0.02396 0.02891
0 0.72500 0.60156 0.02187 0.04531
0 0.70599 0.59023 0.02135 0.03203
0 0.68490 0.58438 0.02292 0.02969
0 0.67604 0.59883 0.02187 0.02422
0 0.66719 0.57383 0.01875 0.01797
0 0.65026 0.56875 0.01719 0.01562
0 0.63255 0.56094 0.02031 0.01250
0 0.61563 0.55625 0.01146 0.00938
0 0.52005 0.53008 0.01302 0.01953
0 0.50911 0.51992 0.01927 0.01328
0 0.49713 0.51484 0.01615 0.01562
0 0.48281 0.50391 0.01667 0.00781
0 0.66510 0.58633 0.01354 0.01016
0 0.64609 0.58203 0.02344 0.01406
0 0.62578 0.58633 0.01719 0.01016
0 0.63099 0.57500 0.01823 0.01562
0 0.61719 0.56367 0.01667 0.01016
0 0.60625 0.55781 0.01250 0.01094
0 0.66693 0.72656 0.02656 0.05469
0 0.40912 0.63594 0.01823 0.04062
0 0.39323 0.62734 0.01458 0.03594
0 0.37917 0.61641 0.01875 0.03750
0 0.36458 0.60586 0.01771 0.03984
0 0.34792 0.60781 0.01875 0.03594
0 0.34844 0.57344 0.02083 0.03125
0 0.42500 0.64219 0.01562 0.04062
0 0.46927 0.66562 0.02708 0.04063
0 0.49245 0.65000 0.02240 0.05000
0 0.48698 0.68516 0.01771 0.04062
0 0.50781 0.67188 0.02187 0.04531
0 0.52422 0.68633 0.01927 0.04922
0 0.50130 0.70039 0.01823 0.03828
0 0.53984 0.69219 0.02031 0.05000
0 0.55599 0.70508 0.01927 0.04297
0 0.57083 0.71992 0.01979 0.03984
0 0.64974 0.72148 0.02135 0.04453
0 0.50182 0.53594 0.02656 0.02969
0 0.46250 0.50859 0.02292 0.02344
0 0.48073 0.52070 0.02187 0.02422
0 0.53490 0.53711 0.02396 0.01953
0 0.55365 0.54570 0.01979 0.01797
0 0.56927 0.55586 0.01667 0.02109
0 0.58880 0.56289 0.02448 0.02422
0 0.50990 0.51836 0.31146 0.18672
0 0.34635 0.43945 0.01875 0.03516
0 0.33073 0.43633 0.01667 0.03516
0 0.34088 0.38672 0.02031 0.03125
0 0.35391 0.40781 0.02448 0.03594
0 0.37370 0.41250 0.01927 0.03125
0 0.37995 0.44961 0.02240 0.03672
0 0.33880 0.51953 0.02135 0.03438
0 0.33099 0.55625 0.01615 0.03906
0 0.33203 0.59609 0.01510 0.03594
0 0.33359 0.62852 0.01719 0.03203
0 0.35026 0.63711 0.01927 0.02891
0 0.36771 0.64102 0.01875 0.03359
0 0.38333 0.65039 0.01771 0.03203
0 0.39740 0.65938 0.01458 0.02969
0 0.41094 0.66719 0.01875 0.02500
0 0.44375 0.67070 0.02500 0.02578
0 0.42813 0.67852 0.02083 0.03516
0 0.46380 0.69258 0.02969 0.03047
0 0.51745 0.71719 0.01927 0.03281
0 0.53229 0.72734 0.01875 0.03125
0 0.55156 0.73516 0.02500 0.02344
0 0.60391 0.60195 0.02240 0.03359
0 0.63437 0.71523 0.02292 0.05234
0 0.61927 0.70742 0.02292 0.05078
0 0.60573 0.69531 0.02292 0.04844
0 0.58854 0.68750 0.02292 0.05469
0 0.57292 0.67539 0.01979 0.04922
0 0.55807 0.66094 0.02760 0.04375
0 0.53359 0.64648 0.02656 0.04609
0 0.51302 0.63008 0.02604 0.04453
0 0.46797 0.62695 0.02865 0.04453
0 0.43984 0.60742 0.02656 0.03984
0 0.44349 0.56797 0.02448 0.04219
0 0.44505 0.64336 0.02760 0.04141
0 0.36250 0.55820 0.04792 0.07266
0 0.38464 0.53398 0.02344 0.04297
0 0.39688 0.54648 0.02292 0.04766
0 0.40547 0.59141 0.02344 0.05000
0 0.42682 0.56133 0.02552 0.04297
0 0.41250 0.54922 0.01979 0.03750
0 0.38828 0.58750 0.01823 0.04219
0 0.43099 0.52188 0.02344 0.03906
0 0.44609 0.53008 0.02552 0.03672
0 0.46224 0.54219 0.02552 0.04062
0 0.42031 0.60391 0.01979 0.04375
0 0.73724 0.70312 0.03802 0.04375
0 0.70365 0.71406 0.03021 0.04688
0 0.71589 0.67891 0.02865 0.04063
0 0.68594 0.69375 0.02708 0.04688
0 0.66198 0.68125 0.03438 0.04531
0 0.64271 0.66602 0.03229 0.04922
0 0.62552 0.65898 0.02708 0.04609
0 0.60651 0.64766 0.02969 0.04844
0 0.58776 0.63828 0.02656 0.04844
0 0.56771 0.61953 0.03229 0.04531
0 0.54635 0.61133 0.02917 0.05078
0 0.52943 0.59688 0.02344 0.03750
0 0.51172 0.58555 0.02865 0.04453
0 0.47812 0.55313 0.02500 0.04063
0 0.49401 0.56523 0.02969 0.03828
0 0.48620 0.60547 0.02656 0.04531
0 0.46354 0.58516 0.02813 0.04375
0 0.67526 0.54961 0.02240 0.04297
0 0.53125 0.51094 0.02083 0.03438
0 0.51458 0.47734 0.02292 0.03750
0 0.49583 0.47422 0.02396 0.04063
0 0.47891 0.47188 0.02031 0.03750
0 0.46172 0.47578 0.01719 0.02969
0 0.49401 0.44258 0.01719 0.02891
0 0.51250 0.44648 0.01875 0.02891
0 0.53203 0.44766 0.01927 0.02812
0 0.54974 0.45078 0.02135 0.02812
0 0.56745 0.45781 0.02031 0.02813
0 0.58490 0.46133 0.02083 0.03047
0 0.60052 0.46719 0.01667 0.02344
0 0.61667 0.47344 0.02292 0.02500
0 0.63776 0.47813 0.02031 0.02344
0 0.65677 0.48047 0.01979 0.02188
0 0.67839 0.48906 0.02135 0.02187
0 0.53125 0.56094 0.02604 0.03438
0 0.54974 0.56914 0.02969 0.03672
0 0.57500 0.58203 0.02917 0.03281
0 0.60703 0.57422 0.02656 0.02344
0 0.63229 0.61289 0.04792 0.04922
0 0.65781 0.62930 0.02604 0.03516
0 0.67474 0.64609 0.03281 0.04844
0 0.65677 0.54414 0.02188 0.04609
0 0.63932 0.53867 0.02031 0.04609
0 0.62031 0.53594 0.02396 0.04062
0 0.60208 0.53203 0.02083 0.04219
0 0.58438 0.52930 0.02187 0.04297
0 0.56615 0.52109 0.02083 0.03750
0 0.54766 0.51484 0.02240 0.03594
0 0.53177 0.47891 0.02188 0.03594
0 0.54870 0.48125 0.01823 0.03594
0 0.56641 0.48594 0.02031 0.03437
0 0.58646 0.48945 0.02187 0.03203
0 0.60338 0.49609 0.02031 0.03281
0 0.61953 0.50039 0.02031 0.03203
0 0.63750 0.50195 0.01979 0.03203
0 0.65729 0.50352 0.02292 0.03359
0 0.67526 0.51172 0.01823 0.03281
0 0.69349 0.51445 0.02031 0.03516
0 0.70885 0.51992 0.01979 0.03516
0 0.72682 0.52734 0.02031 0.03906
0 0.74375 0.53164 0.02083 0.03359
0 0.76042 0.53555 0.02292 0.03359
0 0.77969 0.54062 0.02292 0.03125
0 0.79505 0.54688 0.02031 0.02656
0 0.81615 0.55000 0.02188 0.02812
0 0.83776 0.56094 0.02031 0.02969
0 0.85677 0.57227 0.02396 0.03203
0 0.84167 0.60234 0.03021 0.05156
0 0.81849 0.58516 0.02552 0.04219
0 0.79557 0.57773 0.02552 0.04297
0 0.77266 0.57891 0.02344 0.04531
0 0.75703 0.56914 0.02240 0.03516
0 0.73828 0.56797 0.02552 0.04375
0 0.71641 0.55820 0.02760 0.04453
0 0.69453 0.55273 0.02552 0.04297
