0 0.40755 0.73398 0.02969 0.02109
0 0.43203 0.73398 0.02969 0.03047
0 0.45729 0.74141 0.03125 0.03594
0 0.47995 0.73672 0.03177 0.03125
0 0.49661 0.73477 0.01615 0.02422
0 0.45625 0.72188 0.02083 0.00937
0 0.47552 0.72031 0.02812 0.01406
0 0.43125 0.71680 0.02187 0.01016
0 0.40885 0.71992 0.02187 0.01016
0 0.38698 0.72148 0.02292 0.01641
0 0.36875 0.72266 0.01875 0.01250
0 0.44297 0.75781 0.02969 0.03281
0 0.41406 0.75742 0.02708 0.03047
0 0.38880 0.76328 0.03073 0.02969
0 0.36172 0.76406 0.02760 0.02656
0 0.33776 0.77031 0.02656 0.02656
0 0.38568 0.73633 0.02656 0.02891
0 0.36380 0.73945 0.02656 0.02891
0 0.34036 0.74336 0.02969 0.03359
0 0.31510 0.74531 0.02812 0.02969
0 0.31328 0.77305 0.02656 0.03359
0 0.32917 0.80234 0.03854 0.04688
0 0.35807 0.79570 0.03385 0.04609
0 0.38281 0.79297 0.03021 0.04531
0 0.40677 0.79023 0.02812 0.03984
0 0.43333 0.78984 0.03229 0.04219
0 0.45937 0.78672 0.02812 0.04219
0 0.50859 0.79141 0.02656 0.04531
0 0.48438 0.79062 0.02917 0.03906
0 0.47812 0.75703 0.03854 0.02969
0 0.50365 0.75781 0.01458 0.02656
0 0.51901 0.77344 0.02135 0.03281
0 0.52682 0.80391 0.01406 0.03125
0 0.52474 0.83945 0.02031 0.05234
0 0.50625 0.83477 0.02396 0.05391
0 0.48646 0.83086 0.02604 0.05234
0 0.46198 0.82578 0.02396 0.05156
0 0.43984 0.82852 0.02552 0.04922
0 0.41302 0.83047 0.03125 0.04531
0 0.39062 0.83672 0.02604 0.04219
0 0.36536 0.83906 0.03281 0.05469
0 0.50026 0.92578 0.02240 0.06250
0 0.47760 0.92891 0.03021 0.06250
0 0.45000 0.93281 0.02813 0.06094
0 0.42656 0.93281 0.02187 0.05781
0 0.40599 0.93398 0.02448 0.05391
0 0.38333 0.94102 0.02917 0.05703
0 0.38568 0.88555 0.02865 0.06172
0 0.40755 0.88125 0.02552 0.06094
0 0.43073 0.87656 0.02604 0.05937
0 0.45469 0.87500 0.03021 0.05938
0 0.48307 0.87461 0.03177 0.05391
0 0.51354 0.88008 0.03333 0.05078
0 0.53463 0.88008 0.01302 0.05078
0 0.54036 0.92695 0.00990 0.04141
0 0.52604 0.92852 0.03125 0.06172
0 0.53385 0.96172 0.01771 0.02656
0 0.51146 0.96719 0.02604 0.04375
0 0.48568 0.97187 0.02969 0.04219
0 0.46146 0.97305 0.02396 0.03828
0 0.43568 0.97422 0.02865 0.03594
0 0.41380 0.97344 0.02135 0.03594
0 0.39297 0.97617 0.02448 0.03203
0 0.37031 0.97891 0.02396 0.02812
0 0.26641 0.97031 0.02448 0.04688
0 0.28932 0.96563 0.02448 0.05781
0 0.31198 0.95938 0.02500 0.06094
0 0.33359 0.95156 0.02865 0.05625
0 0.35859 0.94258 0.02656 0.05859
0 0.34792 0.98359 0.02708 0.03281
0 0.32370 0.98984 0.02135 0.02031
0 0.30651 0.99375 0.01823 0.01250
0 0.28359 0.99492 0.02344 0.01016
0 0.26198 0.99687 0.01562 0.00625
0 0.24609 0.97930 0.02656 0.04141
0 0.22135 0.98164 0.02708 0.03672
0 0.19870 0.98477 0.02552 0.03047
0 0.17552 0.99023 0.01979 0.01953
0 0.15391 0.99219 0.02552 0.01562
0 0.12760 0.99531 0.02188 0.00937
0 0.31693 0.85078 0.02760 0.05312
0 0.33984 0.84609 0.03073 0.05312
0 0.36042 0.88945 0.02812 0.05078
0 0.33750 0.89844 0.02812 0.05156
0 0.31458 0.90352 0.02708 0.05703
0 0.29010 0.91094 0.03021 0.05000
0 0.26667 0.92188 0.03021 0.05625
0 0.24427 0.93125 0.02813 0.05469
0 0.21979 0.93867 0.02188 0.04922
0 0.19948 0.94570 0.02708 0.05391
0 0.17995 0.95273 0.03073 0.05391
0 0.15182 0.95938 0.02760 0.05156
0 0.12734 0.96602 0.02969 0.05391
0 0.09818 0.96953 0.03177 0.04688
0 0.09740 0.99609 0.02813 0.00781
0 0.16823 0.90938 0.03438 0.04688
0 0.13906 0.91328 0.02812 0.05469
0 0.11354 0.92305 0.02812 0.05703
0 0.08984 0.92969 0.01927 0.04688
0 0.06667 0.93437 0.03021 0.05313
0 0.06745 0.97695 0.03490 0.04609
0 0.04089 0.97461 0.02240 0.05078
0 0.02057 0.98398 0.03281 0.03203
0 0.00443 0.97812 0.00885 0.04375
0 0.03542 0.91680 0.03958 0.06484
0 0.01536 0.93750 0.03073 0.06250
0 0.00286 0.92656 0.00573 0.04062
0 0.19688 0.89531 0.03021 0.05469
0 0.22240 0.88828 0.02708 0.05781
0 0.24557 0.87617 0.02865 0.05234
0 0.27057 0.86719 0.03385 0.05625
0 0.29688 0.86133 0.03125 0.05859
0 0.29713 0.81797 0.03490 0.05469
0 0.27240 0.81797 0.02812 0.04844
0 0.24792 0.82656 0.02917 0.05156
0 0.22500 0.83203 0.02813 0.05313
0 0.19922 0.84180 0.03594 0.06172
0 0.17578 0.85898 0.02865 0.06016
0 0.15391 0.86367 0.02344 0.06016
0 0.12787 0.86094 0.03385 0.06250
0 0.10547 0.86992 0.03073 0.05547
0 0.08620 0.88008 0.02969 0.05234
0 0.05859 0.89531 0.02969 0.04375
0 0.06562 0.85312 0.02604 0.03906
0 0.04167 0.86055 0.02917 0.04453
0 0.01667 0.87227 0.02500 0.04453
0 0.00885 0.88359 0.01771 0.04688
0 0.24818 0.78867 0.02552 0.02891
0 0.22474 0.79570 0.02448 0.03047
0 0.19948 0.79609 0.02917 0.03750
0 0.17917 0.80898 0.01250 0.02578
0 0.16042 0.81719 0.02813 0.04375
0 0.13464 0.81289 0.02865 0.04297
0 0.11172 0.81758 0.02344 0.04609
0 0.08828 0.83203 0.03073 0.04375
0 0.29740 0.78555 0.02396 0.02734
0 0.27109 0.78242 0.02969 0.03359
0 0.28984 0.76680 0.02448 0.01641
0 0.26953 0.75781 0.02552 0.02031
0 0.29349 0.74961 0.02344 0.02891
0 0.24349 0.74336 0.02135 0.01484
0 0.24115 0.76211 0.03229 0.02422
0 0.21615 0.76875 0.03333 0.02656
0 0.18437 0.77695 0.03229 0.03359
0 0.15469 0.78438 0.03646 0.02969
0 0.15938 0.75937 0.02604 0.02031
0 0.17812 0.75625 0.01771 0.01250
0 0.19974 0.75625 0.02552 0.02031
0 0.22370 0.75117 0.02344 0.01328
0 0.22344 0.74023 0.02188 0.01172
0 0.20104 0.74063 0.02708 0.01562
0 0.17760 0.74375 0.02500 0.01406
0 0.15651 0.75195 0.02240 0.01797
0 0.13620 0.77695 0.02448 0.02891
0 0.11797 0.78555 0.02240 0.03203
0 0.01536 0.83906 0.03073 0.03750
0 0.03958 0.82461 0.03438 0.03516
0 0.06562 0.81328 0.03333 0.04062
0 0.09401 0.79688 0.03490 0.03281
0 0.09323 0.77539 0.02604 0.01953
0 0.06875 0.78438 0.02500 0.02344
0 0.08698 0.76719 0.02708 0.01406
0 0.13047 0.75820 0.02656 0.01641
0 0.10938 0.76562 0.01979 0.01562
0 0.06328 0.77383 0.01927 0.01172
0 0.04323 0.79805 0.02604 0.02109
0 0.04219 0.78164 0.02812 0.01953
0 0.01693 0.79375 0.03385 0.02031
0 0.01797 0.80977 0.02552 0.02266
0 0.00313 0.81367 0.00625 0.03047
