0 0.37682 0.15243 0.01302 0.02569
0 0.38438 0.16563 0.01250 0.00764
0 0.38776 0.15035 0.01927 0.02431
0 0.40625 0.16667 0.03438 0.02639
0 0.43073 0.17326 0.01875 0.02431
0 0.42396 0.18194 0.01562 0.01667
0 0.44505 0.18750 0.02760 0.02500
0 0.46016 0.19792 0.01406 0.02500
0 0.47604 0.19896 0.01875 0.01736
0 0.37760 0.12222 0.02292 0.03889
0 0.39557 0.12465 0.02031 0.04097
0 0.40729 0.13611 0.02396 0.03889
0 0.42031 0.13993 0.01667 0.03958
0 0.43073 0.14340 0.02396 0.03958
0 0.44323 0.15625 0.01875 0.04167
0 0.45469 0.16458 0.01875 0.04028
0 0.46667 0.17257 0.01875 0.03958
0 0.48021 0.17882 0.02083 0.04097
0 0.49219 0.18611 0.01458 0.03194
0 0.37396 0.08681 0.01667 0.04722
0 0.38906 0.08472 0.03333 0.04722
0 0.40833 0.08472 0.03229 0.04167
0 0.41172 0.09722 0.02344 0.04306
0 0.42734 0.09931 0.02448 0.04583
0 0.43828 0.10556 0.02240 0.04167
0 0.44948 0.11389 0.02604 0.04583
0 0.45964 0.12396 0.02448 0.04931
0 0.47578 0.12951 0.02865 0.05069
0 0.48385 0.14097 0.02396 0.04306
0 0.49557 0.14931 0.02135 0.04444
0 0.38542 0.04618 0.02083 0.03958
0 0.39714 0.03715 0.02448 0.05069
0 0.41172 0.04340 0.01927 0.04653
0 0.42578 0.04618 0.02552 0.04514
0 0.43359 0.05694 0.02760 0.04306
0 0.44609 0.06319 0.02656 0.04444
0 0.45234 0.07361 0.02031 0.03889
0 0.47005 0.07604 0.02656 0.04931
0 0.47969 0.08576 0.02604 0.04514
0 0.49088 0.09375 0.02760 0.04167
0 0.50234 0.10764 0.02552 0.04028
0 0.51016 0.11667 0.02031 0.04028
0 0.41068 0.01285 0.01719 0.01597
0 0.42396 0.01493 0.02083 0.02153
0 0.43958 0.01944 0.01979 0.02083
0 0.44896 0.02847 0.02292 0.02500
0 0.45911 0.03438 0.02240 0.02847
0 0.47057 0.04097 0.02448 0.03056
0 0.48385 0.04479 0.01875 0.02292
0 0.49271 0.05104 0.02292 0.02847
0 0.50260 0.05938 0.02604 0.03125
0 0.51432 0.07153 0.02656 0.04028
0 0.52474 0.07951 0.02656 0.03819
0 0.50313 0.19167 0.01979 0.03611
0 0.50833 0.15694 0.02083 0.04444
0 0.52552 0.11910 0.02500 0.04792
0 0.53750 0.08403 0.02708 0.03889
0 0.43620 0.00764 0.01510 0.00694
0 0.45208 0.01389 0.02083 0.01250
0 0.47526 0.02396 0.01510 0.01319
0 0.48776 0.02847 0.01302 0.01111
0 0.50078 0.03264 0.01927 0.01389
0 0.51172 0.04028 0.01719 0.01667
0 0.52396 0.04688 0.01875 0.01736
0 0.53672 0.05590 0.02135 0.01875
0 0.52396 0.03576 0.01146 0.00764
0 0.53464 0.04167 0.01198 0.01111
0 0.54323 0.04861 0.01146 0.01389
0 0.55313 0.05208 0.01771 0.01250
0 0.54766 0.06597 0.01615 0.01806
0 0.56302 0.05694 0.01562 0.00833
0 0.57578 0.05972 0.01302 0.00833
0 0.56302 0.06910 0.01979 0.02292
0 0.55078 0.09097 0.02656 0.03194
0 0.53750 0.12778 0.02604 0.04444
0 0.52162 0.16111 0.02031 0.04167
0 0.51484 0.19687 0.01823 0.03403
0 0.52760 0.20382 0.01771 0.03125
0 0.53255 0.17049 0.02240 0.04236
0 0.54505 0.13993 0.02031 0.04653
0 0.55911 0.10035 0.01927 0.03958
0 0.57656 0.07535 0.02188 0.02431
0 0.58750 0.06424 0.01458 0.01181
0 0.53906 0.21215 0.01667 0.02569
0 0.54427 0.17917 0.02188 0.04306
0 0.56224 0.13681 0.02344 0.04167
0 0.57734 0.09965 0.02656 0.03542
0 0.59010 0.08021 0.02083 0.02153
0 0.60000 0.07014 0.01458 0.01250
0 0.55104 0.22118 0.01979 0.02569
0 0.55391 0.19028 0.02344 0.04167
0 0.56667 0.15694 0.02708 0.04028
0 0.57787 0.12257 0.02344 0.03542
0 0.59974 0.08924 0.02448 0.02569
0 0.61016 0.07639 0.01927 0.01389
0 0.56458 0.22639 0.01771 0.02639
0 0.57031 0.19410 0.02292 0.04097
0 0.58229 0.16181 0.02500 0.04583
0 0.59870 0.12083 0.02865 0.04167
0 0.61276 0.10069 0.02135 0.03056
0 0.62135 0.08437 0.01875 0.01458
0 0.57865 0.20764 0.02188 0.04444
0 0.57812 0.23819 0.01771 0.02222
0 0.59219 0.17292 0.02083 0.04167
0 0.60391 0.13576 0.02448 0.04097
0 0.62526 0.10486 0.02240 0.03056
0 0.63516 0.08958 0.01719 0.01667
0 0.59635 0.21076 0.02396 0.03819
0 0.59245 0.24306 0.01719 0.02917
0 0.60833 0.17431 0.01979 0.04722
0 0.62187 0.13576 0.02396 0.03958
0 0.63854 0.11389 0.02083 0.03194
0 0.64766 0.09444 0.02135 0.01806
0 0.60859 0.22014 0.02656 0.04444
0 0.60547 0.25486 0.01719 0.02778
0 0.62031 0.18715 0.02187 0.04097
0 0.62917 0.14931 0.02917 0.03889
0 0.64662 0.12465 0.02344 0.03403
0 0.65912 0.10347 0.02344 0.02083
0 0.62266 0.22604 0.02240 0.03819
0 0.62005 0.25764 0.01823 0.02639
0 0.61510 0.27500 0.01562 0.01389
0 0.63385 0.20035 0.02396 0.04792
0 0.64115 0.15937 0.02396 0.03958
0 0.65912 0.12743 0.02135 0.03403
0 0.67370 0.10625 0.01615 0.01389
0 0.63516 0.25139 0.02344 0.03333
0 0.63437 0.27708 0.01458 0.01806
0 0.64818 0.22604 0.02344 0.04097
0 0.65573 0.18368 0.02708 0.04514
0 0.66667 0.15000 0.02812 0.03472
0 0.67708 0.12222 0.01875 0.02917
0 0.68854 0.11181 0.01771 0.01667
0 0.64635 0.26181 0.01979 0.03194
0 0.64792 0.28681 0.01667 0.02083
0 0.66901 0.19618 0.02656 0.04236
0 0.67917 0.15799 0.02604 0.03958
0 0.69036 0.13090 0.02031 0.02569
0 0.70312 0.11806 0.01979 0.01944
0 0.66250 0.23611 0.02396 0.04306
0 0.66276 0.27222 0.02135 0.03333
0 0.66224 0.29792 0.01823 0.01944
0 0.67656 0.25139 0.02396 0.04306
0 0.68125 0.20764 0.02917 0.04583
0 0.69297 0.17083 0.02865 0.03750
0 0.70234 0.14028 0.02240 0.03056
0 0.71615 0.12708 0.01562 0.01389
0 0.68646 0.26007 0.02292 0.04236
0 0.67734 0.28576 0.01719 0.02569
0 0.67734 0.30139 0.01823 0.01250
0 0.69349 0.21944 0.02656 0.03889
0 0.70729 0.18160 0.02604 0.04097
0 0.71667 0.14931 0.02292 0.03333
0 0.72943 0.13576 0.01719 0.01736
0 0.72838 0.15903 0.02344 0.02917
0 0.74167 0.14271 0.02083 0.01736
0 0.69167 0.29479 0.02187 0.02986
0 0.70130 0.26771 0.02240 0.04375
0 0.70781 0.22569 0.03125 0.04722
0 0.72240 0.19201 0.02813 0.04097
0 0.74010 0.16736 0.02396 0.03472
0 0.75182 0.15312 0.01823 0.01875
0 0.70521 0.30174 0.02083 0.02708
0 0.71328 0.27674 0.01927 0.03819
0 0.72031 0.23646 0.02813 0.04514
0 0.73646 0.20417 0.02604 0.03889
0 0.75234 0.18056 0.02344 0.03611
0 0.76458 0.15937 0.01667 0.02153
0 0.71641 0.31146 0.01719 0.02986
0 0.72682 0.28264 0.02344 0.03472
0 0.73490 0.24688 0.02813 0.04653
0 0.74818 0.21597 0.02448 0.03611
0 0.76588 0.18750 0.02344 0.03611
0 0.77682 0.16806 0.01719 0.01806
0 0.74479 0.25556 0.02188 0.04167
0 0.73594 0.29375 0.02396 0.03611
0 0.72891 0.32187 0.01927 0.02708
0 0.78672 0.17882 0.02344 0.02431
0 0.77500 0.19653 0.03021 0.03333
0 0.76328 0.22569 0.02969 0.03611
0 0.75469 0.26389 0.02396 0.04583
0 0.74688 0.30590 0.02083 0.03958
0 0.74297 0.33194 0.01719 0.02361
0 0.75495 0.33924 0.01719 0.02292
0 0.76042 0.31563 0.01771 0.03403
0 0.76484 0.27882 0.02552 0.04514
0 0.77630 0.24132 0.02448 0.04097
0 0.78724 0.20868 0.02448 0.02986
0 0.79974 0.18924 0.02031 0.02431
0 0.76641 0.34757 0.01615 0.02431
0 0.77266 0.32396 0.02135 0.03403
0 0.77812 0.28646 0.02708 0.04653
0 0.79089 0.24861 0.02760 0.03611
0 0.80052 0.21910 0.02604 0.03125
0 0.80938 0.20000 0.02083 0.02083
0 0.81302 0.18958 0.01354 0.01111
0 0.82526 0.19653 0.01406 0.00694
0 0.79193 0.29688 0.02552 0.04236
0 0.78359 0.33368 0.02135 0.03681
0 0.77604 0.35764 0.01875 0.02500
0 0.80417 0.26076 0.02708 0.03958
0 0.81510 0.23021 0.02500 0.02986
0 0.82266 0.20799 0.02031 0.02431
0 0.83958 0.20625 0.01458 0.01389
0 0.79167 0.36597 0.02188 0.02639
0 0.79818 0.34236 0.02031 0.03056
0 0.80495 0.30590 0.02656 0.04514
0 0.81849 0.26736 0.02760 0.04444
0 0.83151 0.24549 0.02552 0.03403
0 0.83438 0.21910 0.02083 0.02153
0 0.85078 0.21632 0.01406 0.01319
0 0.84792 0.22951 0.01771 0.02292
0 0.86250 0.22743 0.01354 0.01319
0 0.81250 0.34861 0.02083 0.03056
0 0.80443 0.37361 0.01719 0.02500
0 0.81667 0.31667 0.01979 0.03611
0 0.82969 0.28299 0.02604 0.04097
0 0.82292 0.35694 0.01979 0.02917
0 0.81745 0.38090 0.01823 0.02847
0 0.82266 0.39792 0.00885 0.01389
0 0.82917 0.32222 0.02188 0.04028
0 0.84193 0.29097 0.02656 0.03611
0 0.84688 0.25694 0.02500 0.03333
0 0.85885 0.23993 0.02292 0.02847
0 0.87552 0.23611 0.01354 0.01111
0 0.85260 0.30382 0.02604 0.03681
0 0.86198 0.26944 0.02396 0.03333
0 0.87422 0.25243 0.01927 0.02986
0 0.88932 0.25069 0.01198 0.01250
0 0.84141 0.33368 0.02656 0.03542
0 0.83880 0.36563 0.02448 0.02986
0 0.83490 0.38715 0.02083 0.02153
0 0.83333 0.40451 0.01458 0.01458
0 0.84401 0.39514 0.01823 0.03194
0 0.85156 0.37431 0.01354 0.01806
0 0.85495 0.34653 0.02552 0.04028
0 0.86667 0.31493 0.02500 0.03403
0 0.87396 0.28368 0.02708 0.03125
0 0.88646 0.26736 0.02187 0.02639
0 0.90130 0.26285 0.01302 0.01597
0 0.86953 0.35556 0.02448 0.03889
0 0.88047 0.32639 0.02552 0.03611
0 0.88724 0.29479 0.02135 0.03264
0 0.90104 0.27639 0.01979 0.02083
0 0.91484 0.27743 0.01510 0.01875
0 0.85912 0.40486 0.01927 0.02500
0 0.86458 0.38646 0.02396 0.02569
0 0.88333 0.37014 0.02500 0.03750
0 0.89505 0.33924 0.02865 0.03958
0 0.90313 0.30556 0.02604 0.03889
0 0.91510 0.29549 0.01979 0.02986
0 0.92786 0.29306 0.01198 0.02083
0 0.87682 0.40972 0.02135 0.02778
0 0.88542 0.39861 0.02396 0.02222
0 0.88906 0.42083 0.01979 0.02222
0 0.90208 0.37604 0.01875 0.04236
0 0.91328 0.35000 0.02031 0.02917
0 0.91328 0.32361 0.01719 0.02639
0 0.92604 0.32812 0.02292 0.04653
0 0.94870 0.31528 0.00677 0.00833
0 0.93568 0.31146 0.02240 0.02431
0 0.91588 0.37951 0.02135 0.03958
0 0.90521 0.42569 0.01979 0.01806
0 0.90859 0.40660 0.02552 0.02847
0 0.91797 0.42639 0.01823 0.02083
0 0.92656 0.40069 0.01875 0.02222
0 0.93620 0.37847 0.02344 0.02917
0 0.93828 0.35000 0.03073 0.03472
0 0.94557 0.33368 0.01823 0.02986
0 0.95964 0.34236 0.01510 0.02639
