0 0.94236 0.43073 0.02500 0.01667
0 0.93750 0.41693 0.01944 0.01198
0 0.97951 0.45052 0.01458 0.01458
0 0.98125 0.43411 0.02083 0.01615
0 0.95486 0.40990 0.01944 0.01562
0 0.97778 0.41042 0.02778 0.02187
0 0.34410 0.99193 0.03681 0.01615
0 0.37743 0.99271 0.02986 0.01458
0 0.41389 0.98906 0.03472 0.02187
0 0.44410 0.98958 0.02292 0.02083
0 0.44340 0.96875 0.02431 0.02188
0 0.41458 0.96719 0.03472 0.02396
0 0.38299 0.97656 0.02847 0.01979
0 0.35208 0.97318 0.03333 0.02240
0 0.44271 0.94896 0.02153 0.01979
0 0.41215 0.94531 0.03542 0.02187
0 0.38611 0.95521 0.03056 0.02292
0 0.36076 0.95130 0.02014 0.02656
0 0.38646 0.93646 0.02986 0.01771
0 0.43715 0.92839 0.01875 0.01510
0 0.41701 0.92734 0.02153 0.01302
0 0.94340 0.72135 0.01319 0.01458
0 0.82882 0.68281 0.01597 0.01354
0 0.84757 0.67969 0.02431 0.01250
0 0.84826 0.69063 0.02569 0.00937
0 0.82604 0.70391 0.01458 0.01823
0 0.84965 0.70026 0.02569 0.01302
0 0.85382 0.64453 0.02014 0.01510
0 0.82986 0.66588 0.02222 0.01719
0 0.92569 0.67604 0.01528 0.01354
0 0.91910 0.66172 0.01736 0.01615
0 0.89583 0.64115 0.02083 0.01562
0 0.87917 0.64844 0.02222 0.01771
0 0.89757 0.65859 0.02153 0.01823
0 0.80347 0.96224 0.03056 0.01823
0 0.80660 0.94349 0.02986 0.02135
0 0.84201 0.96380 0.04653 0.02448
0 0.84792 0.94687 0.04583 0.02083
0 0.88368 0.95729 0.03125 0.01979
0 0.88993 0.94088 0.03403 0.01823
0 0.91458 0.95000 0.02083 0.02292
0 0.95729 0.95078 0.01319 0.01719
0 0.93889 0.94896 0.02500 0.01875
0 0.95660 0.93333 0.01736 0.01875
0 0.93403 0.93151 0.02778 0.02031
0 0.91215 0.92813 0.02292 0.02187
0 0.88646 0.92109 0.03958 0.02344
0 0.84826 0.92682 0.03958 0.02031
0 0.81250 0.92292 0.03472 0.01979
0 0.95660 0.91458 0.02153 0.01875
0 0.93681 0.91302 0.01944 0.01667
0 0.91493 0.90729 0.02847 0.02188
0 0.88507 0.90313 0.03681 0.02083
0 0.84688 0.90885 0.04236 0.02188
0 0.80937 0.90417 0.02986 0.01875
0 0.95417 0.96901 0.01389 0.01823
0 0.93785 0.96745 0.02153 0.01927
0 0.91389 0.97292 0.02778 0.02187
0 0.88333 0.97604 0.03472 0.01979
0 0.79688 0.99245 0.02292 0.01510
0 0.83021 0.99427 0.03681 0.01146
0 0.93854 0.99453 0.01875 0.01094
0 0.95451 0.98724 0.01736 0.01823
0 0.93576 0.98854 0.02292 0.02292
0 0.91389 0.99193 0.03194 0.01615
0 0.87535 0.99245 0.04236 0.01510
0 0.83542 0.98307 0.04583 0.02344
0 0.79896 0.97812 0.02569 0.02292
0 0.96736 0.84948 0.01250 0.01771
0 0.95590 0.85885 0.01319 0.01771
0 0.95625 0.89766 0.01528 0.01406
0 0.93854 0.89661 0.01875 0.01927
0 0.95833 0.88099 0.01528 0.01823
0 0.94097 0.87734 0.02361 0.02135
0 0.91562 0.88568 0.02847 0.02240
0 0.88646 0.88437 0.03542 0.01875
0 0.84549 0.88776 0.03542 0.01823
0 0.81215 0.88672 0.02431 0.01823
0 0.82188 0.86745 0.02431 0.02344
0 0.85347 0.87213 0.03889 0.02344
0 0.88924 0.86667 0.03125 0.02083
0 0.91701 0.86641 0.02292 0.02135
0 0.93958 0.85859 0.02361 0.01823
0 0.91528 0.84635 0.02500 0.02083
0 0.88611 0.84583 0.03611 0.02292
0 0.85313 0.85052 0.03819 0.01875
0 0.82049 0.84766 0.02292 0.01615
0 0.96806 0.83021 0.01667 0.02188
0 0.95868 0.80677 0.01042 0.01458
0 0.96632 0.81042 0.01458 0.01667
0 0.95903 0.82266 0.01111 0.01615
0 0.94306 0.83932 0.03194 0.02135
0 0.82604 0.82995 0.02014 0.01823
0 0.84792 0.83073 0.01806 0.02083
0 0.86389 0.83229 0.01944 0.01979
0 0.89167 0.82760 0.02639 0.01771
0 0.91910 0.82812 0.02569 0.01667
0 0.94271 0.82005 0.02014 0.01615
0 0.91771 0.80885 0.03542 0.02188
0 0.89062 0.80859 0.02569 0.02135
0 0.85451 0.81224 0.03681 0.02135
0 0.82569 0.81146 0.02222 0.02188
0 0.82847 0.78958 0.03056 0.02083
0 0.85972 0.79245 0.03194 0.01927
0 0.94549 0.78021 0.02014 0.01667
0 0.94514 0.79792 0.02778 0.02188
0 0.92083 0.78802 0.02639 0.01875
0 0.89201 0.78750 0.02708 0.02083
0 0.86563 0.77292 0.03542 0.02604
0 0.83438 0.77240 0.02847 0.02187
0 0.83368 0.75313 0.02986 0.01979
0 0.86563 0.75000 0.03125 0.02083
0 0.89549 0.76719 0.03264 0.01875
0 0.92257 0.76641 0.02431 0.02344
0 0.94132 0.75963 0.02014 0.02552
0 0.94271 0.73828 0.02292 0.01719
0 0.92188 0.74323 0.02153 0.02083
0 0.89583 0.74687 0.03333 0.02292
0 0.87222 0.73073 0.03056 0.01667
0 0.83819 0.73151 0.03056 0.02135
0 0.84410 0.71458 0.02569 0.01667
0 0.87361 0.71588 0.03056 0.01406
0 0.90000 0.72786 0.02639 0.01927
0 0.92361 0.72474 0.02222 0.01615
0 0.90208 0.70885 0.02222 0.01771
0 0.92465 0.70781 0.02569 0.01875
0 0.92396 0.68932 0.02014 0.01302
0 0.90382 0.69401 0.02292 0.01406
0 0.87813 0.70104 0.02569 0.02188
0 0.87674 0.68203 0.02292 0.01406
0 0.90451 0.67682 0.02569 0.01927
0 0.87431 0.66719 0.02639 0.02083
0 0.68333 0.23463 0.02222 0.01198
0 0.66910 0.25521 0.01319 0.01250
0 0.67361 0.24505 0.02222 0.01198
0 0.69896 0.24922 0.01736 0.01510
0 0.69063 0.25625 0.02153 0.01250
0 0.68785 0.26823 0.02569 0.01667
0 0.68264 0.28047 0.02222 0.01615
0 0.69618 0.30130 0.01736 0.01406
0 0.70382 0.29141 0.02153 0.01406
0 0.70938 0.28047 0.01875 0.01302
0 0.72639 0.28047 0.00972 0.01302
0 0.71632 0.26927 0.01458 0.02292
0 0.75139 0.24870 0.00972 0.00885
0 0.75903 0.24010 0.01528 0.01250
0 0.74201 0.23880 0.01736 0.01406
0 0.74757 0.22839 0.05208 0.01094
0 0.76528 0.22813 0.01528 0.01042
0 0.74826 0.22578 0.01875 0.01510
0 0.75590 0.21536 0.02292 0.01302
0 0.77604 0.21615 0.01319 0.01562
0 0.78056 0.20391 0.01389 0.01302
0 0.76285 0.20182 0.02153 0.01406
0 0.71146 0.20234 0.01319 0.01615
0 0.72535 0.21537 0.02708 0.01927
0 0.73368 0.20260 0.03264 0.01875
0 0.73993 0.19010 0.03125 0.01667
0 0.74687 0.17708 0.02986 0.01979
0 0.77083 0.18958 0.01944 0.01458
0 0.78924 0.19010 0.01458 0.01667
0 0.79688 0.17708 0.01597 0.01458
0 0.77743 0.17578 0.02292 0.01510
0 0.75347 0.16354 0.03056 0.01979
0 0.80451 0.16276 0.01736 0.01719
0 0.78229 0.16250 0.02708 0.01979
0 0.77986 0.14635 0.07639 0.01875
0 0.78819 0.14635 0.02500 0.01667
0 0.76285 0.13203 0.02708 0.01927
0 0.82465 0.12474 0.01042 0.01615
0 0.81806 0.12995 0.01250 0.01719
0 0.79479 0.13125 0.02986 0.01875
0 0.77292 0.11719 0.02361 0.01979
0 0.83924 0.09323 0.01458 0.01354
0 0.83438 0.10859 0.01875 0.01927
0 0.82917 0.10208 0.01389 0.01979
0 0.80556 0.11615 0.02917 0.01667
0 0.78403 0.10339 0.02500 0.02135
0 0.81111 0.09870 0.02917 0.01927
0 0.79410 0.08724 0.02014 0.01302
0 0.79653 0.07656 0.01250 0.00937
0 0.83542 0.07734 0.01667 0.02344
0 0.82118 0.08307 0.02153 0.02031
0 0.80521 0.06849 0.01736 0.01615
0 0.81389 0.05677 0.01806 0.01562
0 0.83542 0.05625 0.02361 0.01771
0 0.60660 0.29479 0.01042 0.01458
0 0.60417 0.32526 0.01667 0.01094
0 0.60521 0.31172 0.01597 0.01823
0 0.47847 0.30859 0.01250 0.01927
0 0.50139 0.30052 0.03611 0.01458
0 0.48160 0.29115 0.01736 0.01354
0 0.48785 0.27474 0.01736 0.01615
0 0.50660 0.28438 0.03403 0.01979
0 0.54410 0.29974 0.04792 0.01927
0 0.54826 0.28125 0.04375 0.01875
0 0.58472 0.29453 0.03472 0.02031
0 0.58993 0.27526 0.03542 0.02240
0 0.55486 0.26588 0.03750 0.01615
0 0.51597 0.26615 0.04306 0.01771
0 0.49132 0.25625 0.01875 0.01771
0 0.59167 0.25677 0.02500 0.01771
0 0.55972 0.25182 0.04444 0.02031
0 0.51771 0.24662 0.04236 0.01927
0 0.50486 0.23698 0.02778 0.01562
0 0.58924 0.23646 0.02708 0.01979
0 0.55382 0.23177 0.04097 0.01875
0 0.51632 0.22500 0.03542 0.01875
0 0.58507 0.21693 0.02986 0.01927
0 0.57153 0.19844 0.03056 0.01979
0 0.55000 0.21250 0.03056 0.01875
0 0.54271 0.19766 0.02847 0.01510
0 0.51562 0.20859 0.02986 0.01927
0 0.62951 0.58359 0.01736 0.01510
0 0.63194 0.56719 0.01389 0.01250
0 0.63125 0.55313 0.01528 0.01458
0 0.63056 0.53672 0.01250 0.01823
0 0.63194 0.59714 0.01667 0.01406
0 0.63403 0.61198 0.01944 0.01458
0 0.63576 0.62760 0.01736 0.01667
0 0.63090 0.63958 0.02153 0.00937
0 0.62639 0.65469 0.03194 0.02083
0 0.58750 0.65859 0.04028 0.01510
0 0.63437 0.66849 0.02431 0.01302
0 0.62951 0.68646 0.02431 0.01979
0 0.59861 0.67188 0.05417 0.01562
0 0.59306 0.68906 0.05000 0.01875
0 0.54410 0.68281 0.05208 0.01875
0 0.54271 0.66901 0.04931 0.01615
0 0.54514 0.65234 0.04861 0.01615
0 0.59757 0.64583 0.05069 0.01667
0 0.60556 0.62786 0.05000 0.02031
0 0.55069 0.63594 0.04306 0.02292
0 0.60000 0.81042 0.04306 0.02188
0 0.56771 0.81771 0.03264 0.01667
0 0.53264 0.82422 0.02361 0.01302
0 0.53160 0.81146 0.02431 0.01354
0 0.53125 0.79635 0.03333 0.02083
0 0.57396 0.79818 0.04097 0.02135
0 0.61181 0.79713 0.04028 0.01615
0 0.61424 0.78437 0.03819 0.01667
0 0.57431 0.77734 0.04444 0.02344
0 0.53438 0.77760 0.03125 0.01771
0 0.53438 0.76068 0.04097 0.01615
0 0.53715 0.74505 0.04514 0.01510
0 0.61493 0.76667 0.03958 0.01979
0 0.57917 0.75911 0.04583 0.01927
0 0.62014 0.74844 0.02917 0.01354
0 0.61944 0.73385 0.02917 0.01771
0 0.58438 0.73958 0.04653 0.01979
0 0.54236 0.73073 0.04583 0.01771
0 0.53958 0.71536 0.04167 0.01198
0 0.58924 0.72188 0.05208 0.01771
0 0.62639 0.71797 0.02222 0.01406
0 0.62465 0.70312 0.02569 0.01562
0 0.58715 0.70651 0.04931 0.01927
0 0.53750 0.69766 0.04583 0.01927
0 0.61910 0.39766 0.01597 0.01510
0 0.61632 0.41198 0.01875 0.01458
0 0.61840 0.42969 0.02014 0.02083
0 0.49826 0.43073 0.02847 0.01875
0 0.49514 0.41198 0.03194 0.01562
0 0.53368 0.43177 0.03958 0.01042
0 0.53229 0.42083 0.04792 0.01771
0 0.58021 0.43255 0.05208 0.02031
0 0.58472 0.41615 0.05000 0.01562
0 0.58507 0.40286 0.05069 0.01510
0 0.53611 0.40286 0.04861 0.01823
0 0.49687 0.39505 0.04236 0.01823
0 0.54201 0.38620 0.04792 0.01927
0 0.50243 0.37891 0.02986 0.01510
0 0.48646 0.36615 0.02569 0.02396
0 0.48090 0.34844 0.02431 0.01667
0 0.48889 0.33698 0.02778 0.01667
0 0.58993 0.38594 0.04792 0.01875
0 0.59965 0.37448 0.04236 0.01667
0 0.55486 0.37109 0.03750 0.02240
0 0.52500 0.36510 0.03472 0.02187
0 0.51910 0.34974 0.04514 0.01823
0 0.56250 0.35755 0.03194 0.01615
0 0.59653 0.35677 0.04028 0.02187
0 0.60139 0.34062 0.03056 0.01875
0 0.56076 0.34219 0.03403 0.01667
0 0.52535 0.33255 0.04653 0.02031
0 0.57361 0.32734 0.04167 0.02344
0 0.57569 0.31094 0.04028 0.01458
0 0.53090 0.31458 0.04653 0.01667
0 0.49063 0.31875 0.03125 0.01458
0 0.52257 0.44401 0.05486 0.02135
0 0.57292 0.44766 0.04722 0.01719
0 0.61563 0.44948 0.03403 0.02292
0 0.61424 0.46797 0.02986 0.01406
0 0.57431 0.46354 0.05278 0.01458
0 0.52292 0.46172 0.04861 0.01719
0 0.50556 0.50182 0.02639 0.01823
0 0.51667 0.48932 0.04028 0.01927
0 0.52153 0.47708 0.05000 0.01771
0 0.57014 0.49219 0.04583 0.01667
0 0.57187 0.47786 0.04653 0.01302
0 0.61632 0.48047 0.03819 0.01615
0 0.61701 0.49557 0.03681 0.01406
0 0.62083 0.51276 0.03472 0.02135
0 0.58333 0.50651 0.04306 0.02031
0 0.53854 0.50469 0.04375 0.02708
0 0.56146 0.62083 0.04514 0.02187
0 0.55104 0.60963 0.04097 0.01823
0 0.60729 0.61380 0.04653 0.01510
0 0.60972 0.57135 0.04306 0.01875
0 0.60312 0.55859 0.04097 0.01615
0 0.60069 0.54167 0.04167 0.01875
0 0.60312 0.52422 0.04514 0.01927
0 0.59826 0.60208 0.05208 0.01667
0 0.60035 0.58568 0.04236 0.01719
0 0.55417 0.59245 0.05000 0.01927
0 0.56458 0.57630 0.04444 0.02656
0 0.53229 0.57708 0.02153 0.02396
0 0.52153 0.56042 0.01111 0.01042
0 0.52153 0.55026 0.01250 0.00990
0 0.54271 0.56198 0.03542 0.01562
0 0.55590 0.55234 0.05208 0.02031
0 0.52083 0.53646 0.02361 0.01458
0 0.55590 0.53516 0.04653 0.01302
0 0.55625 0.52005 0.04306 0.01719
0 0.51806 0.51953 0.02778 0.01823
