0 0.46901 0.69727 0.01823 0.01953
0 0.47839 0.67383 0.01094 0.02109
0 0.47344 0.68203 0.01146 0.01875
0 0.46250 0.67617 0.02187 0.02578
0 0.39896 0.68594 0.01562 0.02344
0 0.40990 0.67930 0.01771 0.02422
0 0.40677 0.70273 0.01354 0.01797
0 0.41406 0.69844 0.01771 0.02188
0 0.46068 0.69453 0.01719 0.01719
0 0.42865 0.71016 0.01875 0.01562
0 0.44766 0.70742 0.02448 0.02109
0 0.42943 0.70078 0.01719 0.02188
0 0.42760 0.68359 0.01979 0.02031
0 0.44661 0.68945 0.01927 0.01797
0 0.47708 0.65117 0.01667 0.01953
0 0.48021 0.63477 0.01042 0.01641
0 0.47838 0.61914 0.00990 0.01953
0 0.47708 0.60273 0.00937 0.01641
0 0.47552 0.58906 0.00833 0.01250
0 0.47630 0.57578 0.00573 0.01562
0 0.47240 0.56094 0.00938 0.01562
0 0.47109 0.54883 0.00781 0.01328
0 0.47031 0.53516 0.00729 0.01719
0 0.46693 0.52109 0.00990 0.01406
0 0.37240 0.49102 0.01042 0.01797
0 0.37370 0.50664 0.00781 0.01484
0 0.37292 0.52109 0.00729 0.01719
0 0.37552 0.54023 0.00938 0.01953
0 0.37839 0.55742 0.00990 0.01797
0 0.37917 0.57344 0.00833 0.01562
0 0.38021 0.59023 0.00938 0.01641
0 0.38229 0.60391 0.01042 0.01719
0 0.38307 0.62109 0.00990 0.02031
0 0.38490 0.63477 0.00521 0.01484
0 0.38646 0.64922 0.00729 0.01719
0 0.39401 0.66641 0.01302 0.01719
0 0.39557 0.65195 0.01406 0.02266
0 0.39193 0.63633 0.01406 0.01641
0 0.39088 0.61992 0.01302 0.01641
0 0.38932 0.60273 0.01198 0.01797
0 0.38646 0.58633 0.01146 0.01797
0 0.38516 0.57148 0.01302 0.01484
0 0.38542 0.55664 0.01354 0.01328
0 0.38464 0.54180 0.01302 0.01484
0 0.38047 0.52812 0.01302 0.01562
0 0.38125 0.51484 0.01458 0.01719
0 0.37995 0.49961 0.01406 0.01328
0 0.40807 0.66055 0.01510 0.02266
0 0.40833 0.64180 0.01562 0.01328
0 0.40703 0.62773 0.01823 0.01953
0 0.40469 0.61211 0.01771 0.01953
0 0.40260 0.59805 0.01562 0.01641
0 0.40052 0.58594 0.01562 0.01250
0 0.39792 0.57383 0.01458 0.01328
0 0.39844 0.56094 0.01875 0.01562
0 0.40130 0.54844 0.02240 0.01406
0 0.39870 0.53555 0.01927 0.01328
0 0.39792 0.52305 0.02083 0.01328
0 0.39740 0.50898 0.01979 0.01328
0 0.39479 0.49766 0.01771 0.01250
0 0.47448 0.66289 0.01354 0.01953
0 0.47552 0.64375 0.01042 0.01562
0 0.47318 0.62930 0.01198 0.01328
0 0.47109 0.61406 0.01198 0.01406
0 0.47031 0.59805 0.01042 0.01797
0 0.47005 0.58281 0.00885 0.01250
0 0.46875 0.57187 0.01146 0.01719
0 0.46588 0.55195 0.00990 0.01797
0 0.46354 0.53789 0.01146 0.01484
0 0.46250 0.52539 0.01042 0.01328
0 0.46068 0.50977 0.01198 0.01484
0 0.45964 0.49687 0.01198 0.01719
0 0.46042 0.65859 0.01562 0.01719
0 0.46328 0.64336 0.01510 0.01797
0 0.46068 0.62695 0.01719 0.01953
0 0.45911 0.61250 0.01406 0.01406
0 0.45990 0.59805 0.01562 0.01641
0 0.45885 0.58359 0.01771 0.01406
0 0.45599 0.56875 0.01719 0.01875
0 0.45417 0.55547 0.01875 0.01719
0 0.45287 0.54336 0.01719 0.01641
0 0.45156 0.53125 0.01458 0.01250
0 0.45156 0.51914 0.01771 0.01641
0 0.44870 0.50664 0.01510 0.01484
0 0.44635 0.49570 0.01771 0.01484
0 0.44375 0.66875 0.01875 0.02500
0 0.44583 0.64844 0.02188 0.02031
0 0.44297 0.63359 0.01927 0.01719
0 0.44271 0.61953 0.01875 0.01406
0 0.44427 0.60625 0.01771 0.01562
0 0.44037 0.59258 0.02031 0.01953
0 0.43776 0.58086 0.01823 0.01484
0 0.43672 0.56719 0.01927 0.02031
0 0.43463 0.55430 0.01719 0.01328
0 0.43437 0.54375 0.01771 0.01406
0 0.43333 0.53008 0.01771 0.02109
0 0.43229 0.51445 0.01771 0.02109
0 0.43047 0.49727 0.01510 0.02109
0 0.42552 0.66641 0.01771 0.01562
0 0.42474 0.65156 0.02031 0.01562
0 0.42396 0.63750 0.01979 0.01406
0 0.42396 0.62578 0.01875 0.01562
0 0.42396 0.60977 0.02083 0.01641
0 0.42188 0.59648 0.01771 0.01797
0 0.41849 0.58359 0.02031 0.01875
0 0.41719 0.56914 0.01979 0.01953
0 0.41719 0.55273 0.01875 0.01484
0 0.41693 0.53945 0.01615 0.01328
0 0.41563 0.52500 0.01875 0.01719
0 0.41380 0.51172 0.01823 0.01406
0 0.41276 0.50039 0.01719 0.01328
0 0.41354 0.48828 0.01875 0.01406
0 0.44766 0.48281 0.01719 0.01250
0 0.44714 0.47070 0.01823 0.01328
0 0.44661 0.45898 0.01510 0.01484
0 0.44557 0.44727 0.01615 0.01641
0 0.44323 0.43555 0.01458 0.01328
0 0.44245 0.42266 0.01615 0.02031
0 0.43099 0.47852 0.01719 0.01953
0 0.43177 0.46172 0.01875 0.01719
0 0.42969 0.44766 0.01979 0.01875
0 0.42760 0.43242 0.01979 0.01484
0 0.42682 0.42070 0.01719 0.01484
0 0.42604 0.40820 0.01771 0.01484
0 0.38073 0.48594 0.01250 0.01250
0 0.36797 0.47500 0.00885 0.01562
0 0.36771 0.46211 0.00937 0.01328
0 0.37917 0.47734 0.01562 0.01250
0 0.37943 0.46445 0.01719 0.01328
0 0.39557 0.48438 0.02031 0.01562
0 0.39453 0.47266 0.02031 0.01406
0 0.39479 0.45898 0.01979 0.01484
0 0.39297 0.44727 0.02135 0.01797
0 0.37630 0.45156 0.01510 0.01562
0 0.36563 0.44883 0.00938 0.01484
0 0.39115 0.43633 0.01667 0.01328
0 0.36562 0.43516 0.00833 0.01250
0 0.36406 0.42148 0.01042 0.01328
0 0.36250 0.40625 0.00938 0.01719
0 0.35912 0.38477 0.00573 0.01328
0 0.36354 0.38633 0.00729 0.01641
0 0.35990 0.36250 0.00625 0.01094
0 0.36094 0.37187 0.00833 0.01406
0 0.37578 0.43906 0.01406 0.01250
0 0.37474 0.42695 0.01510 0.01484
0 0.37240 0.41289 0.01667 0.01641
0 0.37292 0.39883 0.01667 0.01328
0 0.37370 0.38672 0.01719 0.01406
0 0.37161 0.37422 0.01510 0.01562
0 0.38984 0.42461 0.02031 0.01797
0 0.38932 0.40938 0.01927 0.01406
0 0.38828 0.39570 0.01927 0.01484
0 0.38750 0.38164 0.01875 0.01484
0 0.38568 0.37031 0.01927 0.01250
0 0.42109 0.38086 0.02031 0.02266
0 0.41875 0.36836 0.01667 0.01172
0 0.41510 0.47383 0.01979 0.01641
0 0.41328 0.45977 0.01823 0.01641
0 0.41198 0.44727 0.01771 0.01328
0 0.41068 0.43672 0.01823 0.01406
0 0.40990 0.42383 0.01979 0.01484
0 0.40781 0.40938 0.01771 0.01562
0 0.40573 0.39492 0.01771 0.01484
0 0.40443 0.38047 0.01719 0.01719
0 0.40260 0.36797 0.01771 0.01406
0 0.36953 0.36211 0.01406 0.01484
0 0.36146 0.34648 0.00833 0.02109
0 0.37161 0.34844 0.01510 0.01719
0 0.38620 0.35703 0.01927 0.01719
0 0.41979 0.35703 0.01875 0.01719
0 0.40338 0.35352 0.01927 0.01953
0 0.37161 0.33281 0.01615 0.01562
0 0.36146 0.32461 0.01458 0.02109
0 0.37240 0.31953 0.01042 0.01406
0 0.41797 0.30859 0.01302 0.01719
0 0.41901 0.34336 0.01510 0.01641
0 0.41667 0.32891 0.01667 0.01719
0 0.40365 0.33594 0.02083 0.01719
0 0.40156 0.32031 0.01875 0.01719
0 0.38672 0.34023 0.01719 0.01641
0 0.38594 0.32344 0.01667 0.02031
0 0.36849 0.29336 0.01198 0.01797
0 0.39974 0.30312 0.01719 0.02344
0 0.38385 0.30859 0.01979 0.01875
0 0.38568 0.29258 0.01615 0.01797
0 0.37839 0.28516 0.01406 0.02187
