0 0.13222 0.60091 0.01848 0.01776
0 0.15300 0.60048 0.01732 0.01516
0 0.17177 0.60048 0.01674 0.01516
0 0.20237 0.59745 0.01905 0.01516
0 0.24076 0.59441 0.02656 0.01343
0 0.22200 0.59593 0.01790 0.01299
0 0.26530 0.59441 0.02483 0.01516
0 0.28349 0.59485 0.01963 0.01516
0 0.30196 0.58922 0.01732 0.02815
0 0.18967 0.59571 0.01905 0.01949
0 0.09555 0.60373 0.01905 0.01646
0 0.07650 0.60567 0.02021 0.01516
0 0.05803 0.60632 0.02252 0.01039
0 0.07390 0.59723 0.01732 0.01559
0 0.05831 0.59073 0.02425 0.02425
0 0.08776 0.58900 0.02194 0.02512
0 0.11172 0.59117 0.01905 0.02079
0 0.12933 0.58315 0.02079 0.02209
0 0.14752 0.58748 0.01443 0.02209
0 0.16224 0.58445 0.01848 0.02295
0 0.17956 0.58250 0.01848 0.02425
0 0.19861 0.57925 0.02771 0.03075
0 0.21709 0.58424 0.01848 0.02772
0 0.23586 0.57969 0.02021 0.02642
0 0.25231 0.58099 0.01732 0.02642
0 0.26790 0.57882 0.01848 0.02122
0 0.28868 0.58142 0.02309 0.02122
0 0.31697 0.59636 0.01963 0.01299
0 0.36518 0.59441 0.02598 0.01429
0 0.33805 0.59506 0.02483 0.01732
0 0.32131 0.58077 0.02367 0.02339
0 0.35681 0.58467 0.02079 0.01646
0 0.33920 0.57860 0.01674 0.01819
0 0.40416 0.59745 0.02309 0.01429
0 0.38828 0.59355 0.02252 0.01602
0 0.40300 0.58034 0.02540 0.02252
0 0.38164 0.58402 0.02194 0.01689
0 0.38684 0.56561 0.02309 0.01992
0 0.36432 0.56929 0.03118 0.02469
0 0.34267 0.55565 0.02483 0.03291
0 0.32564 0.55045 0.02887 0.02858
0 0.30514 0.56150 0.02598 0.02642
0 0.29099 0.55565 0.02194 0.02599
0 0.27396 0.54851 0.02367 0.03335
0 0.25520 0.55132 0.01848 0.03032
0 0.23787 0.54959 0.02079 0.03205
0 0.22055 0.55067 0.02079 0.03508
0 0.20468 0.54829 0.02021 0.03032
0 0.18707 0.55154 0.01617 0.03075
0 0.17061 0.55240 0.01905 0.03248
0 0.15214 0.55457 0.02021 0.03248
0 0.12991 0.54937 0.03233 0.03941
0 0.11432 0.55933 0.02771 0.03854
0 0.09324 0.55349 0.02945 0.03898
0 0.03609 0.60481 0.02021 0.01343
0 0.01530 0.59745 0.03060 0.02815
0 0.03926 0.58727 0.04157 0.02339
0 0.00837 0.57731 0.01674 0.02599
0 0.03147 0.57362 0.03637 0.02209
0 0.07361 0.56193 0.02367 0.03335
0 0.06264 0.55630 0.03406 0.04461
0 0.04215 0.54786 0.03349 0.03638
0 0.01501 0.55305 0.03002 0.03725
0 0.01270 0.52858 0.02540 0.02469
0 0.01039 0.51083 0.02079 0.01862
0 0.00982 0.49220 0.01963 0.02642
0 0.01357 0.47120 0.02714 0.02252
0 0.01559 0.45301 0.03118 0.01819
0 0.06611 0.44630 0.02714 0.01343
0 0.04099 0.44781 0.01963 0.01299
0 0.11201 0.44673 0.01732 0.01343
0 0.09180 0.44890 0.01963 0.01516
0 0.05918 0.45647 0.03176 0.02252
0 0.08545 0.45994 0.02887 0.01559
0 0.10479 0.45539 0.02021 0.01949
0 0.13193 0.44543 0.02136 0.01083
0 0.12384 0.45193 0.01674 0.01689
0 0.03406 0.46340 0.03464 0.02165
0 0.03031 0.48333 0.03984 0.02685
0 0.03031 0.51364 0.02945 0.03465
0 0.05110 0.50953 0.02483 0.03854
0 0.07448 0.51581 0.02309 0.03811
0 0.09642 0.51191 0.02309 0.04158
0 0.11576 0.52230 0.02483 0.03378
0 0.06033 0.48073 0.02714 0.02945
0 0.08025 0.48051 0.02540 0.02988
0 0.10826 0.48138 0.03176 0.03248
0 0.12356 0.47337 0.02887 0.02685
0 0.12615 0.50130 0.03291 0.02988
0 0.14174 0.51689 0.02945 0.03681
0 0.16109 0.51906 0.02540 0.03248
0 0.15185 0.44630 0.01617 0.00996
0 0.16801 0.44456 0.01617 0.01083
0 0.16368 0.45409 0.01674 0.01949
0 0.14550 0.45453 0.02656 0.02036
0 0.14607 0.47683 0.03002 0.02858
0 0.16368 0.48852 0.02714 0.02512
0 0.18129 0.51538 0.02194 0.03725
0 0.20064 0.51321 0.02714 0.03725
0 0.19082 0.44413 0.02021 0.00909
0 0.18216 0.45561 0.01905 0.02425
0 0.17639 0.48116 0.03060 0.03291
0 0.20092 0.47986 0.02194 0.02685
0 0.20987 0.44738 0.01674 0.01299
0 0.20035 0.45583 0.01963 0.02382
0 0.22719 0.44565 0.01905 0.00953
0 0.23528 0.45366 0.01097 0.01776
0 0.24682 0.44565 0.01905 0.01039
0 0.22113 0.46016 0.02309 0.01949
0 0.22229 0.48441 0.02309 0.02988
0 0.24105 0.47813 0.02252 0.02772
0 0.26443 0.44738 0.01617 0.01126
0 0.25202 0.45777 0.01905 0.01819
0 0.27916 0.44781 0.01443 0.00866
0 0.29475 0.44933 0.02136 0.01343
0 0.27338 0.45821 0.02252 0.01992
0 0.29388 0.45626 0.01732 0.01083
0 0.31380 0.45041 0.02136 0.00866
0 0.33487 0.45085 0.02079 0.00606
0 0.35190 0.44954 0.01674 0.00693
0 0.36663 0.45366 0.01848 0.01343
0 0.35537 0.45864 0.02021 0.01819
0 0.33574 0.45994 0.02136 0.01819
0 0.31524 0.46124 0.02079 0.01819
0 0.29965 0.46968 0.03002 0.01949
0 0.26039 0.48224 0.02194 0.02815
0 0.28320 0.48138 0.02367 0.02902
0 0.21969 0.51602 0.02367 0.03508
0 0.24076 0.51234 0.02309 0.03205
0 0.26126 0.51754 0.02367 0.03205
0 0.28118 0.51581 0.02079 0.02858
0 0.30052 0.49805 0.03291 0.02425
0 0.31524 0.48224 0.02425 0.02469
0 0.33603 0.48549 0.02425 0.03291
0 0.41628 0.45258 0.02425 0.00780
0 0.38799 0.45518 0.03233 0.01213
0 0.40387 0.46037 0.02714 0.01646
0 0.37991 0.46817 0.03118 0.01732
0 0.35681 0.48008 0.02540 0.02728
0 0.36807 0.49004 0.02598 0.02902
0 0.39059 0.48701 0.02714 0.02728
0 0.29908 0.52642 0.02425 0.02728
0 0.31669 0.51819 0.02367 0.03248
0 0.33545 0.51581 0.01732 0.02858
0 0.35508 0.51689 0.01963 0.02988
0 0.36432 0.54807 0.03118 0.02295
0 0.38943 0.55045 0.02136 0.02339
0 0.37298 0.52339 0.01848 0.02642
0 0.39030 0.52122 0.02079 0.02815
0 0.40704 0.51343 0.02079 0.02555
0 0.40473 0.48116 0.02425 0.02685
0 0.44659 0.45431 0.01790 0.00953
0 0.43880 0.46319 0.01617 0.01862
0 0.42610 0.46340 0.02309 0.01819
0 0.46276 0.45561 0.01905 0.00953
0 0.45583 0.46600 0.01905 0.02165
0 0.48066 0.45604 0.01905 0.00953
0 0.47575 0.46579 0.02194 0.02036
0 0.50058 0.45496 0.02309 0.00909
0 0.49192 0.46687 0.01732 0.01559
0 0.51819 0.45582 0.01443 0.00563
0 0.50606 0.46579 0.01905 0.02122
0 0.53493 0.45539 0.02136 0.00390
0 0.55139 0.45886 0.01617 0.00909
0 0.53666 0.45972 0.02136 0.00823
0 0.62471 0.45886 0.01270 0.00823
0 0.65502 0.46254 0.01443 0.00693
0 0.56784 0.45799 0.01559 0.00650
0 0.55889 0.46146 0.01732 0.00736
0 0.58747 0.45907 0.01905 0.00520
0 0.60277 0.46081 0.01270 0.00606
0 0.59238 0.46297 0.01963 0.00780
0 0.52540 0.46709 0.02425 0.01949
0 0.54359 0.46990 0.01674 0.01646
0 0.55745 0.46860 0.01674 0.01646
0 0.57535 0.46817 0.02136 0.01819
0 0.42465 0.59398 0.01790 0.01776
0 0.44140 0.59225 0.01674 0.01689
0 0.46738 0.58987 0.00866 0.01299
0 0.45641 0.59311 0.01674 0.01516
0 0.49971 0.58229 0.02367 0.01083
0 0.47517 0.59311 0.01617 0.01429
0 0.49278 0.59117 0.02136 0.01646
0 0.50924 0.59311 0.01732 0.01516
0 0.52483 0.59008 0.01732 0.01083
0 0.54792 0.58943 0.01963 0.01039
0 0.56726 0.59095 0.02136 0.01343
0 0.58661 0.59073 0.01732 0.01213
0 0.42465 0.48463 0.01674 0.02945
0 0.43822 0.48571 0.01732 0.02988
0 0.45410 0.49026 0.02598 0.03118
0 0.47171 0.48809 0.01848 0.02772
0 0.48701 0.48744 0.02252 0.02988
0 0.50202 0.48896 0.02021 0.03205
0 0.52107 0.48961 0.01905 0.02902
0 0.53897 0.48961 0.02021 0.02902
0 0.55572 0.48917 0.01905 0.02902
0 0.57592 0.49156 0.02483 0.03291
0 0.42292 0.57860 0.01905 0.01819
0 0.43995 0.57839 0.01617 0.01776
0 0.45958 0.57752 0.02309 0.01862
0 0.48008 0.57904 0.01674 0.01559
0 0.49394 0.57449 0.01905 0.01862
0 0.51588 0.58337 0.01790 0.01299
0 0.51472 0.57168 0.02714 0.01559
0 0.53868 0.57817 0.02079 0.01819
0 0.55774 0.57817 0.01848 0.01992
0 0.57535 0.57666 0.01905 0.01776
0 0.59209 0.57774 0.02021 0.01906
0 0.54994 0.55370 0.01905 0.02988
0 0.53349 0.55262 0.02194 0.02945
0 0.51559 0.54894 0.02079 0.02815
0 0.49509 0.54677 0.02136 0.02642
0 0.48124 0.55500 0.02021 0.02902
0 0.46565 0.55132 0.02252 0.03118
0 0.44573 0.55349 0.01963 0.02945
0 0.42639 0.55327 0.01905 0.03248
0 0.40791 0.55002 0.02367 0.03811
0 0.41917 0.52035 0.02540 0.03421
0 0.44169 0.51862 0.01848 0.03075
0 0.46103 0.52057 0.02136 0.03118
0 0.47748 0.51862 0.01617 0.03075
0 0.49163 0.51667 0.01674 0.02772
0 0.50837 0.51624 0.01905 0.02772
0 0.52858 0.51819 0.02021 0.02815
0 0.54706 0.51971 0.01905 0.03032
0 0.64001 0.46773 0.02367 0.02252
0 0.61692 0.46102 0.01790 0.00996
0 0.59498 0.47337 0.02021 0.02079
0 0.60970 0.47012 0.01617 0.01862
0 0.62731 0.47142 0.02136 0.01776
0 0.67350 0.46384 0.01674 0.00953
0 0.68822 0.46211 0.01501 0.00520
0 0.70006 0.46232 0.01328 0.00390
0 0.66051 0.47163 0.01963 0.01992
0 0.67956 0.47293 0.01963 0.01992
0 0.69544 0.47207 0.02021 0.01906
0 0.59180 0.49610 0.02079 0.02728
0 0.60739 0.49307 0.01732 0.02902
0 0.62154 0.49134 0.02021 0.02902
0 0.63915 0.49156 0.01963 0.02945
0 0.65647 0.49242 0.01963 0.03032
0 0.67379 0.49394 0.01848 0.02902
0 0.69140 0.49329 0.02021 0.02858
0 0.70843 0.49307 0.01732 0.02815
0 0.71045 0.47163 0.01790 0.01906
0 0.72344 0.49372 0.01963 0.02945
0 0.72748 0.47271 0.02079 0.01949
0 0.74423 0.47271 0.02079 0.02122
0 0.74076 0.49350 0.02079 0.02642
0 0.76126 0.49242 0.02136 0.02772
0 0.76184 0.47207 0.02483 0.01906
0 0.78060 0.47358 0.02079 0.01776
0 0.79734 0.47661 0.01732 0.01949
0 0.81264 0.47661 0.02252 0.01862
0 0.83199 0.47748 0.02194 0.01776
0 0.85017 0.47813 0.01905 0.01646
0 0.60508 0.59138 0.02079 0.01256
0 0.62558 0.59073 0.02252 0.01299
0 0.64117 0.59181 0.02136 0.01429
0 0.66022 0.59052 0.01905 0.01516
0 0.67696 0.59095 0.01674 0.01169
0 0.69457 0.59160 0.02194 0.01213
0 0.71132 0.59181 0.01848 0.01256
0 0.72864 0.59073 0.01732 0.01299
0 0.74654 0.59095 0.01732 0.01343
0 0.76415 0.58878 0.01790 0.01169
0 0.78233 0.58900 0.01848 0.01472
0 0.79965 0.58813 0.01732 0.01299
0 0.81640 0.58727 0.01732 0.01386
0 0.60883 0.57796 0.01443 0.01689
0 0.62471 0.57579 0.02079 0.01862
0 0.64405 0.57601 0.01905 0.01992
0 0.66137 0.57774 0.01790 0.01906
0 0.67841 0.57817 0.01848 0.01992
0 0.69602 0.57731 0.01674 0.01819
0 0.71218 0.57817 0.01905 0.01906
0 0.72979 0.57471 0.01963 0.01992
0 0.74798 0.57492 0.01905 0.01949
0 0.76617 0.57449 0.01963 0.01949
0 0.78406 0.57254 0.01963 0.02165
0 0.80196 0.57146 0.01848 0.02122
0 0.56409 0.52079 0.01963 0.03595
0 0.58372 0.52165 0.02194 0.03248
0 0.60421 0.52425 0.02021 0.02902
0 0.62384 0.52317 0.02021 0.03118
0 0.64203 0.52317 0.02079 0.03465
0 0.66109 0.52295 0.01848 0.03248
0 0.67927 0.52317 0.01790 0.02945
0 0.69573 0.52317 0.01732 0.03032
0 0.71391 0.52295 0.01674 0.03248
0 0.72922 0.52295 0.01732 0.02988
0 0.74798 0.52252 0.01790 0.02988
0 0.56784 0.55349 0.01790 0.03032
0 0.58487 0.55024 0.01848 0.03335
0 0.59815 0.55284 0.02079 0.03248
0 0.61721 0.55370 0.01848 0.02902
0 0.63077 0.55045 0.02252 0.03291
0 0.65098 0.55132 0.02136 0.03118
0 0.66715 0.55370 0.02021 0.02988
0 0.68447 0.55349 0.01790 0.03032
0 0.70439 0.55284 0.01963 0.02988
0 0.72142 0.55392 0.02021 0.03032
0 0.73845 0.55002 0.01963 0.02858
0 0.75779 0.55132 0.02136 0.02599
0 0.77627 0.54980 0.01905 0.02728
0 0.83256 0.58683 0.01848 0.01213
0 0.85219 0.58467 0.02194 0.01646
0 0.89319 0.58077 0.02309 0.01646
0 0.87211 0.58467 0.02021 0.01472
0 0.81899 0.57124 0.01905 0.02512
0 0.83661 0.57319 0.01848 0.02122
0 0.85306 0.57168 0.01905 0.02339
0 0.87096 0.57038 0.01905 0.02079
0 0.89001 0.57016 0.02252 0.02122
0 0.79504 0.54872 0.02079 0.02685
0 0.81380 0.54764 0.02136 0.02815
0 0.83661 0.54980 0.02656 0.02815
0 0.85855 0.54980 0.02194 0.02382
0 0.88020 0.54915 0.01905 0.02512
0 0.86721 0.47965 0.01963 0.01602
0 0.79475 0.49372 0.02136 0.02512
0 0.77916 0.49285 0.02021 0.02512
0 0.76645 0.52057 0.01674 0.02945
0 0.78349 0.51949 0.02309 0.02815
0 0.80254 0.52014 0.01963 0.02772
0 0.82015 0.52144 0.01790 0.02945
0 0.83776 0.52079 0.02309 0.02988
0 0.81293 0.49524 0.01617 0.02209
0 0.82708 0.49437 0.02483 0.02642
0 0.84786 0.49610 0.01905 0.02469
0 0.85393 0.52295 0.01732 0.02988
0 0.87096 0.52317 0.02136 0.02945
0 0.86721 0.49675 0.02194 0.02599
0 0.88741 0.50000 0.02079 0.02469
0 0.89030 0.52360 0.02309 0.02772
0 0.91397 0.52534 0.02887 0.02599
0 0.91022 0.50173 0.02598 0.02469
0 0.91137 0.48657 0.02367 0.01689
0 0.93966 0.49524 0.02136 0.01949
0 0.91166 0.57319 0.01386 0.00823
0 0.89896 0.54764 0.02194 0.02728
0 0.91975 0.54634 0.02309 0.02469
0 0.95150 0.53183 0.02771 0.02425
0 0.94631 0.55630 0.02887 0.02555
