0 0.43071 0.39521 0.01516 0.01674
0 0.42313 0.40733 0.01732 0.01790
0 0.43655 0.39492 0.00953 0.01270
0 0.44456 0.38020 0.01343 0.02367
0 0.45691 0.36692 0.01299 0.01905
0 0.46968 0.35219 0.01516 0.01732
0 0.48571 0.33112 0.01343 0.02136
0 0.50282 0.30658 0.01299 0.01039
0 0.53681 0.29504 0.02642 0.02771
0 0.51884 0.30831 0.02339 0.02887
0 0.50411 0.32246 0.02339 0.02714
0 0.49372 0.33949 0.02425 0.02425
0 0.48376 0.35450 0.02079 0.02656
0 0.47358 0.37356 0.02382 0.03233
0 0.46254 0.38713 0.02512 0.03291
0 0.45214 0.40012 0.02339 0.03002
0 0.44327 0.41224 0.02555 0.02771
0 0.53053 0.32188 0.02599 0.03060
0 0.51971 0.33632 0.02945 0.02829
0 0.50736 0.35855 0.02815 0.03464
0 0.50043 0.37760 0.02988 0.03580
0 0.49047 0.38972 0.02902 0.03002
0 0.48224 0.40473 0.02642 0.02771
0 0.46968 0.42177 0.02902 0.03868
0 0.54309 0.48528 0.01646 0.02483
0 0.56301 0.46651 0.00520 0.01155
0 0.55305 0.46853 0.01646 0.02367
0 0.57449 0.44486 0.00736 0.01559
0 0.56345 0.44833 0.01732 0.02598
0 0.58424 0.42494 0.00953 0.01732
0 0.57233 0.42639 0.01776 0.02367
0 0.59246 0.40647 0.00866 0.01963
0 0.58142 0.40849 0.01689 0.02483
0 0.59463 0.38741 0.01213 0.02079
0 0.58532 0.37731 0.02382 0.03753
0 0.57233 0.39694 0.02295 0.03291
0 0.56215 0.41513 0.02165 0.03233
0 0.55305 0.43533 0.02165 0.03118
0 0.54223 0.45208 0.02599 0.03233
0 0.53248 0.46911 0.02122 0.02945
0 0.52079 0.44053 0.02469 0.03002
0 0.53270 0.42379 0.02339 0.02887
0 0.54244 0.40733 0.02295 0.03060
0 0.55024 0.38481 0.02382 0.03753
0 0.56258 0.36692 0.02512 0.03291
0 0.56951 0.34700 0.02685 0.03002
0 0.54721 0.30687 0.02036 0.02367
0 0.55457 0.32766 0.02469 0.03406
0 0.54201 0.35133 0.02642 0.03406
0 0.53162 0.36980 0.02988 0.03868
0 0.52165 0.39290 0.02469 0.03406
0 0.50758 0.41657 0.02599 0.03406
0 0.43136 0.42898 0.02858 0.04042
0 0.45821 0.43707 0.03118 0.03233
0 0.51256 0.45930 0.02815 0.03060
0 0.49524 0.43389 0.02815 0.03522
0 0.48636 0.45266 0.02685 0.03002
0 0.51343 0.53493 0.01689 0.02367
0 0.52642 0.51530 0.01689 0.01674
0 0.53270 0.50289 0.01299 0.01732
0 0.52728 0.48787 0.01689 0.02194
0 0.50585 0.47806 0.02685 0.03118
0 0.51602 0.50318 0.02036 0.02945
0 0.50780 0.52310 0.02209 0.02540
0 0.49610 0.49336 0.02728 0.03406
0 0.47618 0.47113 0.02728 0.04042
0 0.44998 0.45612 0.02685 0.03580
0 0.39822 0.43995 0.01862 0.02309
0 0.41100 0.42494 0.01732 0.02309
0 0.41750 0.44659 0.02079 0.03291
0 0.40819 0.46247 0.02295 0.03118
0 0.38956 0.45670 0.01602 0.02079
0 0.37895 0.46911 0.01646 0.02483
0 0.46709 0.48961 0.02902 0.03926
0 0.45691 0.50202 0.02772 0.03753
0 0.43872 0.46680 0.02772 0.03522
0 0.42746 0.48326 0.02599 0.03349
0 0.41641 0.49913 0.03162 0.03522
0 0.39866 0.47604 0.02382 0.03060
0 0.36964 0.48528 0.01949 0.02252
0 0.35881 0.49711 0.02036 0.02425
0 0.38956 0.49538 0.02469 0.03349
0 0.37895 0.50808 0.02252 0.03118
0 0.50173 0.55456 0.01776 0.02136
0 0.49134 0.56813 0.01429 0.01848
0 0.48224 0.58285 0.01429 0.02136
0 0.47250 0.59931 0.01559 0.01848
0 0.46275 0.61316 0.01689 0.01963
0 0.45323 0.62644 0.01343 0.01732
0 0.43374 0.65647 0.00909 0.01501
0 0.42659 0.67004 0.01039 0.01674
0 0.40515 0.69688 0.01169 0.01848
0 0.41490 0.68389 0.01299 0.01790
0 0.44586 0.63857 0.01169 0.01848
0 0.35881 0.75087 0.02036 0.01443
0 0.35946 0.74076 0.01732 0.02079
0 0.36834 0.73412 0.01862 0.02136
0 0.37765 0.72229 0.01906 0.02194
0 0.38848 0.70814 0.01819 0.02021
0 0.39736 0.69284 0.01949 0.01963
0 0.40732 0.67812 0.01602 0.01790
0 0.41685 0.66455 0.02036 0.02425
0 0.42724 0.64896 0.01862 0.02540
0 0.43677 0.63395 0.02036 0.02194
0 0.44760 0.61894 0.01689 0.02079
0 0.45777 0.60306 0.01646 0.02252
0 0.46752 0.58487 0.01689 0.02309
0 0.47705 0.57102 0.01516 0.02309
0 0.48722 0.55543 0.01646 0.02194
0 0.49654 0.53926 0.01862 0.02079
0 0.48787 0.51617 0.02122 0.02887
0 0.47575 0.52973 0.02122 0.03406
0 0.46795 0.54532 0.02555 0.02829
0 0.45712 0.56264 0.02209 0.02714
0 0.44738 0.57910 0.02079 0.02887
0 0.43590 0.59440 0.02209 0.02829
0 0.42638 0.61028 0.02382 0.02771
0 0.41750 0.62558 0.02165 0.02829
0 0.40775 0.64059 0.02295 0.02945
0 0.39736 0.65589 0.02382 0.03233
0 0.38805 0.67119 0.02599 0.02945
0 0.37700 0.68591 0.02642 0.03349
0 0.36531 0.69861 0.02815 0.03349
0 0.35600 0.71420 0.02599 0.02887
0 0.34452 0.72806 0.02815 0.03349
0 0.33564 0.68995 0.02339 0.03002
0 0.34560 0.67321 0.02252 0.02887
0 0.35622 0.65964 0.02209 0.03176
0 0.36596 0.64550 0.02512 0.03695
0 0.37679 0.62789 0.02599 0.03291
0 0.38588 0.61316 0.02599 0.03002
0 0.39757 0.59729 0.02599 0.03291
0 0.40667 0.58054 0.02685 0.03176
0 0.41641 0.56669 0.02815 0.03637
0 0.42486 0.54792 0.02339 0.03118
0 0.43395 0.53320 0.02512 0.03060
0 0.44673 0.51992 0.02469 0.02945
0 0.40819 0.51588 0.02642 0.03176
0 0.39779 0.52973 0.02642 0.03176
0 0.38870 0.54677 0.02642 0.03233
0 0.37895 0.56380 0.02858 0.03637
0 0.36921 0.58054 0.03075 0.03637
0 0.35860 0.59642 0.02685 0.03349
0 0.34864 0.60970 0.03118 0.03695
0 0.33867 0.62356 0.02772 0.03349
0 0.32850 0.63828 0.02988 0.03637
0 0.31724 0.65502 0.02815 0.03522
0 0.34820 0.51039 0.01906 0.02079
0 0.36813 0.51905 0.02339 0.03002
0 0.35860 0.53464 0.02512 0.03233
0 0.33781 0.52598 0.01992 0.02309
0 0.32720 0.53609 0.02469 0.02945
0 0.34734 0.55369 0.02079 0.03580
0 0.33694 0.56842 0.02772 0.03984
0 0.32547 0.57766 0.02642 0.03406
0 0.31507 0.59498 0.02642 0.04099
0 0.30489 0.60768 0.02512 0.03291
0 0.29645 0.62587 0.02728 0.04042
0 0.28670 0.64405 0.02599 0.03868
0 0.30728 0.67350 0.02382 0.03406
0 0.27869 0.66022 0.02902 0.04330
0 0.26808 0.67177 0.02945 0.03637
0 0.33651 0.74452 0.02599 0.02829
0 0.32395 0.75751 0.01646 0.01963
0 0.32438 0.70641 0.02772 0.03291
0 0.31204 0.71882 0.02382 0.03118
0 0.30446 0.73701 0.02858 0.03637
0 0.29277 0.75346 0.03291 0.03811
0 0.28151 0.76963 0.02772 0.03118
0 0.26808 0.78118 0.01992 0.02425
0 0.29645 0.68707 0.02728 0.03464
0 0.28454 0.70381 0.02685 0.03349
0 0.27393 0.71796 0.02815 0.03522
0 0.26288 0.73585 0.02772 0.03522
0 0.25206 0.75144 0.02599 0.03406
0 0.24101 0.77252 0.02988 0.04157
0 0.22932 0.78637 0.03162 0.03695
0 0.21871 0.79792 0.02599 0.03002
0 0.20420 0.81120 0.02209 0.02540
0 0.25509 0.68822 0.02425 0.03464
0 0.24534 0.70381 0.02555 0.03233
0 0.23300 0.72027 0.02512 0.03753
0 0.22412 0.73643 0.02728 0.03868
0 0.21070 0.75577 0.02728 0.03811
0 0.20009 0.77050 0.02945 0.04099
0 0.18796 0.78695 0.02685 0.03464
0 0.31204 0.76819 0.01169 0.01443
0 0.25357 0.79388 0.01776 0.01617
0 0.18904 0.82506 0.01949 0.01617
0 0.13491 0.85710 0.01862 0.01443
0 0.17497 0.80341 0.02772 0.04330
0 0.16219 0.82766 0.02815 0.03753
0 0.14833 0.84180 0.01949 0.02540
0 0.29147 0.56553 0.01299 0.01328
0 0.27046 0.60248 0.01343 0.01443
0 0.25964 0.61287 0.01516 0.02252
0 0.24773 0.62789 0.01386 0.01674
0 0.23712 0.64203 0.01949 0.02079
0 0.22542 0.65762 0.01602 0.02540
0 0.21546 0.67321 0.01776 0.02887
0 0.20485 0.68764 0.01732 0.02425
0 0.19078 0.70525 0.01776 0.02252
0 0.17670 0.71651 0.01906 0.02771
0 0.16717 0.73874 0.01819 0.03060
0 0.15526 0.75260 0.01949 0.02945
0 0.32438 0.54186 0.01646 0.02136
0 0.31680 0.55139 0.01862 0.02194
0 0.30576 0.56726 0.01646 0.02483
0 0.29450 0.58401 0.01992 0.03060
0 0.28497 0.59584 0.01646 0.02425
0 0.27631 0.61345 0.01819 0.02136
0 0.26613 0.62558 0.02036 0.02714
0 0.25552 0.64001 0.01906 0.02714
0 0.24383 0.65675 0.02165 0.02714
0 0.23452 0.67292 0.02036 0.02714
0 0.22434 0.68909 0.02079 0.02714
0 0.21200 0.70554 0.02122 0.03002
0 0.19944 0.72229 0.02555 0.03580
0 0.18731 0.73701 0.02209 0.03291
0 0.17562 0.75635 0.02122 0.03233
0 0.16371 0.77194 0.02339 0.03233
0 0.15201 0.79013 0.02339 0.03176
0 0.14119 0.76530 0.02079 0.02945
0 0.12971 0.78609 0.02295 0.03868
0 0.13967 0.80976 0.02382 0.03291
0 0.11542 0.80341 0.02209 0.02945
0 0.12495 0.83256 0.02469 0.03811
0 0.08640 0.86865 0.01862 0.03176
0 0.09961 0.86807 0.01819 0.02367
0 0.11304 0.84960 0.02772 0.03868
0 0.10394 0.81640 0.02165 0.03695
0 0.09052 0.83661 0.02252 0.04734
