0 0.59527 0.57731 0.06005 0.04071
0 0.59960 0.55284 0.06524 0.04894
0 0.56236 0.50520 0.08545 0.07666
0 0.61894 0.50368 0.06813 0.05630
0 0.63626 0.54612 0.02425 0.01906
0 0.63048 0.54244 0.00115 0.00303
0 0.64550 0.51862 0.03002 0.05067
0 0.66599 0.46860 0.02829 0.05630
0 0.65733 0.45777 0.03060 0.05977
0 0.60248 0.45193 0.10681 0.04894
0 0.65907 0.40450 0.03868 0.07016
0 0.64117 0.40061 0.05370 0.06410
0 0.61432 0.34777 0.06467 0.04764
0 0.54504 0.58294 0.07621 0.04764
0 0.51992 0.53941 0.09642 0.07492
0 0.51155 0.61022 0.08776 0.02079
0 0.50577 0.60697 0.06467 0.01949
0 0.47806 0.57687 0.06467 0.05803
0 0.43707 0.61607 0.07044 0.01256
0 0.42696 0.60827 0.07102 0.02295
0 0.42870 0.59745 0.08256 0.03768
0 0.43216 0.54959 0.08834 0.07362
0 0.36057 0.58445 0.06409 0.04028
0 0.36028 0.56475 0.06813 0.04677
0 0.37154 0.53443 0.09065 0.07016
0 0.30918 0.55024 0.03753 0.04547
0 0.26934 0.49394 0.02367 0.05500
0 0.27829 0.49719 0.02656 0.05977
0 0.30601 0.50390 0.05543 0.06799
0 0.35393 0.49783 0.10970 0.06193
0 0.26097 0.46297 0.01501 0.01472
0 0.26328 0.43958 0.02079 0.06150
0 0.27829 0.43114 0.04273 0.07666
0 0.29908 0.43460 0.06928 0.08532
0 0.34700 0.43958 0.11778 0.06236
0 0.37384 0.40602 0.09065 0.06280
0 0.27512 0.39086 0.00751 0.02036
0 0.29994 0.37202 0.04446 0.04937
0 0.32044 0.36899 0.06236 0.04937
0 0.36230 0.37116 0.09527 0.04677
0 0.34151 0.33521 0.04908 0.02599
0 0.37962 0.33694 0.07217 0.03378
0 0.40242 0.31074 0.06120 0.02469
0 0.45150 0.36055 0.10277 0.07233
0 0.47055 0.30121 0.08776 0.02382
0 0.46161 0.32070 0.09296 0.04288
0 0.53695 0.33434 0.07621 0.06063
0 0.56582 0.35123 0.11085 0.04937
0 0.59007 0.40191 0.10508 0.07362
