0 0.19271 0.23021 0.02708 0.03958
0 0.21849 0.23368 0.02552 0.03681
0 0.24219 0.22951 0.02292 0.01597
0 0.24740 0.24514 0.03437 0.03472
0 0.17630 0.23264 0.02760 0.04306
0 0.15547 0.22847 0.00677 0.00694
0 0.14740 0.23611 0.01667 0.01806
0 0.17057 0.24549 0.03490 0.05069
0 0.13698 0.25278 0.02396 0.03472
0 0.12448 0.28507 0.02917 0.04097
0 0.15625 0.27569 0.04063 0.06111
0 0.08151 0.39896 0.01927 0.01597
0 0.11198 0.31910 0.03437 0.05208
0 0.14323 0.31424 0.03646 0.04653
0 0.27604 0.26389 0.01979 0.03889
0 0.28880 0.29549 0.02344 0.03958
0 0.29583 0.32465 0.02708 0.04653
0 0.25339 0.26007 0.04115 0.04931
0 0.26198 0.29410 0.03333 0.05625
0 0.26667 0.31806 0.03333 0.03333
0 0.23151 0.30868 0.04010 0.05903
0 0.18958 0.29965 0.04583 0.06181
0 0.17838 0.33021 0.04948 0.06042
0 0.29870 0.35174 0.03698 0.03403
0 0.26198 0.34514 0.04271 0.05694
0 0.22240 0.33542 0.04583 0.05417
0 0.13828 0.34757 0.02656 0.02708
0 0.10703 0.35382 0.04635 0.04236
0 0.09792 0.38437 0.04167 0.04236
0 0.13490 0.38403 0.03542 0.06389
0 0.17318 0.35694 0.05469 0.05278
0 0.17578 0.39826 0.05156 0.06181
0 0.29948 0.38021 0.03438 0.03958
0 0.30339 0.41285 0.03177 0.04097
0 0.26276 0.38056 0.04740 0.05556
0 0.26562 0.41389 0.05208 0.04722
0 0.21953 0.37396 0.04740 0.05764
0 0.22083 0.40625 0.05104 0.05278
0 0.07161 0.44653 0.01510 0.03889
0 0.08568 0.42257 0.03281 0.03681
0 0.16927 0.42049 0.04271 0.04792
0 0.12240 0.40972 0.06042 0.05139
0 0.07109 0.48090 0.01510 0.03264
0 0.07135 0.57569 0.01146 0.02778
0 0.06823 0.54653 0.01562 0.04306
0 0.06745 0.51111 0.01302 0.03194
0 0.07734 0.53785 0.02135 0.05208
0 0.08073 0.49410 0.02188 0.04653
0 0.08802 0.45833 0.02604 0.04722
0 0.12135 0.44444 0.04375 0.05000
0 0.11328 0.47674 0.04531 0.04792
0 0.10599 0.50903 0.04219 0.04583
0 0.16510 0.45000 0.05312 0.05833
0 0.15911 0.48403 0.05156 0.04861
0 0.15000 0.51319 0.05521 0.04583
0 0.30443 0.44271 0.03698 0.03819
0 0.29948 0.47500 0.03958 0.03889
0 0.29245 0.51493 0.04323 0.04097
0 0.28906 0.54444 0.04375 0.04028
0 0.26328 0.44757 0.04740 0.05486
0 0.25521 0.48229 0.05000 0.05486
0 0.24922 0.51354 0.04948 0.04514
0 0.21458 0.44410 0.05521 0.05208
0 0.20885 0.48056 0.05208 0.06389
0 0.20156 0.51458 0.05312 0.06111
0 0.24245 0.54757 0.05677 0.06319
0 0.10104 0.54549 0.04479 0.04236
0 0.07578 0.65521 0.01719 0.02986
0 0.08073 0.64861 0.02292 0.03194
0 0.07630 0.61458 0.02552 0.05139
0 0.09870 0.64792 0.03177 0.03333
0 0.09844 0.61389 0.04271 0.05000
0 0.10547 0.58438 0.04115 0.04653
0 0.12422 0.60417 0.02760 0.03889
0 0.14583 0.54479 0.05104 0.03819
0 0.14922 0.58507 0.05469 0.04931
0 0.19141 0.55104 0.04740 0.05764
0 0.20911 0.57951 0.05052 0.06042
0 0.30573 0.70868 0.01354 0.02153
0 0.31589 0.58993 0.00573 0.00903
0 0.29505 0.58090 0.04427 0.04097
0 0.25495 0.58715 0.04323 0.05625
0 0.28125 0.62014 0.05208 0.05139
0 0.18802 0.61007 0.05208 0.05347
0 0.24167 0.61944 0.04167 0.05972
0 0.22318 0.63854 0.04323 0.04792
0 0.15000 0.62257 0.03542 0.03542
0 0.13464 0.64236 0.04844 0.04306
0 0.08047 0.68750 0.02656 0.03750
0 0.10104 0.67951 0.03750 0.03819
0 0.10859 0.76667 0.00990 0.01806
0 0.10234 0.74028 0.04219 0.03750
0 0.10234 0.71181 0.02865 0.04167
0 0.18229 0.64792 0.05000 0.04306
0 0.14037 0.67813 0.05573 0.04375
0 0.31146 0.64653 0.02292 0.04028
0 0.31198 0.68021 0.01458 0.03542
0 0.29688 0.69757 0.02604 0.05208
0 0.27682 0.66111 0.06302 0.04722
0 0.26510 0.78403 0.04583 0.04306
0 0.28724 0.74618 0.03802 0.04514
0 0.24010 0.77708 0.03958 0.04167
0 0.25521 0.74340 0.03854 0.05208
0 0.26719 0.70347 0.04896 0.05833
0 0.23073 0.67326 0.05104 0.04653
0 0.22266 0.71042 0.04844 0.04444
0 0.18073 0.68993 0.05521 0.04792
0 0.13177 0.75208 0.02708 0.02778
0 0.13333 0.72049 0.04688 0.04514
0 0.12682 0.77708 0.04219 0.04722
0 0.19740 0.78750 0.04479 0.04583
0 0.16042 0.78403 0.03333 0.03333
0 0.16745 0.75903 0.05052 0.05139
0 0.21224 0.74965 0.04948 0.05625
0 0.17083 0.72396 0.04896 0.04375
0 0.68281 0.09549 0.03542 0.06597
0 0.64714 0.13715 0.02656 0.05347
0 0.67448 0.10660 0.03125 0.03819
0 0.71667 0.11250 0.04479 0.07639
0 0.76094 0.13576 0.01562 0.05486
0 0.73620 0.13507 0.04427 0.06458
0 0.68255 0.13993 0.05781 0.04931
0 0.62318 0.20139 0.04427 0.06389
0 0.66797 0.17326 0.06719 0.06042
0 0.78646 0.17674 0.04688 0.05208
0 0.80495 0.22014 0.02969 0.04861
0 0.76927 0.19028 0.04479 0.05417
0 0.72526 0.17847 0.05885 0.06528
0 0.82031 0.26597 0.04896 0.05000
0 0.77526 0.23299 0.04740 0.04653
0 0.82734 0.30069 0.04844 0.04583
0 0.78281 0.27708 0.05104 0.04861
0 0.59375 0.27917 0.01042 0.04444
0 0.61406 0.24792 0.03854 0.06111
0 0.66771 0.21979 0.07188 0.06181
0 0.66354 0.25972 0.06771 0.05417
0 0.72786 0.22361 0.06198 0.05833
0 0.72578 0.26215 0.06510 0.05764
0 0.60000 0.71319 0.03542 0.02639
0 0.60547 0.74271 0.06823 0.04097
0 0.59948 0.68368 0.06250 0.04792
0 0.59141 0.64792 0.04635 0.04167
0 0.56172 0.60451 0.02344 0.03264
0 0.55365 0.56597 0.03438 0.04444
0 0.55912 0.53993 0.04427 0.02986
0 0.57213 0.52049 0.05573 0.02153
0 0.57005 0.49375 0.02969 0.04306
0 0.56797 0.43194 0.01927 0.01389
0 0.56771 0.45590 0.02708 0.03542
0 0.61224 0.29271 0.03802 0.05486
0 0.61068 0.33194 0.04844 0.05000
0 0.61016 0.37535 0.05365 0.04375
0 0.60391 0.41632 0.05469 0.05069
0 0.60182 0.45139 0.05469 0.04722
0 0.59948 0.49062 0.05729 0.04097
0 0.60547 0.60000 0.08073 0.05000
0 0.59844 0.53264 0.05833 0.04306
0 0.66380 0.29826 0.07344 0.06597
0 0.66380 0.34375 0.06927 0.05139
0 0.66458 0.38750 0.06875 0.05139
0 0.72969 0.29201 0.07083 0.07708
0 0.72943 0.33125 0.07031 0.07778
0 0.73073 0.37604 0.07604 0.08403
0 0.83542 0.33819 0.05312 0.05417
0 0.83854 0.37014 0.05104 0.04444
0 0.78984 0.32188 0.05365 0.05208
0 0.79010 0.36424 0.05833 0.05069
0 0.84375 0.40451 0.05833 0.04514
0 0.84557 0.43437 0.05990 0.04653
0 0.78880 0.41667 0.05885 0.05972
0 0.78906 0.44653 0.05833 0.07222
0 0.73125 0.40208 0.05833 0.04167
0 0.72682 0.43021 0.07240 0.06181
0 0.66406 0.42292 0.07500 0.05694
0 0.65911 0.46528 0.07552 0.06111
0 0.65781 0.51250 0.07292 0.05000
0 0.84583 0.46771 0.07292 0.04375
0 0.85234 0.50208 0.06719 0.03611
0 0.79479 0.49097 0.07187 0.06667
0 0.72656 0.47361 0.07708 0.06250
0 0.72760 0.51771 0.07396 0.04931
0 0.85781 0.53611 0.06875 0.04028
0 0.86172 0.57083 0.06302 0.03750
0 0.65495 0.54792 0.07448 0.04028
0 0.65286 0.58611 0.07448 0.04028
0 0.65078 0.67188 0.08698 0.05764
0 0.65078 0.62743 0.07656 0.04792
0 0.71068 0.60069 0.07240 0.05556
0 0.72005 0.56319 0.07344 0.05556
0 0.79323 0.54028 0.08021 0.06250
0 0.79062 0.58576 0.08958 0.06319
0 0.84844 0.60035 0.05000 0.02847
0 0.88177 0.63229 0.04792 0.04792
0 0.86120 0.61840 0.07865 0.07431
0 0.88984 0.67639 0.04635 0.05694
0 0.87109 0.67535 0.07135 0.05347
0 0.89766 0.72292 0.04531 0.04306
0 0.90182 0.76215 0.03802 0.04514
0 0.88984 0.81111 0.06302 0.05972
0 0.86693 0.77049 0.07031 0.06181
0 0.86406 0.71979 0.07500 0.05347
0 0.61458 0.81771 0.05521 0.04097
0 0.59948 0.78403 0.04063 0.03611
0 0.65182 0.71528 0.08698 0.05278
0 0.64896 0.77500 0.08437 0.06528
0 0.66927 0.74271 0.06250 0.07986
0 0.65938 0.83472 0.07187 0.07222
0 0.68828 0.85382 0.08073 0.07569
0 0.83412 0.84618 0.07865 0.10069
0 0.80729 0.81319 0.08438 0.06944
0 0.73620 0.83993 0.06510 0.07014
0 0.72292 0.63264 0.07188 0.05972
0 0.72786 0.67083 0.07240 0.05278
0 0.72917 0.79618 0.08021 0.06597
0 0.72969 0.75347 0.06979 0.05139
0 0.72604 0.70903 0.06771 0.04583
0 0.79713 0.62813 0.08385 0.06042
0 0.80313 0.67431 0.08333 0.05278
0 0.80052 0.77326 0.08229 0.07708
0 0.79896 0.71667 0.08125 0.05000
0 0.60885 0.56701 0.08125 0.03264
0 0.51615 0.80903 0.05000 0.04306
0 0.54349 0.77326 0.03698 0.04653
0 0.55417 0.73681 0.04271 0.03750
0 0.48281 0.80590 0.04792 0.02986
0 0.49818 0.77882 0.05885 0.05486
0 0.50260 0.73785 0.07083 0.05069
0 0.44453 0.77569 0.05573 0.06667
0 0.39167 0.78125 0.05208 0.07222
0 0.43724 0.73854 0.06406 0.04792
0 0.37031 0.73299 0.06042 0.07014
0 0.34036 0.71111 0.03802 0.05139
0 0.33333 0.61979 0.05521 0.05486
0 0.33438 0.66007 0.03542 0.06181
0 0.36875 0.67535 0.06979 0.06042
0 0.37734 0.62986 0.06510 0.04722
0 0.39896 0.66111 0.05417 0.05833
0 0.54088 0.44722 0.03906 0.04722
0 0.55417 0.49896 0.02396 0.05208
0 0.52917 0.48403 0.05000 0.05000
0 0.50755 0.51285 0.07344 0.05625
0 0.50651 0.69896 0.07135 0.04792
0 0.56120 0.69514 0.04427 0.05694
0 0.44245 0.70000 0.06510 0.05278
0 0.45026 0.66354 0.06094 0.04931
0 0.51380 0.66701 0.07344 0.04931
0 0.55026 0.63993 0.01406 0.03264
0 0.55339 0.59965 0.01510 0.03264
0 0.50469 0.55139 0.06562 0.05972
0 0.51849 0.57083 0.06615 0.04722
0 0.51849 0.63750 0.06823 0.03333
0 0.51615 0.60278 0.07500 0.04028
0 0.45443 0.62951 0.06198 0.03819
0 0.33385 0.44653 0.02813 0.03333
0 0.33151 0.56632 0.04115 0.03958
0 0.32005 0.52431 0.03177 0.04167
0 0.33281 0.48368 0.03646 0.04653
0 0.36276 0.50868 0.05781 0.03125
0 0.36849 0.54062 0.06823 0.04653
0 0.38281 0.56562 0.06875 0.04653
0 0.39297 0.60347 0.06719 0.05417
0 0.37083 0.48090 0.06458 0.05208
0 0.42266 0.51493 0.06510 0.04653
0 0.43463 0.54236 0.06510 0.05972
0 0.44635 0.56667 0.05729 0.05278
0 0.45521 0.59236 0.06354 0.04306
0 0.51276 0.42674 0.05990 0.04097
0 0.49635 0.45660 0.05729 0.04653
0 0.47708 0.49514 0.05833 0.05972
0 0.42109 0.47431 0.05677 0.04028
0 0.34427 0.40451 0.02083 0.03819
0 0.36458 0.38160 0.04896 0.05347
0 0.37813 0.44826 0.06875 0.05208
0 0.38281 0.42153 0.06458 0.05556
0 0.44193 0.45868 0.05781 0.05347
0 0.45547 0.42743 0.05781 0.05903
0 0.41172 0.41319 0.05052 0.05833
0 0.36510 0.34444 0.03646 0.05694
0 0.39714 0.37847 0.06719 0.04444
0 0.56250 0.40833 0.04167 0.05139
0 0.55833 0.33646 0.03021 0.02153
0 0.55963 0.35868 0.03906 0.05069
0 0.55365 0.39410 0.03750 0.04792
0 0.51172 0.39167 0.05573 0.03750
0 0.51693 0.32674 0.05469 0.04931
0 0.51250 0.35799 0.05729 0.04375
0 0.55547 0.30972 0.02760 0.03472
0 0.51562 0.29236 0.05625 0.05139
0 0.45964 0.39375 0.06198 0.05417
0 0.46172 0.35903 0.05885 0.04444
0 0.37240 0.30729 0.03542 0.03264
0 0.37734 0.28403 0.03073 0.02917
0 0.41510 0.31250 0.05417 0.04167
0 0.40859 0.34514 0.06198 0.05417
0 0.38255 0.25035 0.02448 0.05625
0 0.40260 0.20382 0.02813 0.05069
0 0.43307 0.19028 0.04531 0.06389
0 0.41276 0.22986 0.04427 0.05417
0 0.41562 0.27292 0.05208 0.06389
0 0.46354 0.32049 0.05938 0.05208
0 0.55000 0.27604 0.02604 0.03819
0 0.53490 0.20312 0.01875 0.04097
0 0.54662 0.24410 0.01198 0.03819
0 0.51771 0.24722 0.05729 0.06944
0 0.47005 0.27674 0.05990 0.05903
0 0.50807 0.18819 0.04010 0.07083
0 0.48151 0.21910 0.04635 0.06458
0 0.44922 0.24236 0.04635 0.07500
