0 0.01406 0.29010 0.02812 0.06979
0 0.03242 0.34010 0.04453 0.05521
0 0.01250 0.33906 0.02500 0.03646
0 0.06719 0.37813 0.06250 0.06875
0 0.10391 0.42760 0.06406 0.06146
0 0.13672 0.47292 0.05625 0.06667
0 0.02109 0.36719 0.04219 0.03021
0 0.03711 0.40781 0.07422 0.06562
0 0.05625 0.45729 0.11250 0.06458
0 0.05625 0.51094 0.11250 0.09271
0 0.07734 0.55104 0.14688 0.11250
0 0.10312 0.58958 0.15313 0.10625
0 0.14453 0.63594 0.16250 0.11979
0 0.16367 0.68021 0.16953 0.10208
0 0.17930 0.72188 0.16016 0.10000
0 0.20586 0.59167 0.05234 0.05833
0 0.15117 0.50625 0.03984 0.04583
0 0.17227 0.54688 0.04609 0.05833
0 0.26875 0.62448 0.04063 0.08229
0 0.24961 0.64844 0.06016 0.07188
0 0.00664 0.59271 0.01328 0.02708
0 0.02852 0.63542 0.05703 0.06250
0 0.03477 0.69063 0.06953 0.06458
0 0.04375 0.75000 0.08750 0.08333
0 0.05195 0.82344 0.10391 0.13438
0 0.07773 0.88542 0.15547 0.18333
0 0.10469 0.92344 0.18438 0.15312
0 0.00625 0.99167 0.01250 0.01667
0 0.16016 0.99010 0.09844 0.01979
0 0.12617 0.95729 0.15703 0.08542
0 0.27422 0.69948 0.05781 0.05938
0 0.29688 0.74323 0.07187 0.04896
0 0.31836 0.79115 0.08984 0.07188
0 0.20039 0.77604 0.14766 0.11042
0 0.24102 0.82344 0.15078 0.10104
0 0.35547 0.84115 0.08125 0.05729
0 0.38945 0.90052 0.09297 0.08021
0 0.27852 0.87240 0.16172 0.10938
0 0.29531 0.93802 0.17969 0.11563
0 0.31797 0.96927 0.17344 0.06146
0 0.42305 0.95052 0.08359 0.06979
0 0.44141 0.98594 0.07656 0.02812
0 0.34766 0.99323 0.08437 0.01354
0 0.31016 0.69427 0.04531 0.08854
0 0.34180 0.72604 0.03672 0.09167
0 0.36484 0.76927 0.04219 0.08854
0 0.39297 0.79948 0.04219 0.09062
0 0.42266 0.83802 0.05469 0.11771
0 0.44883 0.86667 0.04766 0.13958
0 0.47422 0.88958 0.04531 0.13958
0 0.50352 0.91927 0.05547 0.12187
0 0.53789 0.95365 0.06172 0.09271
0 0.57969 0.98333 0.06250 0.03333
0 0.98438 0.01354 0.03125 0.02708
0 0.99375 0.07448 0.01250 0.06354
0 0.97969 0.05052 0.03906 0.08229
0 0.91172 0.00625 0.01719 0.01250
0 0.94219 0.02396 0.06094 0.04792
0 0.78477 0.02500 0.04766 0.05000
0 0.83125 0.04323 0.07812 0.08646
0 0.86836 0.07135 0.09453 0.14271
0 0.91445 0.10365 0.09453 0.15313
0 0.94258 0.13594 0.09141 0.14479
0 0.95859 0.17344 0.08281 0.14062
0 0.97969 0.21771 0.04062 0.12083
0 0.98750 0.27917 0.02500 0.08542
0 0.71250 0.00781 0.08594 0.01562
0 0.73438 0.02656 0.08594 0.05313
0 0.78125 0.07187 0.07969 0.06667
0 0.81641 0.11771 0.06719 0.05208
0 0.84648 0.15573 0.06328 0.04479
0 0.88828 0.20260 0.07500 0.06146
0 0.92734 0.25885 0.06719 0.06563
0 0.96602 0.31146 0.06797 0.05833
0 0.98789 0.35625 0.02422 0.04583
0 0.00820 0.19896 0.01641 0.10208
0 0.01250 0.04167 0.02500 0.08125
0 0.29883 0.01667 0.04766 0.03333
0 0.34219 0.03281 0.05156 0.06562
0 0.38984 0.04635 0.07969 0.09271
0 0.43945 0.06719 0.12109 0.13438
0 0.47344 0.07292 0.12500 0.13750
0 0.53555 0.01979 0.05703 0.03958
0 0.60977 0.03490 0.12109 0.06979
0 0.03984 0.27083 0.05469 0.09792
0 0.07227 0.30885 0.03203 0.06979
0 0.09141 0.32552 0.03281 0.09062
0 0.10977 0.35260 0.03047 0.11771
0 0.14375 0.36875 0.06406 0.12083
0 0.16133 0.41094 0.03516 0.11562
0 0.18203 0.42240 0.05000 0.13854
0 0.21133 0.45625 0.06172 0.12708
0 0.22656 0.50208 0.04688 0.15208
0 0.26133 0.51198 0.06328 0.14479
0 0.03086 0.10104 0.06172 0.10625
0 0.03398 0.16510 0.05859 0.14062
0 0.04805 0.04375 0.03984 0.08750
0 0.08125 0.05521 0.04375 0.11042
0 0.11328 0.05990 0.05000 0.11979
0 0.15547 0.06406 0.06563 0.12812
0 0.06211 0.19063 0.06172 0.17083
0 0.07930 0.20000 0.04609 0.15417
0 0.10898 0.20677 0.06016 0.16771
0 0.14570 0.22083 0.08672 0.17917
0 0.14570 0.26406 0.03984 0.12604
0 0.18984 0.26562 0.06563 0.16875
0 0.21484 0.30000 0.07344 0.16042
0 0.24297 0.33542 0.07344 0.17917
0 0.27969 0.34167 0.09687 0.17708
0 0.28633 0.57760 0.05547 0.15521
0 0.31172 0.55052 0.07031 0.15937
0 0.34609 0.60260 0.06562 0.14896
0 0.37070 0.64375 0.07734 0.16458
0 0.51172 0.10208 0.10469 0.11875
0 0.19063 0.07448 0.08281 0.14896
0 0.22031 0.09583 0.09531 0.15417
0 0.26484 0.11146 0.09844 0.16667
0 0.29297 0.15260 0.10469 0.16146
0 0.33008 0.17135 0.09453 0.14479
0 0.35938 0.21563 0.09375 0.13958
0 0.27930 0.40000 0.06484 0.16042
0 0.34102 0.38385 0.09141 0.18437
0 0.37148 0.40781 0.10391 0.15521
0 0.39453 0.46250 0.10469 0.17083
0 0.42188 0.51354 0.08594 0.16458
0 0.47109 0.53125 0.08750 0.17708
0 0.41680 0.22865 0.09609 0.15937
0 0.46211 0.26615 0.10859 0.15938
0 0.49531 0.30417 0.12656 0.15833
0 0.52266 0.35000 0.12031 0.16042
0 0.64609 0.05313 0.11250 0.09583
0 0.57656 0.13021 0.13125 0.12917
0 0.70391 0.10417 0.12500 0.12083
0 0.73281 0.13698 0.12344 0.09271
0 0.76797 0.17812 0.10938 0.10417
0 0.80859 0.22031 0.11563 0.11354
0 0.85078 0.26667 0.11094 0.11042
0 0.87969 0.31198 0.10781 0.09479
0 0.92656 0.35729 0.11094 0.09167
0 0.95938 0.41406 0.08125 0.09062
0 0.97656 0.46406 0.04688 0.09479
0 0.59492 0.17344 0.11328 0.12396
0 0.62617 0.22031 0.11328 0.12396
0 0.68203 0.24948 0.11250 0.13646
0 0.72305 0.29375 0.12578 0.12917
0 0.75430 0.33698 0.12891 0.12187
0 0.80039 0.37969 0.11797 0.11146
0 0.85117 0.43229 0.13672 0.15208
0 0.61797 0.42135 0.13594 0.20104
0 0.69961 0.49896 0.12891 0.16667
0 0.41016 0.68437 0.08125 0.16458
0 0.44453 0.71042 0.07812 0.17083
0 0.48867 0.73229 0.08672 0.17917
0 0.54023 0.77812 0.09922 0.18125
0 0.56602 0.83854 0.10234 0.18333
0 0.61445 0.88854 0.11797 0.21042
0 0.94844 0.58802 0.10312 0.12604
0 0.77305 0.58542 0.13203 0.15417
0 0.65742 0.70156 0.12734 0.18229
0 0.77461 0.97552 0.09297 0.04896
0 0.94883 0.96094 0.10234 0.07812
0 0.88203 0.70156 0.15156 0.17604
0 0.96172 0.85833 0.07656 0.17708
0 0.87813 0.92083 0.12344 0.15833
0 0.81445 0.87031 0.13516 0.19063
