0 0.98412 0.33945 0.03177 0.08984
0 0.98698 0.42344 0.02604 0.06406
0 0.94609 0.38516 0.09323 0.11719
0 0.88776 0.43984 0.06719 0.07188
0 0.93307 0.46836 0.08281 0.11172
0 0.87370 0.50313 0.07969 0.06562
0 0.87240 0.54492 0.10000 0.07422
0 0.96979 0.49609 0.06042 0.08906
0 0.96094 0.59844 0.07812 0.14062
0 0.87604 0.63008 0.12187 0.16328
0 0.96953 0.69492 0.06094 0.10391
0 0.95338 0.79883 0.09323 0.20078
0 0.89818 0.81875 0.12344 0.20000
0 0.90859 0.98242 0.02552 0.03516
0 0.95677 0.94414 0.08646 0.11172
0 0.84713 0.91641 0.12552 0.16719
0 0.78151 0.95820 0.10260 0.08359
0 0.83151 0.68281 0.12240 0.15781
0 0.78333 0.76445 0.11042 0.17266
0 0.69922 0.95469 0.08177 0.09062
0 0.73073 0.85313 0.12083 0.18281
0 0.83099 0.01289 0.03906 0.02578
0 0.80026 0.01992 0.04219 0.03984
0 0.87005 0.08945 0.02760 0.06328
0 0.83073 0.05781 0.06458 0.08594
0 0.87891 0.23828 0.04010 0.09687
0 0.85990 0.14336 0.04583 0.06328
0 0.81510 0.08789 0.08229 0.10859
0 0.85365 0.19375 0.04688 0.07187
0 0.79974 0.14102 0.08281 0.13516
0 0.78151 0.17695 0.08802 0.13359
0 0.83880 0.25078 0.06198 0.08594
0 0.86693 0.31953 0.04219 0.07500
0 0.87057 0.40117 0.04948 0.09766
0 0.84167 0.35820 0.04271 0.06641
0 0.82708 0.42227 0.04792 0.10547
0 0.81302 0.30273 0.07187 0.11953
0 0.79141 0.36953 0.05990 0.11094
0 0.80703 0.48984 0.03073 0.10625
0 0.78828 0.52656 0.03802 0.10938
0 0.76302 0.57656 0.04479 0.14062
0 0.76823 0.41250 0.06979 0.14219
0 0.73776 0.46406 0.06719 0.13906
0 0.75078 0.03516 0.07760 0.07031
0 0.68958 0.02539 0.04688 0.05078
0 0.72969 0.05898 0.08646 0.11172
0 0.63958 0.04375 0.08021 0.08750
0 0.70000 0.10781 0.08646 0.11562
0 0.49479 0.02656 0.05625 0.05313
0 0.57865 0.01562 0.04583 0.03125
0 0.53698 0.03906 0.08229 0.07812
0 0.46250 0.06016 0.06146 0.05938
0 0.37995 0.10156 0.05365 0.05156
0 0.43411 0.10195 0.05781 0.07578
0 0.52083 0.08477 0.08125 0.07422
0 0.60755 0.08203 0.09219 0.12031
0 0.75547 0.23867 0.08281 0.15078
0 0.67604 0.15313 0.09583 0.13438
0 0.73229 0.27969 0.08229 0.13438
0 0.58307 0.12539 0.07865 0.08203
0 0.56016 0.16484 0.07448 0.10781
0 0.48750 0.12578 0.07917 0.08125
0 0.64427 0.19805 0.09687 0.11328
0 0.69115 0.32695 0.10938 0.15234
0 0.61094 0.24805 0.09583 0.14453
0 0.35156 0.14922 0.03542 0.05469
0 0.32135 0.18906 0.04271 0.02969
0 0.45208 0.17773 0.07292 0.08047
0 0.51927 0.20898 0.08542 0.10547
0 0.39245 0.15078 0.06927 0.07813
0 0.30313 0.22227 0.05104 0.04766
0 0.36146 0.19922 0.07396 0.07188
0 0.41198 0.22891 0.10417 0.08906
0 0.48594 0.26406 0.10208 0.10156
0 0.58490 0.31250 0.10417 0.14531
0 0.66510 0.39219 0.10000 0.14531
0 0.70443 0.53438 0.07760 0.14219
0 0.63906 0.45312 0.09583 0.16250
0 0.55469 0.36875 0.09479 0.14687
0 0.26406 0.27656 0.06250 0.07812
0 0.32135 0.26172 0.08229 0.07969
0 0.38151 0.28672 0.10156 0.09844
0 0.45833 0.32734 0.10521 0.12344
0 0.23333 0.34141 0.04479 0.05781
0 0.28646 0.33008 0.08646 0.08984
0 0.34167 0.35156 0.10208 0.10156
0 0.52005 0.43984 0.09115 0.14219
0 0.42240 0.38555 0.11146 0.12422
0 0.47865 0.50469 0.10000 0.15937
0 0.72891 0.65664 0.04948 0.13203
0 0.69974 0.72305 0.04531 0.12578
0 0.65990 0.77461 0.06667 0.14922
0 0.61745 0.85039 0.05469 0.10078
0 0.60417 0.51680 0.10521 0.16641
0 0.55729 0.58867 0.10833 0.16953
0 0.67552 0.60820 0.06979 0.15078
0 0.63776 0.67266 0.08281 0.16562
0 0.59662 0.74570 0.08177 0.16172
0 0.55443 0.80742 0.07135 0.14453
0 0.20625 0.41016 0.08125 0.09844
0 0.24661 0.41211 0.05781 0.08359
0 0.29453 0.42773 0.10781 0.12734
0 0.37839 0.46719 0.10990 0.14375
0 0.15130 0.49648 0.02760 0.06484
0 0.18750 0.49219 0.07812 0.10469
0 0.23177 0.51797 0.09375 0.12813
0 0.13698 0.58711 0.08333 0.11641
0 0.20417 0.60352 0.10833 0.13203
0 0.51953 0.66055 0.09948 0.16953
0 0.42162 0.58750 0.10677 0.14375
0 0.37708 0.65469 0.11250 0.16250
0 0.47240 0.73594 0.11354 0.18281
0 0.51146 0.89141 0.08229 0.14062
0 0.43099 0.85195 0.11406 0.17578
0 0.38958 0.93672 0.11875 0.12656
0 0.30599 0.98242 0.07656 0.03516
0 0.34245 0.75937 0.10052 0.14687
0 0.24453 0.75508 0.09740 0.15234
0 0.29844 0.88164 0.11354 0.17578
0 0.21068 0.91992 0.11510 0.16016
0 0.11406 0.68828 0.07604 0.11094
0 0.06198 0.76875 0.05313 0.08906
0 0.03464 0.87539 0.05156 0.13047
0 0.09661 0.80664 0.08281 0.14141
0 0.02682 0.97539 0.05052 0.04922
0 0.05781 0.93008 0.07187 0.13984
0 0.14687 0.98516 0.05625 0.02969
