0 0.53633 0.04349 0.07109 0.04010
0 0.55469 0.05286 0.05469 0.03281
0 0.49961 0.07656 0.04141 0.03438
0 0.54062 0.07344 0.05781 0.03438
0 0.39375 0.27838 0.02344 0.03490
0 0.46484 0.15990 0.03125 0.04167
0 0.48789 0.11328 0.04297 0.04010
0 0.53359 0.10547 0.06094 0.03802
0 0.49258 0.14635 0.03672 0.03854
0 0.63008 0.16745 0.05391 0.05365
0 0.65547 0.21667 0.03125 0.04479
0 0.59727 0.12604 0.07266 0.05521
0 0.61836 0.07057 0.05391 0.04531
0 0.58867 0.08802 0.06797 0.04271
0 0.53906 0.13672 0.07031 0.05365
0 0.46914 0.18854 0.04297 0.04583
0 0.51758 0.18307 0.06641 0.05469
0 0.58242 0.17917 0.06797 0.05208
0 0.39961 0.29479 0.01797 0.02604
0 0.37305 0.35391 0.02422 0.02448
0 0.41523 0.26771 0.03047 0.03542
0 0.43945 0.23359 0.04297 0.04010
0 0.49141 0.22578 0.07188 0.04740
0 0.55352 0.22292 0.06484 0.04375
0 0.61289 0.21354 0.06641 0.05000
0 0.65195 0.25990 0.02422 0.04479
0 0.62500 0.24792 0.04375 0.03542
0 0.62695 0.27318 0.03984 0.02240
0 0.58359 0.25547 0.05781 0.05052
0 0.52812 0.25964 0.06875 0.04219
0 0.46133 0.26354 0.06797 0.04583
0 0.39062 0.33177 0.03594 0.05000
0 0.63789 0.30208 0.03359 0.03854
0 0.60977 0.29948 0.04609 0.04583
0 0.56172 0.29766 0.06250 0.04948
0 0.50273 0.30052 0.07578 0.05104
0 0.64219 0.32838 0.04844 0.04219
0 0.59727 0.33854 0.06641 0.04479
0 0.43359 0.29870 0.06875 0.04531
0 0.41289 0.33958 0.05234 0.04583
0 0.53906 0.33594 0.06094 0.04792
0 0.47148 0.33438 0.08516 0.05312
0 0.35664 0.38021 0.02734 0.02500
0 0.35938 0.40156 0.03125 0.02083
0 0.32617 0.40260 0.05703 0.03646
0 0.38828 0.37708 0.05625 0.04167
0 0.44414 0.37682 0.06484 0.03698
0 0.51680 0.36354 0.08359 0.05208
0 0.58008 0.37630 0.06797 0.03802
0 0.63711 0.36849 0.06016 0.04740
0 0.65234 0.40703 0.04062 0.03281
0 0.63008 0.40807 0.04141 0.03906
0 0.57695 0.40755 0.08828 0.05156
0 0.65625 0.45052 0.02188 0.03229
0 0.62930 0.44063 0.05547 0.05000
0 0.56875 0.45130 0.08750 0.05052
0 0.50117 0.40286 0.08984 0.05260
0 0.37656 0.41224 0.02813 0.02865
0 0.29453 0.44167 0.03125 0.03646
0 0.34375 0.43776 0.07187 0.05573
0 0.42539 0.41120 0.08203 0.04635
0 0.49023 0.44557 0.08516 0.04948
0 0.41016 0.44740 0.08906 0.04375
0 0.62813 0.48385 0.06250 0.04271
0 0.64062 0.52266 0.04531 0.03802
0 0.55820 0.48698 0.09453 0.04896
0 0.60703 0.52109 0.05313 0.03906
0 0.63125 0.56458 0.03906 0.02083
0 0.63477 0.54713 0.03203 0.02344
0 0.59531 0.55182 0.06250 0.03698
0 0.53711 0.52161 0.09609 0.04740
0 0.47227 0.48125 0.08203 0.04896
0 0.27930 0.47474 0.02734 0.03385
0 0.45195 0.51094 0.08516 0.05000
0 0.39102 0.48385 0.09141 0.05312
0 0.31836 0.47344 0.06484 0.04479
0 0.26523 0.50547 0.03047 0.03698
0 0.30313 0.50937 0.06406 0.04271
0 0.36953 0.51562 0.07969 0.04375
0 0.52109 0.55911 0.10156 0.05052
0 0.43555 0.54609 0.09609 0.05781
0 0.24570 0.53854 0.03828 0.04063
0 0.22109 0.57448 0.03125 0.03542
0 0.26016 0.57318 0.06719 0.04948
0 0.30859 0.57500 0.04531 0.02812
0 0.28711 0.54662 0.06172 0.04531
0 0.35078 0.54713 0.08750 0.04115
0 0.62930 0.65677 0.01953 0.02813
0 0.62812 0.68880 0.01250 0.02031
0 0.61484 0.71510 0.02344 0.01979
0 0.61641 0.62448 0.04844 0.04167
0 0.63281 0.59062 0.04688 0.03854
0 0.58242 0.58255 0.07266 0.04635
0 0.58008 0.62109 0.06016 0.04948
0 0.42539 0.58359 0.09141 0.05052
0 0.51172 0.58568 0.08750 0.02656
0 0.61406 0.67708 0.03906 0.02083
0 0.60859 0.65911 0.03437 0.03594
0 0.55742 0.66406 0.08359 0.04375
0 0.47500 0.66536 0.10000 0.04323
0 0.41523 0.62396 0.04609 0.04271
0 0.28359 0.61849 0.04063 0.04740
0 0.20742 0.60807 0.02422 0.03490
0 0.24102 0.60963 0.05859 0.04948
0 0.37891 0.66068 0.10313 0.03698
0 0.29023 0.65443 0.08203 0.04635
0 0.19023 0.63958 0.02109 0.02917
0 0.15313 0.70651 0.02187 0.03906
0 0.17695 0.67422 0.03203 0.04219
0 0.22500 0.64531 0.06719 0.04479
0 0.20781 0.67813 0.06094 0.04792
0 0.19023 0.71016 0.05703 0.04531
0 0.13555 0.74948 0.02109 0.03333
0 0.17266 0.74167 0.06250 0.04583
0 0.11836 0.77865 0.01484 0.01667
0 0.15352 0.77734 0.05703 0.04427
0 0.13594 0.80599 0.05469 0.04427
0 0.60156 0.69635 0.04844 0.03333
0 0.61367 0.75182 0.02734 0.03490
0 0.60547 0.78542 0.02500 0.03229
0 0.59570 0.82005 0.02891 0.04010
0 0.58477 0.85573 0.03047 0.03125
0 0.55664 0.83594 0.06797 0.04479
0 0.56836 0.79922 0.07266 0.04115
0 0.58320 0.76537 0.06016 0.03802
0 0.59336 0.73073 0.05859 0.03854
0 0.54492 0.69740 0.07734 0.04167
0 0.53164 0.73021 0.08359 0.04375
0 0.51914 0.76432 0.08359 0.04323
0 0.50000 0.80130 0.09687 0.05469
0 0.47930 0.83620 0.09453 0.04948
0 0.27227 0.68828 0.08984 0.05260
0 0.25313 0.72213 0.08750 0.04948
0 0.23633 0.75391 0.08672 0.04531
0 0.21563 0.78724 0.09063 0.05052
0 0.36602 0.69245 0.10234 0.05365
0 0.34453 0.72422 0.10156 0.04844
0 0.32812 0.76146 0.10781 0.05625
0 0.30312 0.79349 0.09844 0.05469
0 0.46367 0.70000 0.09922 0.05313
0 0.44219 0.73359 0.10156 0.04635
0 0.43047 0.76901 0.10313 0.05260
0 0.40352 0.80156 0.10703 0.05417
0 0.38906 0.83906 0.10625 0.05417
0 0.57070 0.89193 0.03203 0.04323
0 0.53945 0.86953 0.07266 0.04531
0 0.45977 0.87240 0.09766 0.05104
0 0.55273 0.92995 0.03359 0.03802
0 0.52773 0.90807 0.07422 0.04635
0 0.52539 0.99089 0.03203 0.01823
0 0.54297 0.96224 0.03125 0.03906
0 0.48516 0.97734 0.09687 0.04531
0 0.50430 0.93906 0.07734 0.04271
0 0.44141 0.90938 0.10938 0.05313
0 0.36016 0.86953 0.11094 0.05990
0 0.42266 0.94740 0.09688 0.05625
0 0.45547 0.99401 0.04844 0.01198
0 0.39258 0.98854 0.09141 0.02292
0 0.13398 0.99609 0.04297 0.00781
0 0.25703 0.99375 0.05156 0.01250
0 0.30234 0.97656 0.12500 0.04688
0 0.19102 0.98125 0.10859 0.03750
0 0.09766 0.99479 0.04844 0.00937
0 0.05781 0.99193 0.03125 0.01615
0 0.03359 0.98594 0.03750 0.02812
0 0.31797 0.94349 0.11875 0.05156
0 0.33750 0.90755 0.12031 0.05781
0 0.11875 0.83880 0.05938 0.04115
0 0.19414 0.82187 0.08359 0.04688
0 0.17578 0.85391 0.07812 0.05156
0 0.28398 0.83021 0.10859 0.05938
0 0.25781 0.86771 0.10156 0.06042
0 0.10000 0.87083 0.05000 0.03958
0 0.08281 0.90365 0.04531 0.03958
0 0.07344 0.93359 0.04687 0.03698
0 0.16484 0.88411 0.09375 0.05365
0 0.13867 0.91172 0.08359 0.04844
0 0.12188 0.94766 0.07812 0.04948
0 0.22891 0.91328 0.10625 0.06302
0 0.20547 0.94974 0.10625 0.05573
0 0.05234 0.96458 0.04063 0.03958
0 0.09883 0.97266 0.08516 0.04427
