0 0.97448 0.68555 0.02708 0.02734
0 0.95677 0.67422 0.00937 0.02188
0 0.96328 0.69570 0.00885 0.02422
0 0.96667 0.71953 0.01042 0.02656
0 0.97031 0.66602 0.02188 0.03047
0 0.99063 0.66758 0.01875 0.03203
0 0.97943 0.71211 0.02344 0.03516
0 0.99401 0.69023 0.01198 0.02891
0 0.99531 0.71016 0.00937 0.02187
0 0.98620 0.72969 0.02760 0.03125
0 0.97083 0.74180 0.01146 0.02422
0 0.97708 0.76094 0.01458 0.03281
0 0.99010 0.75156 0.01979 0.02969
0 0.99141 0.77617 0.01719 0.02891
0 0.98203 0.78555 0.01198 0.02891
0 0.98620 0.80898 0.00990 0.01953
0 0.99401 0.80273 0.01198 0.02578
0 0.99245 0.82891 0.01510 0.02969
0 0.99687 0.88203 0.00625 0.02187
0 0.99531 0.85469 0.00937 0.03281
0 0.95599 0.57383 0.00781 0.02734
0 0.95625 0.55117 0.00729 0.01953
0 0.96537 0.54883 0.01302 0.02422
0 0.96380 0.57187 0.01406 0.02812
0 0.96537 0.64375 0.02865 0.03906
0 0.96406 0.62148 0.02917 0.02578
0 0.96250 0.59727 0.02396 0.03203
0 0.97031 0.52852 0.01354 0.02109
0 0.98724 0.51211 0.01510 0.01328
0 0.98463 0.52734 0.01823 0.01875
0 0.99740 0.51328 0.00521 0.01562
0 0.99557 0.53008 0.00885 0.01328
0 0.99531 0.55078 0.00937 0.02812
0 0.99557 0.57383 0.00885 0.01797
0 0.98281 0.54805 0.02396 0.03203
0 0.98177 0.57383 0.02396 0.02578
0 0.98620 0.59492 0.02760 0.03047
0 0.98854 0.61797 0.02292 0.02969
0 0.98828 0.64531 0.02344 0.03750
0 0.65859 0.73203 0.01094 0.02188
0 0.64740 0.71367 0.01354 0.02734
0 0.64037 0.69727 0.01198 0.02266
0 0.62865 0.67422 0.01250 0.02344
0 0.62109 0.65664 0.00885 0.01953
0 0.61172 0.64102 0.01302 0.01953
0 0.60391 0.62344 0.00885 0.01875
0 0.59766 0.61211 0.00573 0.01172
0 0.58854 0.59492 0.00833 0.01328
0 0.57943 0.57891 0.00781 0.01562
0 0.57083 0.56562 0.01042 0.01875
0 0.61484 0.66523 0.01719 0.02891
0 0.60677 0.64922 0.01667 0.03125
0 0.46510 0.37305 0.00625 0.01172
0 0.46901 0.37891 0.00573 0.00781
0 0.46016 0.36563 0.00677 0.00938
0 0.50937 0.44766 0.00833 0.01406
0 0.49974 0.43555 0.00885 0.01484
0 0.49479 0.42344 0.00729 0.00938
0 0.48568 0.40703 0.00885 0.01250
0 0.47656 0.39258 0.00833 0.01172
0 0.45104 0.36289 0.01562 0.02266
0 0.44401 0.34570 0.01823 0.02422
0 0.58750 0.61563 0.01562 0.02969
0 0.52396 0.49727 0.01562 0.02422
0 0.51797 0.47969 0.01927 0.02969
0 0.50729 0.46680 0.01979 0.02578
0 0.49922 0.45430 0.01510 0.02734
0 0.48984 0.43828 0.01615 0.02500
0 0.48385 0.42383 0.01875 0.02422
0 0.47474 0.40977 0.01510 0.02422
0 0.46641 0.39375 0.01615 0.02344
0 0.53151 0.51211 0.01927 0.03516
0 0.53984 0.52617 0.01927 0.02734
0 0.54844 0.54180 0.01667 0.02266
0 0.55677 0.55625 0.01875 0.02500
0 0.56406 0.57109 0.01771 0.02812
0 0.57109 0.58438 0.01615 0.02187
0 0.57917 0.60117 0.01875 0.02891
0 0.59740 0.63008 0.01667 0.02734
0 0.63125 0.70156 0.01875 0.03438
0 0.64010 0.73008 0.01771 0.04453
0 0.64766 0.74375 0.01927 0.03594
0 0.65729 0.76172 0.01458 0.04219
0 0.58646 0.65781 0.02500 0.04062
0 0.55547 0.65508 0.02865 0.03672
0 0.60312 0.69570 0.02500 0.03984
0 0.61068 0.71367 0.02656 0.04141
0 0.61953 0.73203 0.02760 0.04219
0 0.63568 0.77148 0.03073 0.04609
0 0.62396 0.83750 0.01250 0.00938
0 0.62656 0.81484 0.02813 0.04219
0 0.61250 0.79727 0.02917 0.04453
0 0.60443 0.83633 0.02865 0.04141
0 0.58307 0.85078 0.02031 0.02813
0 0.56458 0.82695 0.02917 0.03516
0 0.31484 0.36719 0.02656 0.03281
0 0.26354 0.25000 0.01146 0.02188
0 0.26354 0.27227 0.00625 0.02578
0 0.27708 0.31992 0.00729 0.01641
0 0.27109 0.29961 0.00573 0.01016
0 0.27109 0.28477 0.00885 0.02422
0 0.27865 0.30781 0.01042 0.02031
0 0.31589 0.31055 0.02656 0.03516
0 0.28516 0.33008 0.01198 0.02266
0 0.29036 0.34688 0.01198 0.02344
0 0.29844 0.36875 0.01146 0.02031
0 0.30625 0.38867 0.01146 0.02266
0 0.31354 0.40625 0.00938 0.01406
0 0.32240 0.42227 0.01250 0.02266
0 0.33021 0.43906 0.01146 0.02031
0 0.33828 0.45312 0.00990 0.02188
0 0.34453 0.47070 0.01198 0.02891
0 0.35260 0.48711 0.01250 0.01797
0 0.36068 0.50156 0.01406 0.02188
0 0.36745 0.51719 0.01198 0.01719
0 0.37370 0.53359 0.00990 0.02188
0 0.38151 0.55234 0.01302 0.01875
0 0.38932 0.56680 0.01302 0.01797
0 0.39974 0.57812 0.01615 0.02500
0 0.40000 0.54805 0.02500 0.03516
0 0.41667 0.57812 0.01979 0.03125
0 0.40729 0.59766 0.01250 0.02188
0 0.41562 0.61367 0.00938 0.01484
0 0.42318 0.62773 0.01302 0.02266
0 0.43125 0.64297 0.01250 0.01875
0 0.44010 0.65703 0.01354 0.01250
0 0.44688 0.66992 0.01354 0.01641
0 0.45443 0.68516 0.01302 0.01719
0 0.46276 0.70039 0.01406 0.02422
0 0.47292 0.69102 0.02396 0.02734
0 0.47031 0.71641 0.00833 0.01406
0 0.47943 0.72773 0.01302 0.01797
0 0.48568 0.74375 0.01406 0.01719
0 0.49792 0.76523 0.01562 0.01484
0 0.50651 0.77461 0.01302 0.01797
0 0.53307 0.79844 0.01927 0.01719
0 0.52344 0.78125 0.02187 0.02656
0 0.49245 0.71641 0.02656 0.02969
0 0.46536 0.67227 0.02448 0.02266
0 0.45833 0.65625 0.02500 0.02344
0 0.44922 0.64258 0.02448 0.02578
0 0.44141 0.63008 0.02448 0.02578
0 0.43281 0.61328 0.02708 0.02969
0 0.42396 0.59727 0.02292 0.02578
0 0.39062 0.53672 0.02292 0.02656
0 0.38464 0.51953 0.02240 0.02500
0 0.37760 0.50469 0.02187 0.02656
0 0.36953 0.48477 0.02240 0.03047
0 0.36198 0.46992 0.02292 0.02578
0 0.29115 0.24219 0.02396 0.02500
0 0.29245 0.31016 0.02135 0.02813
0 0.30052 0.32969 0.02083 0.02813
0 0.34870 0.38164 0.02656 0.03203
0 0.32214 0.39141 0.02240 0.03750
0 0.33047 0.40234 0.02344 0.03125
0 0.35365 0.45273 0.02187 0.02422
0 0.34635 0.43477 0.02292 0.02578
0 0.34089 0.41797 0.02552 0.03281
0 0.60443 0.77578 0.02969 0.03906
0 0.59687 0.75273 0.03021 0.03672
0 0.58776 0.73203 0.02760 0.03594
0 0.57943 0.71172 0.02760 0.03594
0 0.57109 0.69453 0.02865 0.03750
0 0.56328 0.67734 0.02760 0.03906
0 0.31432 0.23828 0.02448 0.03281
0 0.34792 0.25625 0.02396 0.03281
0 0.33906 0.23594 0.02708 0.03750
0 0.33021 0.21562 0.02396 0.03437
0 0.39010 0.28164 0.01875 0.02734
0 0.40026 0.29727 0.01927 0.02734
0 0.40885 0.31250 0.01979 0.02656
0 0.41953 0.32539 0.02031 0.02578
0 0.42760 0.34414 0.01771 0.02734
0 0.44063 0.37656 0.02187 0.02500
0 0.43463 0.36172 0.01927 0.02656
0 0.40651 0.35234 0.02552 0.03281
0 0.53724 0.56289 0.02135 0.03047
0 0.54479 0.57656 0.02188 0.02969
0 0.56172 0.60664 0.02240 0.03203
0 0.55313 0.59141 0.02083 0.03125
0 0.51224 0.51719 0.02344 0.02812
0 0.53125 0.54531 0.01979 0.03281
0 0.44792 0.59414 0.02708 0.03047
0 0.43359 0.56055 0.02344 0.02891
0 0.43906 0.57461 0.02917 0.03672
0 0.33047 0.34805 0.02552 0.03516
0 0.34010 0.36484 0.02500 0.03281
0 0.37448 0.36211 0.02500 0.03359
0 0.34688 0.31641 0.02604 0.03437
0 0.28568 0.28828 0.02344 0.02812
0 0.30833 0.28789 0.02396 0.03047
0 0.29948 0.26680 0.02396 0.03047
0 0.27734 0.26406 0.02240 0.03281
0 0.32292 0.25938 0.02396 0.03125
0 0.33151 0.27969 0.02448 0.02969
0 0.36875 0.29258 0.02500 0.03359
0 0.34036 0.29766 0.02448 0.02969
0 0.44922 0.39219 0.02135 0.02656
0 0.47318 0.44180 0.01927 0.02891
0 0.46562 0.42578 0.01979 0.02813
0 0.45729 0.40938 0.01979 0.02813
0 0.43385 0.42422 0.02708 0.03594
0 0.42526 0.54609 0.02656 0.03281
0 0.41615 0.53086 0.02500 0.03203
0 0.47422 0.63867 0.02656 0.03047
0 0.46510 0.62383 0.02292 0.03203
0 0.45755 0.61055 0.02552 0.03203
0 0.54688 0.64219 0.02604 0.03906
0 0.53880 0.62734 0.02656 0.03594
0 0.53151 0.61172 0.02760 0.03750
0 0.52240 0.59727 0.02708 0.03828
0 0.51354 0.58320 0.02813 0.03828
0 0.50729 0.56211 0.03021 0.03984
0 0.42526 0.40820 0.02656 0.03672
0 0.41719 0.39219 0.02500 0.03437
0 0.41276 0.37148 0.02656 0.03047
0 0.38307 0.37773 0.02552 0.03047
0 0.35912 0.39258 0.02448 0.02891
0 0.36536 0.40859 0.02448 0.03125
0 0.38958 0.39766 0.02708 0.03125
0 0.39505 0.41680 0.02552 0.03047
0 0.37005 0.42813 0.02552 0.03281
0 0.37708 0.44687 0.02292 0.02969
0 0.40755 0.51523 0.02552 0.03047
0 0.40104 0.49648 0.02396 0.03047
0 0.39245 0.48047 0.02552 0.03125
0 0.38646 0.46250 0.02396 0.02812
0 0.40234 0.43359 0.02448 0.03281
0 0.41068 0.44922 0.02552 0.03281
0 0.44219 0.44492 0.02917 0.03672
0 0.41797 0.46719 0.02656 0.03125
0 0.45052 0.45859 0.02604 0.03438
0 0.45938 0.47695 0.02708 0.03828
0 0.45156 0.52930 0.02708 0.03516
0 0.44193 0.51602 0.02552 0.03516
0 0.43411 0.49961 0.02552 0.03516
0 0.42604 0.48398 0.02396 0.03203
0 0.46745 0.49687 0.02552 0.03125
0 0.47891 0.51250 0.02448 0.03281
0 0.49661 0.54883 0.02552 0.03828
0 0.48698 0.53516 0.02500 0.03750
0 0.45990 0.54375 0.02708 0.03438
0 0.46615 0.56211 0.02604 0.03516
0 0.47500 0.57734 0.02500 0.03750
0 0.48385 0.58945 0.02604 0.03672
0 0.49036 0.60820 0.02656 0.03516
0 0.48203 0.65430 0.02552 0.03047
0 0.49948 0.62422 0.02396 0.03594
0 0.50781 0.63867 0.02500 0.03359
0 0.51588 0.65469 0.02552 0.03594
0 0.48958 0.66992 0.02604 0.03203
0 0.47891 0.70664 0.01823 0.02422
0 0.52526 0.66875 0.02656 0.03594
0 0.49792 0.68594 0.02604 0.03281
0 0.50807 0.70000 0.02552 0.03438
0 0.53542 0.68555 0.02708 0.03984
0 0.59297 0.82383 0.02865 0.04141
0 0.58385 0.80039 0.02812 0.04141
0 0.55599 0.80547 0.02656 0.03281
0 0.57396 0.78086 0.02812 0.03516
0 0.56667 0.76055 0.03021 0.03359
0 0.51641 0.71797 0.02344 0.02969
0 0.49687 0.73633 0.01979 0.02266
0 0.50208 0.75078 0.02292 0.02500
0 0.52266 0.73477 0.02448 0.03047
0 0.54167 0.70859 0.02812 0.03750
0 0.55156 0.72422 0.02812 0.03750
0 0.55937 0.74297 0.02917 0.03594
0 0.54609 0.78750 0.02656 0.02969
0 0.53880 0.76836 0.02448 0.02734
0 0.53333 0.74961 0.02292 0.02891
0 0.51510 0.76484 0.01875 0.02813
