0 0.37722 0.20495 0.00560 0.00365
0 0.44211 0.28594 0.01027 0.01146
0 0.42530 0.26823 0.03455 0.01562
0 0.42250 0.27500 0.03268 0.02083
0 0.45005 0.72162 0.01494 0.01927
0 0.44771 0.70651 0.01774 0.01823
0 0.45051 0.68932 0.01587 0.02031
0 0.45098 0.73568 0.01307 0.02135
0 0.45332 0.75182 0.01214 0.01823
0 0.43604 0.75391 0.02801 0.01510
0 0.43184 0.74063 0.03081 0.02083
0 0.43091 0.72318 0.03081 0.01927
0 0.45518 0.76823 0.00840 0.01771
0 0.43837 0.77083 0.03268 0.02083
0 0.45612 0.78359 0.00654 0.01719
0 0.45565 0.80990 0.00747 0.01562
0 0.44304 0.80287 0.02894 0.02344
0 0.44164 0.78568 0.02614 0.01823
0 0.44304 0.81901 0.02148 0.01927
0 0.44818 0.82838 0.02428 0.02031
0 0.38609 0.71719 0.01214 0.01458
0 0.42904 0.70755 0.02894 0.01927
0 0.45005 0.67162 0.01867 0.02760
0 0.42717 0.69010 0.03641 0.01875
0 0.42857 0.67213 0.03735 0.02344
0 0.44865 0.65338 0.01774 0.02135
0 0.42857 0.65182 0.03361 0.02135
0 0.44491 0.63594 0.02521 0.02292
0 0.42484 0.63307 0.02988 0.01823
0 0.44444 0.61771 0.02614 0.02187
0 0.44304 0.60417 0.02521 0.01667
0 0.42670 0.61380 0.02614 0.02135
0 0.44585 0.58724 0.02334 0.01823
0 0.42437 0.59141 0.02894 0.02552
0 0.40009 0.60521 0.04388 0.01979
0 0.39402 0.58880 0.04482 0.02240
0 0.44585 0.56901 0.02894 0.02240
0 0.42390 0.56901 0.03175 0.02031
0 0.39449 0.56849 0.04015 0.02031
0 0.44771 0.55026 0.03081 0.02135
0 0.42530 0.54974 0.02894 0.01823
0 0.39823 0.55000 0.03455 0.01979
0 0.44444 0.53281 0.03175 0.01979
0 0.42250 0.53281 0.03268 0.02083
0 0.44491 0.51458 0.03268 0.02292
0 0.42157 0.51068 0.03455 0.02344
0 0.45145 0.49792 0.01961 0.01979
0 0.42904 0.49661 0.02894 0.01615
0 0.45612 0.48099 0.01027 0.01927
0 0.44725 0.47839 0.01307 0.02031
0 0.42670 0.48177 0.03548 0.02292
0 0.45285 0.44844 0.01307 0.01667
0 0.45005 0.46406 0.01307 0.01458
0 0.42997 0.46615 0.03268 0.01458
0 0.43557 0.45026 0.03081 0.01823
0 0.39496 0.52917 0.03548 0.02188
0 0.38889 0.50911 0.04388 0.02135
0 0.39029 0.49193 0.05229 0.02135
0 0.38936 0.47005 0.05229 0.02344
0 0.40336 0.45495 0.04295 0.02240
0 0.40663 0.43672 0.04015 0.02031
0 0.43884 0.43516 0.03361 0.01615
0 0.44164 0.41875 0.02801 0.01875
0 0.44351 0.40260 0.02428 0.02083
0 0.41036 0.41979 0.04388 0.01979
0 0.40943 0.40104 0.04949 0.02187
0 0.44491 0.38437 0.02708 0.01979
0 0.41317 0.38724 0.04015 0.01406
0 0.44678 0.36563 0.01961 0.01979
0 0.42157 0.37161 0.04015 0.02240
0 0.44771 0.34766 0.02334 0.02135
0 0.42063 0.35000 0.04202 0.02187
0 0.44444 0.32838 0.02054 0.01927
0 0.42577 0.33021 0.03922 0.02187
0 0.42950 0.31068 0.04295 0.01927
0 0.43091 0.29479 0.03268 0.02187
0 0.41270 0.25052 0.04295 0.02292
0 0.38796 0.23281 0.02894 0.03021
0 0.39543 0.21354 0.03268 0.02812
0 0.41457 0.23047 0.03548 0.02656
0 0.32073 0.22500 0.04949 0.02396
0 0.28245 0.22500 0.02894 0.01875
0 0.25957 0.24089 0.02054 0.01510
0 0.26004 0.25208 0.02148 0.01250
0 0.25350 0.26302 0.02521 0.01458
0 0.25444 0.27083 0.02334 0.01042
0 0.24743 0.28490 0.02614 0.02083
0 0.24323 0.30260 0.02708 0.01979
0 0.23483 0.31953 0.02521 0.02031
0 0.22456 0.33880 0.02148 0.02135
0 0.22036 0.35495 0.02054 0.01823
0 0.21662 0.37266 0.02428 0.02031
0 0.21008 0.39010 0.02241 0.01875
0 0.17927 0.74792 0.01494 0.01562
0 0.17834 0.76354 0.01307 0.01458
0 0.18020 0.81693 0.01120 0.01615
0 0.18581 0.83802 0.02054 0.02604
0 0.19188 0.85599 0.01774 0.02448
0 0.19935 0.87630 0.01774 0.01927
0 0.21429 0.89662 0.02148 0.02240
0 0.20868 0.40651 0.02521 0.01927
0 0.20728 0.42370 0.02988 0.01823
0 0.20168 0.44063 0.02801 0.01875
0 0.23203 0.40833 0.04762 0.01875
0 0.22502 0.42656 0.04482 0.01875
0 0.22222 0.44740 0.04482 0.02292
0 0.19841 0.45521 0.02148 0.01667
0 0.19094 0.47214 0.01027 0.01823
0 0.19234 0.49713 0.02241 0.03490
0 0.18814 0.50833 0.01401 0.01354
0 0.18487 0.52214 0.01307 0.01823
0 0.18347 0.54297 0.01401 0.02656
0 0.18347 0.56458 0.01961 0.02083
0 0.17927 0.58412 0.01681 0.01823
0 0.17740 0.60156 0.01867 0.02083
0 0.17974 0.62162 0.01961 0.02031
0 0.18207 0.64088 0.02054 0.01927
0 0.18254 0.66042 0.02148 0.01979
0 0.18021 0.67734 0.02801 0.02031
0 0.18207 0.69635 0.02614 0.01979
0 0.18301 0.71484 0.02614 0.01927
0 0.18628 0.73568 0.02334 0.02240
0 0.19048 0.75625 0.02428 0.02083
0 0.18721 0.77630 0.02521 0.02031
0 0.18908 0.79635 0.02334 0.02292
0 0.18861 0.81484 0.02054 0.01927
0 0.19328 0.83516 0.02241 0.02240
0 0.20682 0.85625 0.02894 0.02188
0 0.21709 0.87578 0.03455 0.02240
0 0.22642 0.89349 0.04015 0.02240
0 0.24650 0.91302 0.04669 0.02083
0 0.29925 0.92162 0.06069 0.02135
0 0.44304 0.86250 0.01401 0.02083
0 0.43978 0.84844 0.02801 0.02187
0 0.42857 0.87057 0.02428 0.02656
0 0.42624 0.88724 0.02148 0.02031
0 0.40103 0.90573 0.03641 0.01875
0 0.36741 0.91588 0.04202 0.01615
0 0.40243 0.89323 0.03735 0.01875
0 0.36555 0.90182 0.04575 0.02031
0 0.32306 0.91380 0.06162 0.02240
0 0.40289 0.87708 0.04575 0.02396
0 0.36555 0.88490 0.04575 0.01979
0 0.43137 0.84401 0.02801 0.02344
0 0.40429 0.86042 0.04295 0.02188
0 0.40056 0.84609 0.04295 0.02240
0 0.42437 0.82708 0.03081 0.02188
0 0.42157 0.81094 0.03828 0.02292
0 0.41503 0.79505 0.03828 0.01927
0 0.41130 0.77995 0.04575 0.02240
0 0.40990 0.76172 0.03922 0.02031
0 0.40009 0.74583 0.04575 0.01979
0 0.40336 0.72995 0.03548 0.01927
0 0.40570 0.71224 0.03268 0.02135
0 0.39776 0.69479 0.04108 0.02292
0 0.26844 0.90469 0.05509 0.02604
0 0.31886 0.89609 0.05696 0.02344
0 0.25444 0.88880 0.04949 0.02135
0 0.23950 0.86615 0.04202 0.02604
0 0.22222 0.84479 0.04108 0.02396
0 0.21195 0.82500 0.03735 0.01979
0 0.32913 0.87943 0.04762 0.02240
0 0.28245 0.88099 0.04762 0.02448
0 0.26751 0.85963 0.05135 0.02552
0 0.25770 0.84036 0.05602 0.02344
0 0.25584 0.82292 0.06162 0.02292
0 0.21148 0.80807 0.03455 0.01927
0 0.24370 0.80521 0.04482 0.01979
0 0.20915 0.78828 0.03175 0.02240
0 0.20541 0.76693 0.02801 0.02760
0 0.20682 0.74531 0.02894 0.02604
0 0.23856 0.76901 0.05135 0.02031
0 0.23669 0.75208 0.04949 0.01771
0 0.20402 0.72344 0.03081 0.02083
0 0.23389 0.73412 0.05135 0.02240
0 0.23763 0.71354 0.05322 0.02292
0 0.23670 0.69088 0.04575 0.02448
0 0.20495 0.70312 0.03641 0.02083
0 0.20728 0.68568 0.03548 0.01823
0 0.20448 0.66927 0.03175 0.01979
0 0.20121 0.65130 0.03081 0.02240
0 0.19561 0.63255 0.02708 0.02240
0 0.19795 0.61224 0.03175 0.02031
0 0.19795 0.59323 0.03361 0.01875
0 0.22969 0.66719 0.04482 0.02396
0 0.22782 0.64427 0.04855 0.02396
0 0.22782 0.62266 0.04855 0.02135
0 0.22876 0.60417 0.04108 0.01979
0 0.19841 0.57370 0.03641 0.02135
0 0.22689 0.58594 0.04482 0.02187
0 0.23016 0.56484 0.04202 0.02344
0 0.20028 0.55417 0.03455 0.02083
0 0.19935 0.53594 0.03081 0.01771
0 0.20075 0.51823 0.03735 0.02083
0 0.22922 0.54375 0.04575 0.02292
0 0.23016 0.52266 0.04575 0.02240
0 0.20962 0.47057 0.03455 0.02656
0 0.19888 0.49687 0.03361 0.02292
0 0.22876 0.50651 0.03735 0.01927
0 0.22316 0.48490 0.04295 0.02396
0 0.24556 0.46797 0.05229 0.02031
0 0.25444 0.45260 0.06069 0.01875
0 0.25770 0.43542 0.05976 0.01875
0 0.26891 0.41797 0.06162 0.01927
0 0.27684 0.39948 0.05696 0.02188
0 0.23483 0.38984 0.03828 0.02135
0 0.28245 0.38203 0.06069 0.02240
0 0.28712 0.36328 0.05509 0.02448
0 0.24416 0.37005 0.04202 0.02240
0 0.24837 0.35130 0.04855 0.02135
0 0.26191 0.33333 0.05509 0.01979
0 0.26937 0.31615 0.04762 0.02187
0 0.27311 0.29662 0.04202 0.02240
0 0.27638 0.27917 0.03922 0.02083
0 0.28385 0.26302 0.03548 0.02604
0 0.28618 0.24036 0.03828 0.02448
0 0.40149 0.28359 0.03922 0.02344
0 0.39776 0.30339 0.04295 0.02240
0 0.39309 0.32292 0.04295 0.02187
0 0.38609 0.34036 0.04762 0.02552
0 0.38049 0.36016 0.05322 0.02344
0 0.23996 0.78698 0.04482 0.02083
0 0.39916 0.62292 0.03828 0.01771
0 0.39589 0.63932 0.04482 0.02240
0 0.39636 0.65781 0.04015 0.02083
0 0.38936 0.67526 0.04482 0.01927
0 0.36088 0.68672 0.04388 0.02865
0 0.36461 0.86589 0.05322 0.02552
0 0.31699 0.86250 0.05509 0.02083
0 0.35714 0.84844 0.05509 0.02500
0 0.39542 0.82838 0.04015 0.01719
0 0.30906 0.84505 0.06162 0.01927
0 0.38702 0.81224 0.05135 0.02344
0 0.35201 0.83125 0.05415 0.02396
0 0.33753 0.81380 0.05696 0.02240
0 0.30065 0.82812 0.05976 0.02292
0 0.37442 0.79427 0.05415 0.02396
0 0.28992 0.80990 0.06069 0.01771
0 0.33287 0.79870 0.05135 0.02135
0 0.36928 0.77448 0.04762 0.01979
0 0.33007 0.78203 0.05135 0.01615
0 0.28665 0.79323 0.06162 0.01979
0 0.36555 0.70964 0.04762 0.02552
0 0.36788 0.73255 0.04669 0.02448
0 0.37161 0.75625 0.05229 0.02604
0 0.32633 0.76537 0.05696 0.02135
0 0.28291 0.77526 0.05976 0.02240
0 0.28151 0.75677 0.05696 0.01875
0 0.33007 0.74688 0.05882 0.02083
0 0.28058 0.73906 0.05322 0.01875
0 0.32540 0.72838 0.05696 0.02031
0 0.27731 0.72057 0.05976 0.02031
0 0.31980 0.70938 0.05509 0.02292
0 0.36321 0.22734 0.04295 0.02135
0 0.39076 0.25833 0.03455 0.02917
0 0.32120 0.24036 0.04855 0.02344
0 0.32073 0.26484 0.05135 0.02656
0 0.29739 0.33932 0.05322 0.02760
0 0.30999 0.31432 0.05229 0.02865
0 0.31559 0.28698 0.05976 0.02604
0 0.35761 0.24870 0.05042 0.02240
0 0.36321 0.27031 0.05789 0.02604
0 0.36181 0.29167 0.06069 0.02187
0 0.35434 0.30990 0.06069 0.02187
0 0.34220 0.32682 0.06816 0.02135
0 0.34127 0.34766 0.06069 0.02240
0 0.37068 0.39713 0.05976 0.02135
0 0.37675 0.37891 0.05696 0.02240
0 0.27311 0.70287 0.05509 0.02031
0 0.31372 0.69141 0.05976 0.01823
0 0.27031 0.68333 0.06069 0.02187
0 0.32213 0.67344 0.05976 0.01875
0 0.35948 0.66042 0.04482 0.02708
0 0.27358 0.66641 0.05042 0.02135
0 0.35528 0.63932 0.05322 0.02344
0 0.35854 0.61849 0.05229 0.02135
0 0.35714 0.59792 0.05135 0.02187
0 0.34640 0.57917 0.06536 0.02188
0 0.25957 0.48620 0.04482 0.02656
0 0.26937 0.50781 0.04949 0.02604
0 0.34967 0.50078 0.05509 0.02240
0 0.35154 0.52240 0.05322 0.02292
0 0.35901 0.54271 0.05509 0.02187
0 0.36041 0.56302 0.05042 0.02188
0 0.31326 0.65599 0.05696 0.02135
0 0.31326 0.63672 0.04949 0.02031
0 0.27124 0.64688 0.05696 0.02292
0 0.26937 0.62839 0.05135 0.01927
0 0.26891 0.52969 0.05229 0.02500
0 0.27124 0.55078 0.05882 0.02344
0 0.27451 0.57005 0.07096 0.02031
0 0.26844 0.59062 0.06069 0.02188
0 0.27078 0.60990 0.05976 0.02188
0 0.31279 0.61719 0.05789 0.02292
0 0.31419 0.59167 0.04949 0.03021
0 0.31326 0.56276 0.04949 0.02865
0 0.31279 0.53854 0.05229 0.02187
0 0.30766 0.51667 0.04949 0.02500
0 0.36881 0.41562 0.06162 0.02292
0 0.36228 0.43542 0.05602 0.02604
0 0.35481 0.45130 0.05976 0.01927
0 0.34547 0.46562 0.05602 0.01979
0 0.34500 0.48359 0.05882 0.01719
0 0.30485 0.49427 0.05322 0.02292
0 0.29458 0.47266 0.06069 0.02240
0 0.33380 0.36771 0.06443 0.02083
0 0.32960 0.38620 0.06349 0.02135
0 0.32260 0.40286 0.06256 0.01823
0 0.31933 0.42083 0.05789 0.02396
0 0.29972 0.45365 0.06349 0.02083
0 0.30859 0.43828 0.06256 0.02344
