0 0.70573 0.35156 0.02083 0.01094
0 0.68411 0.34727 0.01927 0.01172
0 0.66328 0.34570 0.02240 0.01484
0 0.64245 0.34258 0.01510 0.01016
0 0.76719 0.38711 0.01562 0.04141
0 0.75130 0.38437 0.02344 0.05312
0 0.73047 0.38711 0.02448 0.05547
0 0.71146 0.37148 0.02187 0.03047
0 0.68984 0.36367 0.01823 0.02891
0 0.66901 0.36172 0.02344 0.02813
0 0.64635 0.36172 0.02292 0.02969
0 0.62552 0.35547 0.02188 0.03594
0 0.79375 0.58672 0.01875 0.01094
0 0.81771 0.58398 0.02604 0.01797
0 0.84193 0.57891 0.01823 0.02188
0 0.86380 0.57383 0.02344 0.02578
0 0.58464 0.33438 0.01719 0.01406
0 0.56510 0.32969 0.01875 0.01719
0 0.54349 0.33086 0.01823 0.02109
0 0.52370 0.33125 0.02031 0.02344
0 0.50260 0.32891 0.02083 0.02500
0 0.48203 0.32617 0.01719 0.02109
0 0.46172 0.32500 0.02240 0.02500
0 0.42943 0.32344 0.04323 0.02969
0 0.42031 0.32422 0.02396 0.03437
0 0.39531 0.32422 0.02604 0.03437
0 0.81797 0.48008 0.02344 0.05703
0 0.84896 0.54688 0.02812 0.04375
0 0.82266 0.55898 0.02760 0.03828
0 0.81901 0.52891 0.02656 0.04531
0 0.79766 0.56641 0.02552 0.03281
0 0.78646 0.53477 0.03229 0.04297
0 0.79375 0.48164 0.02500 0.06172
0 0.76693 0.48828 0.02760 0.05469
0 0.78463 0.43867 0.02240 0.05234
0 0.76432 0.43555 0.01823 0.05391
0 0.74583 0.43633 0.02292 0.06016
0 0.72578 0.44219 0.02135 0.06250
0 0.60495 0.35508 0.02448 0.03984
0 0.58568 0.35547 0.02031 0.03437
0 0.56250 0.35430 0.02396 0.03984
0 0.54036 0.35742 0.01823 0.03203
0 0.52266 0.35859 0.02240 0.03750
0 0.50391 0.35586 0.01719 0.03828
0 0.48385 0.35508 0.02292 0.03828
0 0.46224 0.35586 0.02240 0.04297
0 0.44010 0.35742 0.02604 0.03984
0 0.41589 0.36055 0.02448 0.03828
0 0.38958 0.35703 0.02292 0.04063
0 0.34193 0.32031 0.01719 0.02500
0 0.36641 0.32500 0.02552 0.03281
0 0.36693 0.35820 0.02344 0.03828
0 0.32396 0.32344 0.02187 0.02969
0 0.29922 0.32031 0.01927 0.03125
0 0.25651 0.29844 0.02240 0.02031
0 0.23333 0.29883 0.02708 0.02266
0 0.21510 0.29336 0.01771 0.02734
0 0.19609 0.29219 0.02031 0.02656
0 0.17500 0.29609 0.02292 0.02969
0 0.15599 0.29570 0.01927 0.02734
0 0.13594 0.29531 0.02083 0.02656
0 0.11354 0.29648 0.02083 0.02891
0 0.09271 0.30234 0.02188 0.02812
0 0.34115 0.35469 0.02083 0.05156
0 0.31953 0.36172 0.02135 0.05000
0 0.27995 0.32344 0.01719 0.03594
0 0.26016 0.32461 0.01927 0.03828
0 0.24036 0.32383 0.02135 0.03984
0 0.21797 0.32383 0.02031 0.04297
0 0.19844 0.32383 0.02083 0.04609
0 0.17891 0.32617 0.02448 0.04297
0 0.15651 0.32656 0.02031 0.04063
0 0.13776 0.32891 0.01719 0.04062
0 0.11797 0.33086 0.02240 0.05234
0 0.09583 0.33086 0.02188 0.04297
0 0.07292 0.33516 0.01979 0.04375
0 0.29766 0.36172 0.02344 0.05000
0 0.27604 0.36836 0.02187 0.05078
0 0.25443 0.36484 0.02344 0.05469
0 0.23151 0.36758 0.01927 0.04766
0 0.21094 0.36797 0.02188 0.05156
0 0.18802 0.36914 0.02396 0.04766
0 0.16094 0.37266 0.03333 0.04375
0 0.12839 0.37578 0.02865 0.04844
0 0.10182 0.38320 0.02448 0.05234
0 0.07839 0.37969 0.02344 0.05625
0 0.06250 0.43594 0.02187 0.04844
0 0.06198 0.38555 0.01250 0.05234
0 0.70964 0.40312 0.02760 0.03906
0 0.68490 0.39531 0.02083 0.04375
0 0.66328 0.39414 0.02240 0.04297
0 0.64037 0.39258 0.02344 0.04453
0 0.61589 0.39453 0.02344 0.05000
0 0.70417 0.44687 0.02292 0.05312
0 0.68099 0.43828 0.02448 0.05469
0 0.65911 0.43906 0.02448 0.05000
0 0.63620 0.43867 0.02344 0.05234
0 0.61484 0.44023 0.02240 0.05391
0 0.73646 0.49414 0.02917 0.05859
0 0.71042 0.49727 0.02708 0.05078
0 0.68828 0.48945 0.02344 0.05234
0 0.66771 0.48320 0.02396 0.05703
0 0.64479 0.48633 0.01875 0.04922
0 0.62422 0.48711 0.02135 0.05391
0 0.74948 0.52891 0.03437 0.04531
0 0.77292 0.56172 0.01979 0.04062
0 0.75391 0.55859 0.02656 0.03594
0 0.77188 0.58633 0.02187 0.01172
0 0.74818 0.58047 0.02552 0.01562
0 0.72240 0.57656 0.02396 0.01562
0 0.69297 0.57695 0.02552 0.01484
0 0.66588 0.57812 0.01719 0.01406
0 0.72708 0.55977 0.02604 0.03516
0 0.71510 0.53672 0.03021 0.03438
0 0.68750 0.53320 0.02500 0.04141
0 0.69844 0.56094 0.02500 0.02656
0 0.67474 0.56367 0.02552 0.02578
0 0.66354 0.53242 0.02396 0.04141
0 0.63932 0.53164 0.02448 0.04453
0 0.61823 0.53320 0.02292 0.04453
0 0.59609 0.53711 0.02240 0.03984
0 0.65156 0.56484 0.02083 0.02656
0 0.62943 0.56523 0.02344 0.02891
0 0.60703 0.56758 0.02240 0.02578
0 0.58646 0.56445 0.01771 0.02422
0 0.56693 0.56797 0.01823 0.01562
0 0.54531 0.56797 0.01875 0.01719
0 0.52838 0.56992 0.01719 0.01328
0 0.50651 0.56563 0.02135 0.01562
0 0.06406 0.47969 0.03021 0.04531
0 0.07187 0.55313 0.01875 0.06875
0 0.08776 0.56836 0.02135 0.02734
0 0.09010 0.54023 0.02500 0.02422
0 0.13099 0.55156 0.01927 0.02188
0 0.10781 0.55195 0.01875 0.03672
0 0.08464 0.50547 0.02448 0.04844
0 0.11849 0.51875 0.03906 0.04688
0 0.10859 0.48047 0.03177 0.04062
0 0.28099 0.54883 0.02031 0.02109
0 0.25964 0.54805 0.02240 0.01797
0 0.23594 0.54883 0.02396 0.01797
0 0.21016 0.54375 0.02552 0.01562
0 0.27995 0.52422 0.02344 0.03906
0 0.25547 0.52422 0.02344 0.03906
0 0.23203 0.52266 0.02760 0.04063
0 0.20755 0.52031 0.02448 0.04063
0 0.18151 0.52109 0.02760 0.03750
0 0.14557 0.50625 0.04740 0.06406
0 0.13281 0.48555 0.02813 0.05391
0 0.15573 0.47773 0.02396 0.05703
0 0.17630 0.47930 0.02552 0.05703
0 0.19922 0.47539 0.02031 0.05234
0 0.21823 0.47852 0.02292 0.05547
0 0.24062 0.47695 0.02396 0.05234
0 0.26094 0.47617 0.02083 0.05391
0 0.28307 0.47617 0.02552 0.06016
0 0.28490 0.41758 0.02396 0.06328
0 0.26276 0.42109 0.02240 0.05937
0 0.24089 0.41992 0.02031 0.06016
0 0.22057 0.42461 0.02240 0.05859
0 0.19688 0.42305 0.02292 0.05547
0 0.18047 0.41797 0.02344 0.05938
0 0.16120 0.42266 0.02135 0.05781
0 0.13906 0.42930 0.01979 0.06172
0 0.11510 0.42930 0.02917 0.05234
0 0.08516 0.43633 0.02760 0.05859
0 0.59583 0.39531 0.01875 0.04687
0 0.57630 0.39570 0.02344 0.05234
0 0.55391 0.39570 0.02240 0.05391
0 0.53411 0.39922 0.02240 0.05156
0 0.51432 0.40195 0.02135 0.05547
0 0.49219 0.39883 0.02500 0.05703
0 0.46875 0.39961 0.01771 0.05234
0 0.44792 0.40352 0.02187 0.05547
0 0.42760 0.40781 0.02083 0.05312
0 0.40781 0.40586 0.02187 0.05703
0 0.38437 0.40312 0.02292 0.05625
0 0.36589 0.40625 0.01927 0.05469
0 0.34479 0.40469 0.02292 0.06250
0 0.32266 0.41406 0.02031 0.05781
0 0.30313 0.41719 0.01979 0.05938
0 0.57552 0.54453 0.01979 0.03750
0 0.55677 0.54492 0.02187 0.03984
0 0.53646 0.54531 0.01979 0.03594
0 0.51901 0.54883 0.01510 0.03672
0 0.50000 0.54805 0.02292 0.03359
0 0.47787 0.54883 0.02344 0.02891
0 0.45755 0.54766 0.01823 0.03281
0 0.43958 0.54648 0.02083 0.03047
0 0.41927 0.54805 0.02187 0.03516
0 0.39818 0.54844 0.02031 0.03281
0 0.37656 0.54922 0.02292 0.02969
0 0.35521 0.54531 0.02187 0.02812
0 0.33073 0.54648 0.02604 0.02734
0 0.30547 0.54766 0.02448 0.02188
0 0.60234 0.49375 0.02240 0.05000
0 0.58281 0.49727 0.01771 0.05391
0 0.56406 0.50039 0.02292 0.05391
0 0.54193 0.50391 0.02031 0.05469
0 0.52057 0.50625 0.02344 0.05312
0 0.49792 0.51172 0.01979 0.05469
0 0.47682 0.51094 0.02135 0.05312
0 0.45651 0.50742 0.02135 0.05078
0 0.43776 0.51406 0.02031 0.04375
0 0.41589 0.51289 0.01927 0.04766
0 0.39583 0.51445 0.02187 0.04453
0 0.37474 0.51602 0.02135 0.04766
0 0.35365 0.51797 0.02396 0.04063
0 0.32969 0.51562 0.02292 0.03750
0 0.30391 0.52188 0.02865 0.03906
0 0.59323 0.44492 0.02188 0.06016
0 0.57135 0.44844 0.02292 0.05781
0 0.55052 0.45352 0.02188 0.06016
0 0.53021 0.45234 0.02396 0.05938
0 0.50911 0.45703 0.02240 0.06094
0 0.48932 0.46133 0.02344 0.06016
0 0.46667 0.45664 0.01979 0.05859
0 0.44453 0.46016 0.02031 0.05781
0 0.42422 0.46367 0.02135 0.06016
0 0.40365 0.46523 0.01979 0.06172
0 0.38307 0.46328 0.02344 0.06406
0 0.36172 0.46680 0.02240 0.06484
0 0.34010 0.46953 0.02292 0.06562
0 0.32057 0.47539 0.01927 0.05859
0 0.30286 0.47891 0.02135 0.06094
0 0.19453 0.57148 0.01615 0.02422
0 0.17109 0.56992 0.02760 0.02266
0 0.14870 0.56875 0.02031 0.02812
0 0.12891 0.57578 0.02344 0.03125
0 0.10365 0.58594 0.03750 0.03281
0 0.05677 0.59922 0.03646 0.02812
0 0.82812 0.78594 0.02500 0.03906
0 0.80287 0.79844 0.02656 0.04687
0 0.77552 0.81719 0.02708 0.01250
0 0.77943 0.79883 0.02344 0.03203
0 0.75339 0.80781 0.02552 0.03281
0 0.74193 0.77656 0.02865 0.04219
0 0.72682 0.82148 0.01927 0.01484
0 0.72812 0.80586 0.02604 0.03047
0 0.71537 0.77852 0.02656 0.03672
0 0.68854 0.78164 0.02604 0.03672
0 0.70312 0.80742 0.02500 0.03828
0 0.67917 0.82031 0.01667 0.01094
0 0.68021 0.80039 0.02396 0.03203
0 0.65729 0.81133 0.02188 0.02891
0 0.63464 0.81328 0.01927 0.02500
0 0.65208 0.78984 0.02917 0.03594
0 0.42865 0.81602 0.02083 0.01953
0 0.40495 0.81875 0.02344 0.02344
0 0.38047 0.81836 0.02448 0.02109
0 0.38880 0.80234 0.02240 0.02500
0 0.41328 0.80000 0.02656 0.02969
0 0.62630 0.78750 0.02552 0.04063
0 0.61172 0.81602 0.02552 0.02578
0 0.58724 0.81367 0.02344 0.03047
0 0.56458 0.81289 0.02292 0.02734
0 0.54088 0.81367 0.02344 0.02266
0 0.51849 0.81406 0.02135 0.02344
0 0.49583 0.81172 0.02187 0.02344
0 0.47266 0.80781 0.02240 0.02812
0 0.45130 0.81289 0.02031 0.02734
0 0.44297 0.79922 0.03281 0.03594
0 0.60260 0.78359 0.02292 0.04219
0 0.57787 0.78867 0.02656 0.03359
0 0.55417 0.78984 0.02292 0.02969
0 0.52969 0.79297 0.02604 0.02969
0 0.50547 0.79023 0.02240 0.03359
0 0.47891 0.78555 0.03073 0.03516
0 0.71797 0.73984 0.02552 0.04531
0 0.69505 0.74414 0.02656 0.05078
0 0.67083 0.75391 0.02500 0.04844
0 0.64609 0.74805 0.03073 0.04922
0 0.61484 0.75117 0.02760 0.03984
0 0.58177 0.75156 0.03125 0.04531
0 0.55286 0.75508 0.02760 0.04609
0 0.52578 0.75820 0.02865 0.04141
0 0.49870 0.75430 0.02760 0.03828
0 0.46484 0.76055 0.02552 0.03828
0 0.43698 0.76562 0.02396 0.03750
0 0.85651 0.66680 0.02656 0.04297
0 0.84193 0.62734 0.02135 0.03281
0 0.81849 0.61367 0.02760 0.01953
0 0.71927 0.59297 0.01979 0.01562
0 0.74219 0.59805 0.02187 0.01172
0 0.76615 0.59961 0.02292 0.01641
0 0.79089 0.61523 0.02760 0.02891
0 0.76667 0.61680 0.02500 0.02891
0 0.74193 0.61563 0.02552 0.02812
0 0.71849 0.61523 0.02552 0.03047
0 0.81537 0.63594 0.03281 0.03594
0 0.78438 0.63984 0.02500 0.03437
0 0.75625 0.64688 0.02708 0.04063
0 0.73125 0.64492 0.02500 0.04141
0 0.28490 0.56797 0.01771 0.02031
0 0.26146 0.57031 0.01979 0.02187
0 0.23932 0.57383 0.02135 0.02891
0 0.21536 0.57461 0.02656 0.02578
0 0.39141 0.58594 0.02135 0.03125
0 0.69844 0.59570 0.02292 0.01953
0 0.67474 0.59570 0.02552 0.02266
0 0.64922 0.59375 0.02031 0.02031
0 0.62708 0.59258 0.02188 0.02422
0 0.60338 0.58867 0.02135 0.01953
0 0.58047 0.59062 0.02448 0.01719
0 0.55651 0.58906 0.02240 0.02031
0 0.53490 0.58672 0.02188 0.02187
0 0.51042 0.58711 0.02396 0.02109
0 0.48594 0.58828 0.02396 0.02500
0 0.46172 0.58789 0.02552 0.02734
0 0.43802 0.59062 0.02187 0.03750
0 0.41328 0.59062 0.02552 0.03281
0 0.70807 0.64766 0.02448 0.04531
0 0.69453 0.61602 0.02240 0.03047
0 0.66979 0.61719 0.02188 0.02969
0 0.64662 0.61836 0.02344 0.03359
0 0.62526 0.62031 0.02135 0.03906
0 0.60260 0.61484 0.02500 0.04063
0 0.57917 0.61680 0.02500 0.03828
0 0.55495 0.61602 0.02552 0.04453
0 0.53073 0.61445 0.02396 0.03984
0 0.50547 0.61484 0.02865 0.03594
0 0.47734 0.61797 0.02240 0.04688
0 0.68281 0.64883 0.02396 0.05078
0 0.65964 0.65430 0.02760 0.05078
0 0.63646 0.65742 0.02396 0.04609
0 0.61146 0.65586 0.02396 0.04922
0 0.58854 0.65195 0.02292 0.04766
0 0.56510 0.65313 0.02604 0.05000
0 0.53906 0.65430 0.02187 0.04766
0 0.51562 0.65664 0.02292 0.04766
0 0.48880 0.65508 0.02656 0.05547
0 0.83073 0.66406 0.02604 0.04219
0 0.80417 0.67109 0.03021 0.04375
0 0.77839 0.68242 0.02656 0.06016
0 0.75599 0.69180 0.02552 0.05547
0 0.73151 0.69492 0.02969 0.05547
0 0.70443 0.69297 0.02656 0.06094
0 0.68021 0.70234 0.02917 0.05781
0 0.65469 0.70742 0.02813 0.05703
0 0.63073 0.70352 0.02187 0.05703
0 0.60963 0.70742 0.02240 0.05234
0 0.58906 0.70273 0.02917 0.05078
0 0.56484 0.70625 0.02656 0.05781
0 0.53958 0.70664 0.02604 0.05859
0 0.51432 0.71094 0.02344 0.05469
0 0.49219 0.71172 0.02708 0.06094
0 0.46667 0.71055 0.02500 0.06797
0 0.44401 0.72031 0.02344 0.06094
0 0.45052 0.66328 0.03229 0.05312
0 0.45182 0.62109 0.02552 0.03906
0 0.41849 0.62305 0.02760 0.04297
0 0.41250 0.76797 0.02604 0.04688
0 0.42188 0.71992 0.02500 0.05859
0 0.40000 0.71914 0.02187 0.06953
0 0.41849 0.66484 0.03385 0.05625
0 0.39037 0.62617 0.02865 0.05391
0 0.36823 0.59102 0.02292 0.03828
0 0.34375 0.59219 0.02604 0.03906
0 0.31849 0.59453 0.02656 0.04062
0 0.29297 0.59062 0.02760 0.04531
0 0.26901 0.59297 0.02240 0.04688
0 0.24375 0.59844 0.02917 0.05000
0 0.21745 0.60547 0.02656 0.04688
0 0.18099 0.59375 0.03698 0.03750
0 0.14896 0.60312 0.03125 0.04219
0 0.03333 0.63945 0.01667 0.04922
0 0.05521 0.63008 0.02500 0.05703
0 0.38750 0.76953 0.02604 0.04688
0 0.35443 0.81211 0.02865 0.02422
0 0.36276 0.80195 0.02969 0.02266
0 0.36198 0.77305 0.02500 0.03984
0 0.33906 0.77422 0.02083 0.04688
0 0.37448 0.72695 0.02812 0.05078
0 0.34922 0.73086 0.02344 0.05234
0 0.37865 0.67617 0.03542 0.04609
0 0.34896 0.67891 0.02500 0.05312
0 0.36354 0.63242 0.03021 0.05547
0 0.33906 0.63320 0.02187 0.05234
0 0.31615 0.63672 0.02396 0.05313
0 0.29089 0.63477 0.02344 0.05078
0 0.26172 0.63672 0.02969 0.05625
0 0.23307 0.64492 0.02760 0.04609
0 0.20391 0.64141 0.03177 0.05156
0 0.17786 0.63359 0.02552 0.06094
0 0.15338 0.64766 0.03177 0.05000
0 0.13021 0.63672 0.02396 0.04844
0 0.11042 0.62461 0.02604 0.05859
0 0.08281 0.62617 0.03333 0.04766
0 0.02865 0.69375 0.01979 0.05469
0 0.32500 0.68125 0.02604 0.05312
0 0.29922 0.68164 0.02865 0.05234
0 0.27240 0.68164 0.02708 0.05547
0 0.24557 0.69336 0.03177 0.05859
0 0.21094 0.69414 0.02813 0.05547
0 0.18177 0.69375 0.03125 0.05469
0 0.15495 0.69453 0.02448 0.04531
0 0.12812 0.68594 0.02500 0.05156
0 0.10521 0.67930 0.03438 0.05078
0 0.07552 0.67734 0.02812 0.05469
0 0.04922 0.68398 0.02448 0.04922
0 0.32396 0.73320 0.02708 0.05547
0 0.29792 0.73359 0.02708 0.05156
0 0.27213 0.73633 0.02552 0.05391
0 0.32240 0.80508 0.03542 0.02422
0 0.31589 0.77500 0.02656 0.04375
0 0.29323 0.80547 0.02708 0.02031
0 0.29089 0.77812 0.02552 0.03750
0 0.26901 0.78047 0.02865 0.03437
0 0.26693 0.80898 0.03177 0.02578
0 0.24115 0.80977 0.02083 0.02422
0 0.21797 0.80820 0.02240 0.01641
0 0.23984 0.78047 0.03177 0.03906
0 0.25052 0.74180 0.02708 0.04609
0 0.22656 0.74141 0.02708 0.05781
0 0.20625 0.74844 0.02813 0.05625
0 0.20833 0.79219 0.03438 0.03125
0 0.18021 0.79648 0.03333 0.03203
0 0.18099 0.75195 0.03490 0.05547
0 0.11563 0.73477 0.02813 0.05703
0 0.14271 0.73672 0.03021 0.05937
0 0.16615 0.77148 0.03333 0.04766
0 0.14375 0.78438 0.02500 0.04062
0 0.12083 0.78203 0.02188 0.03750
0 0.09844 0.78359 0.02812 0.04375
0 0.05365 0.79336 0.02708 0.01641
0 0.06719 0.78125 0.02812 0.03750
0 0.08932 0.73633 0.02656 0.05234
0 0.06276 0.72852 0.02969 0.05078
0 0.03333 0.75508 0.02396 0.03516
