0 0.92746 0.47200 0.01602 0.02714
0 0.91923 0.44140 0.01083 0.02714
0 0.89931 0.41686 0.02295 0.01732
0 0.86877 0.54301 0.01906 0.01905
0 0.85318 0.54619 0.01992 0.02309
0 0.83434 0.54965 0.02295 0.02771
0 0.81680 0.55283 0.01732 0.03176
0 0.80121 0.55803 0.02165 0.02829
0 0.78237 0.56236 0.01862 0.02194
0 0.76657 0.56351 0.01473 0.01963
0 0.92356 0.50144 0.00736 0.02483
0 0.91750 0.50144 0.01256 0.03291
0 0.90689 0.51443 0.01299 0.02194
0 0.89303 0.51992 0.01906 0.02945
0 0.87938 0.51963 0.01689 0.03118
0 0.86574 0.52050 0.01906 0.03291
0 0.84820 0.52483 0.02122 0.03118
0 0.83196 0.52021 0.02252 0.03580
0 0.81269 0.53233 0.02209 0.03118
0 0.91555 0.47200 0.01646 0.02598
0 0.90537 0.49134 0.02469 0.03464
0 0.89000 0.49221 0.01906 0.03522
0 0.87332 0.49134 0.02295 0.03233
0 0.84864 0.49221 0.03595 0.03753
0 0.82200 0.50144 0.02165 0.03406
0 0.80338 0.50895 0.02512 0.03637
0 0.79363 0.53839 0.02209 0.03522
0 0.77350 0.54561 0.01992 0.03233
0 0.78670 0.51645 0.02209 0.03406
0 0.90624 0.43793 0.02295 0.02714
0 0.90277 0.45785 0.02469 0.03695
0 0.88696 0.46132 0.02685 0.03695
0 0.86574 0.46160 0.02599 0.03637
0 0.84907 0.46103 0.02036 0.03291
0 0.83218 0.47055 0.02122 0.03926
0 0.81312 0.47517 0.02469 0.03580
0 0.79580 0.48066 0.02469 0.04099
0 0.77848 0.48152 0.01862 0.04157
0 0.75227 0.56640 0.01992 0.02079
0 0.73278 0.56928 0.01906 0.02540
0 0.71849 0.56784 0.01732 0.01674
0 0.70117 0.56986 0.01992 0.01963
0 0.68449 0.57188 0.02036 0.01674
0 0.75574 0.54561 0.01906 0.03118
0 0.73776 0.54936 0.01949 0.02829
0 0.71936 0.55167 0.01819 0.02714
0 0.70225 0.55312 0.01776 0.02887
0 0.68666 0.55485 0.01776 0.02771
0 0.66457 0.57766 0.02036 0.01905
0 0.64530 0.57535 0.01906 0.01674
0 0.62819 0.57419 0.01689 0.01905
0 0.61304 0.57246 0.01862 0.02252
0 0.59745 0.57390 0.01689 0.01848
0 0.58099 0.57939 0.01776 0.01674
0 0.56150 0.58487 0.02122 0.01617
0 0.66674 0.56005 0.02382 0.03002
0 0.64617 0.55831 0.02165 0.03002
0 0.62451 0.56178 0.02339 0.01963
0 0.60611 0.55860 0.01516 0.01790
0 0.58813 0.56467 0.02252 0.02079
0 0.56735 0.57044 0.02165 0.02425
0 0.76895 0.51732 0.02209 0.03580
0 0.75097 0.51905 0.02252 0.03580
0 0.73430 0.52050 0.01602 0.03753
0 0.71849 0.52338 0.02165 0.04215
0 0.69987 0.52598 0.02252 0.03926
0 0.67973 0.53291 0.02209 0.03811
0 0.65938 0.53753 0.02036 0.03118
0 0.63945 0.54013 0.02036 0.03060
0 0.61932 0.54388 0.02252 0.03233
0 0.59766 0.54301 0.02425 0.03291
0 0.57579 0.54532 0.02382 0.03522
0 0.54309 0.58487 0.01819 0.01386
0 0.52728 0.58170 0.01689 0.01212
0 0.54612 0.57246 0.02165 0.02714
0 0.49675 0.57448 0.01559 0.02656
0 0.47748 0.58199 0.01776 0.01848
0 0.45972 0.58487 0.01949 0.01270
0 0.44262 0.58112 0.01559 0.01328
0 0.42572 0.58372 0.01819 0.02656
0 0.40689 0.59122 0.01949 0.01963
0 0.38848 0.59036 0.01906 0.01905
0 0.51234 0.57852 0.01992 0.01617
0 0.52967 0.56871 0.01992 0.02079
0 0.55392 0.55572 0.02252 0.02829
0 0.50931 0.56207 0.03205 0.02021
0 0.48094 0.56986 0.02815 0.02771
0 0.45929 0.57246 0.02382 0.02945
0 0.43742 0.57246 0.02252 0.02367
0 0.41533 0.57506 0.02252 0.02656
0 0.39476 0.57708 0.02209 0.02714
0 0.75899 0.48239 0.02555 0.04330
0 0.74296 0.48730 0.02122 0.04042
0 0.72391 0.48643 0.02555 0.04099
0 0.70767 0.49249 0.02339 0.03926
0 0.68796 0.49942 0.02555 0.03926
0 0.66955 0.50231 0.02599 0.04388
0 0.64942 0.50751 0.02122 0.04157
0 0.63058 0.51010 0.02512 0.04677
0 0.61130 0.51155 0.02036 0.04503
0 0.59420 0.51097 0.01992 0.04042
0 0.57428 0.51357 0.02339 0.04677
0 0.53638 0.53695 0.02728 0.04850
0 0.55305 0.52454 0.02772 0.04099
0 0.51841 0.53233 0.02512 0.04850
0 0.50022 0.53551 0.01732 0.03984
0 0.48073 0.54244 0.02252 0.04215
0 0.46081 0.54417 0.01906 0.03984
0 0.44348 0.54561 0.02339 0.04042
0 0.41945 0.55081 0.02555 0.03926
0 0.39584 0.55139 0.02425 0.04157
0 0.80143 0.37731 0.01429 0.00982
0 0.78735 0.37529 0.01819 0.01155
0 0.77220 0.37298 0.01472 0.01617
0 0.75725 0.37154 0.02122 0.01328
0 0.84993 0.39232 0.02209 0.01212
0 0.83066 0.39030 0.02252 0.01848
0 0.81442 0.39203 0.02036 0.02309
0 0.79861 0.39117 0.01992 0.02483
0 0.78519 0.39290 0.01906 0.02945
0 0.76895 0.39174 0.02122 0.03291
0 0.87873 0.40531 0.02165 0.02540
0 0.88545 0.42956 0.02469 0.02887
0 0.86055 0.40445 0.02512 0.02483
0 0.84604 0.40762 0.02209 0.02194
0 0.83110 0.41080 0.02252 0.02367
0 0.81572 0.41426 0.02295 0.02483
0 0.80078 0.41570 0.02252 0.03002
0 0.78237 0.41744 0.02295 0.03002
0 0.86856 0.43129 0.02728 0.03464
0 0.84669 0.43129 0.03032 0.03349
0 0.82936 0.43966 0.02685 0.03868
0 0.81507 0.44226 0.02599 0.03233
0 0.79840 0.44457 0.02728 0.03580
0 0.78302 0.44659 0.02165 0.03406
0 0.76743 0.44804 0.01906 0.03580
0 0.57168 0.35624 0.01559 0.00577
0 0.55544 0.35479 0.02036 0.01097
0 0.52577 0.34960 0.00866 0.00635
0 0.53530 0.35508 0.01992 0.01617
0 0.51516 0.35335 0.02382 0.01039
0 0.73993 0.37269 0.01083 0.01674
0 0.70832 0.36057 0.01689 0.00982
0 0.69576 0.36287 0.01343 0.00982
0 0.68103 0.36287 0.01862 0.01443
0 0.66631 0.36085 0.01602 0.01386
0 0.64855 0.35826 0.02469 0.01674
0 0.62928 0.35854 0.01732 0.01617
0 0.61087 0.36143 0.02209 0.01732
0 0.59030 0.36259 0.02685 0.01848
0 0.57146 0.36576 0.02122 0.01790
0 0.55154 0.36836 0.02555 0.02540
0 0.53053 0.36894 0.01906 0.02656
0 0.51407 0.36952 0.02079 0.03233
0 0.49545 0.35306 0.01732 0.01674
0 0.47726 0.35133 0.02252 0.01790
0 0.44608 0.34382 0.01213 0.01097
0 0.45691 0.35190 0.02339 0.01674
0 0.42529 0.34180 0.01213 0.01039
0 0.43547 0.35017 0.02036 0.02136
0 0.40927 0.34584 0.02079 0.02656
0 0.41576 0.35046 0.02079 0.01963
0 0.39130 0.34555 0.01169 0.02367
0 0.39779 0.34815 0.01862 0.02079
0 0.37592 0.34007 0.01213 0.02309
0 0.35773 0.32939 0.01213 0.00982
0 0.33868 0.32708 0.01299 0.00866
0 0.38025 0.34382 0.01732 0.02021
0 0.36509 0.34093 0.01906 0.02483
0 0.34712 0.34007 0.01949 0.02656
0 0.32287 0.33458 0.01169 0.02367
0 0.32936 0.33776 0.02122 0.02309
0 0.31312 0.33112 0.01819 0.02252
0 0.49350 0.36980 0.02295 0.03406
0 0.47293 0.37356 0.02165 0.03580
0 0.45301 0.37211 0.02252 0.03522
0 0.43244 0.37154 0.02122 0.03522
0 0.41295 0.37413 0.02382 0.03926
0 0.39627 0.36894 0.01732 0.03464
0 0.37895 0.36721 0.01992 0.03349
0 0.36120 0.36287 0.01819 0.02945
0 0.34474 0.36230 0.01732 0.03522
0 0.32655 0.36057 0.02165 0.03522
0 0.30879 0.35595 0.01906 0.04099
0 0.29515 0.33343 0.01689 0.02483
0 0.26743 0.31928 0.02036 0.01155
0 0.27804 0.33112 0.01906 0.02367
0 0.25942 0.33170 0.02339 0.02945
0 0.24469 0.32448 0.01646 0.02540
0 0.22780 0.32073 0.02339 0.02714
0 0.20528 0.32217 0.02599 0.02887
0 0.18536 0.32188 0.02165 0.02714
0 0.75032 0.39001 0.02295 0.03406
0 0.72607 0.36923 0.02382 0.02136
0 0.71070 0.37356 0.01992 0.01963
0 0.69640 0.37529 0.02079 0.01963
0 0.68233 0.37673 0.01689 0.02021
0 0.66695 0.37471 0.01992 0.02425
0 0.64833 0.37558 0.02685 0.02829
0 0.62928 0.37846 0.02339 0.02945
0 0.61130 0.38077 0.02122 0.02945
0 0.59160 0.38337 0.02339 0.03580
0 0.57146 0.38684 0.02815 0.03464
0 0.54612 0.39117 0.03118 0.03291
0 0.52707 0.39810 0.02425 0.03406
0 0.50563 0.39752 0.02815 0.03753
0 0.48419 0.40185 0.02425 0.03811
0 0.46427 0.40242 0.02425 0.03580
0 0.44088 0.40300 0.02945 0.04273
0 0.41706 0.40416 0.02599 0.03926
0 0.38956 0.39838 0.03075 0.04157
0 0.36250 0.39838 0.02858 0.04619
0 0.33803 0.39261 0.02555 0.04273
0 0.73019 0.39001 0.02252 0.02945
0 0.71503 0.39348 0.01992 0.02483
0 0.69857 0.39550 0.02165 0.02887
0 0.68601 0.39636 0.01992 0.02367
0 0.67280 0.39896 0.02036 0.03002
0 0.65591 0.39925 0.02469 0.03291
0 0.63686 0.40704 0.02642 0.04042
0 0.61520 0.40762 0.02642 0.03695
0 0.59636 0.41051 0.02339 0.03233
0 0.57536 0.41542 0.02295 0.03868
0 0.55803 0.42090 0.02209 0.03926
0 0.53811 0.42408 0.02555 0.04446
0 0.51927 0.43129 0.02252 0.04042
0 0.49870 0.43331 0.02642 0.04446
0 0.47921 0.43822 0.02036 0.04388
0 0.45951 0.43678 0.02339 0.04677
0 0.43893 0.43851 0.02209 0.04215
0 0.41966 0.43822 0.02079 0.04273
0 0.40126 0.43764 0.02036 0.04503
0 0.75032 0.44977 0.02469 0.04042
0 0.73127 0.45266 0.02642 0.04157
0 0.71243 0.45439 0.02512 0.03695
0 0.69900 0.46132 0.02599 0.04273
0 0.67930 0.46247 0.02555 0.04042
0 0.65959 0.46853 0.02772 0.04215
0 0.63924 0.47142 0.02599 0.04215
0 0.61758 0.47604 0.03032 0.03637
0 0.59181 0.47835 0.02815 0.03176
0 0.56410 0.48730 0.02815 0.03464
0 0.54288 0.49711 0.02555 0.04157
0 0.51949 0.49942 0.02815 0.03811
0 0.49372 0.50635 0.02772 0.04157
0 0.47077 0.50981 0.02599 0.04157
0 0.45020 0.51068 0.02469 0.04099
0 0.43027 0.51530 0.02036 0.03868
0 0.41273 0.51963 0.02165 0.03926
0 0.39368 0.51674 0.01992 0.03926
0 0.76202 0.41859 0.02642 0.03002
0 0.73733 0.41801 0.02902 0.03464
0 0.71351 0.41917 0.02902 0.03811
0 0.69164 0.42754 0.02772 0.04099
0 0.66934 0.43014 0.02642 0.04042
0 0.64833 0.43303 0.02425 0.04157
0 0.62819 0.44053 0.02122 0.03811
0 0.61130 0.44342 0.02469 0.04388
0 0.59160 0.44457 0.02425 0.04388
0 0.57059 0.45121 0.02555 0.04446
0 0.55132 0.45699 0.02252 0.04330
0 0.53205 0.46276 0.02469 0.04561
0 0.51256 0.46738 0.02382 0.04446
0 0.49264 0.46969 0.02209 0.04215
0 0.47423 0.47344 0.02339 0.04503
0 0.45301 0.47488 0.02599 0.04792
0 0.43222 0.47662 0.02339 0.04561
0 0.41208 0.47893 0.02382 0.05139
0 0.39303 0.47777 0.02036 0.05023
0 0.37159 0.59382 0.01472 0.01443
0 0.35102 0.59411 0.01602 0.01732
0 0.33564 0.59555 0.01559 0.01443
0 0.26570 0.59960 0.01083 0.00866
0 0.29796 0.59844 0.00693 0.00982
0 0.27956 0.59988 0.00996 0.01270
0 0.26960 0.58689 0.01862 0.02945
0 0.28714 0.59065 0.01906 0.03118
0 0.30663 0.58834 0.02339 0.03349
0 0.32352 0.58256 0.01732 0.03002
0 0.33997 0.57823 0.01906 0.03060
0 0.35838 0.58430 0.02036 0.02771
0 0.37527 0.57823 0.02122 0.02598
0 0.37419 0.55427 0.02252 0.03464
0 0.35383 0.55745 0.02512 0.03406
0 0.33369 0.56120 0.02209 0.03811
0 0.31226 0.56120 0.02165 0.04042
0 0.27241 0.55918 0.02252 0.04215
0 0.29147 0.55947 0.02165 0.03926
0 0.37679 0.52078 0.02685 0.04619
0 0.35557 0.52425 0.02425 0.04388
0 0.33651 0.52714 0.02079 0.04157
0 0.31832 0.52916 0.02165 0.04446
0 0.29796 0.52656 0.02079 0.04503
0 0.27869 0.52425 0.02122 0.04157
0 0.26072 0.52685 0.02165 0.05023
0 0.24145 0.52656 0.02036 0.03926
0 0.37484 0.47719 0.02036 0.05139
0 0.35470 0.47922 0.02685 0.05196
0 0.33564 0.48470 0.02165 0.05139
0 0.31615 0.48701 0.01906 0.05139
0 0.29775 0.48643 0.02122 0.05023
0 0.27848 0.48268 0.02165 0.04965
0 0.25877 0.47893 0.02209 0.04908
0 0.24188 0.48586 0.02555 0.05139
0 0.38242 0.43418 0.02425 0.04619
0 0.36271 0.43620 0.02036 0.04561
0 0.34322 0.43533 0.02555 0.04965
0 0.32785 0.44890 0.02339 0.03984
0 0.32222 0.41426 0.02858 0.03637
0 0.31464 0.38972 0.02642 0.03926
0 0.29233 0.36172 0.01906 0.04330
0 0.27501 0.35999 0.01992 0.04330
0 0.25444 0.35797 0.02469 0.05081
0 0.23625 0.35277 0.01602 0.04388
0 0.21893 0.34440 0.02209 0.04446
0 0.19900 0.35248 0.02209 0.04330
0 0.17930 0.34988 0.02425 0.04503
0 0.19684 0.39117 0.02469 0.05139
0 0.21979 0.39088 0.02469 0.05658
0 0.23517 0.39867 0.02425 0.05139
0 0.25444 0.40358 0.02295 0.04965
0 0.27588 0.39752 0.02252 0.04908
0 0.29688 0.40012 0.02642 0.04388
0 0.30814 0.44342 0.02295 0.04965
0 0.28670 0.43880 0.02512 0.04850
0 0.26743 0.44486 0.02122 0.02714
0 0.26657 0.42523 0.02209 0.02598
0 0.24946 0.44255 0.01992 0.04561
0 0.22737 0.44197 0.02772 0.05139
0 0.21070 0.42927 0.02728 0.03291
0 0.21200 0.41339 0.02036 0.02771
0 0.18861 0.42927 0.02209 0.04099
0 0.17280 0.38857 0.02772 0.04965
0 0.13123 0.32708 0.03291 0.02598
0 0.13447 0.33141 0.03248 0.02540
0 0.16371 0.32102 0.02425 0.02540
0 0.15613 0.33920 0.03248 0.03176
0 0.10979 0.35450 0.01949 0.03349
0 0.13014 0.35537 0.03162 0.03060
0 0.10524 0.38568 0.02252 0.04619
0 0.10199 0.42436 0.01689 0.04734
0 0.15331 0.37096 0.03465 0.03753
0 0.12473 0.38943 0.03551 0.04446
0 0.24924 0.56438 0.02642 0.03868
0 0.24188 0.59902 0.02642 0.02136
0 0.25032 0.59093 0.02165 0.02483
0 0.23452 0.57881 0.02469 0.02367
0 0.22001 0.59440 0.01992 0.02483
0 0.19944 0.59469 0.02469 0.02771
0 0.21221 0.57650 0.02165 0.03291
0 0.21633 0.55427 0.02555 0.02771
0 0.22715 0.53637 0.02122 0.03233
0 0.21871 0.49105 0.02599 0.04908
0 0.20377 0.46969 0.02815 0.05485
0 0.19705 0.50981 0.03638 0.04965
0 0.19272 0.55196 0.02599 0.04273
0 0.15266 0.58458 0.02122 0.01905
0 0.17475 0.59065 0.02728 0.02079
0 0.18948 0.57881 0.02555 0.02483
0 0.17020 0.56957 0.02858 0.02714
0 0.14595 0.56149 0.02339 0.03176
0 0.12906 0.57390 0.02425 0.02656
0 0.09961 0.53493 0.00866 0.03406
0 0.10892 0.55110 0.02209 0.03753
0 0.11087 0.53378 0.01732 0.03060
0 0.10957 0.51010 0.03032 0.02598
0 0.12863 0.54186 0.02685 0.04330
0 0.14573 0.52858 0.02642 0.03868
0 0.17020 0.53378 0.02685 0.04215
0 0.16977 0.49884 0.03118 0.04157
0 0.17887 0.46420 0.02858 0.04273
0 0.16436 0.42927 0.03075 0.04446
0 0.15093 0.47055 0.03335 0.04503
0 0.13707 0.49827 0.03595 0.04850
0 0.11260 0.48528 0.03291 0.03637
0 0.11152 0.45728 0.02555 0.03118
0 0.14790 0.41022 0.03595 0.04792
0 0.13534 0.45266 0.03595 0.04388
0 0.11823 0.42812 0.03118 0.04330
