0 0.41953 0.40234 0.03177 0.02187
0 0.44271 0.38906 0.02917 0.02187
0 0.47318 0.38672 0.02760 0.02031
0 0.44766 0.39687 0.02552 0.02031
0 0.49766 0.38008 0.02031 0.01328
0 0.52630 0.37813 0.02240 0.02187
0 0.51224 0.38711 0.02344 0.02422
0 0.47292 0.39414 0.02083 0.02109
0 0.49297 0.39297 0.01719 0.01875
0 0.54948 0.37344 0.02083 0.01875
0 0.53594 0.38398 0.02083 0.01953
0 0.57083 0.37148 0.02187 0.02109
0 0.55651 0.38398 0.02344 0.01797
0 0.58646 0.37422 0.01042 0.01250
0 0.57734 0.38438 0.02031 0.01875
0 0.59219 0.38711 0.01250 0.01641
0 0.74505 0.69180 0.01406 0.03047
0 0.81406 0.73828 0.02188 0.03281
0 0.79323 0.73555 0.02292 0.03359
0 0.77318 0.73594 0.02031 0.03125
0 0.75078 0.73008 0.01823 0.02578
0 0.72708 0.73164 0.01979 0.03828
0 0.70781 0.72969 0.01562 0.03281
0 0.66536 0.73906 0.01823 0.01562
0 0.68724 0.73984 0.02240 0.02656
0 0.69115 0.72734 0.02292 0.03750
0 0.66953 0.72266 0.02240 0.03750
0 0.69922 0.69063 0.02031 0.04062
0 0.63906 0.73594 0.02083 0.02031
0 0.61927 0.73398 0.01979 0.02578
0 0.59688 0.73438 0.02188 0.02969
0 0.57448 0.73281 0.02396 0.02969
0 0.53698 0.72539 0.01354 0.02266
0 0.55234 0.73086 0.01823 0.02266
0 0.64792 0.71836 0.02187 0.04453
0 0.62969 0.71563 0.01875 0.04219
0 0.60963 0.71250 0.02240 0.04844
0 0.58750 0.71094 0.02187 0.04375
0 0.56641 0.70664 0.02240 0.04609
0 0.54740 0.70664 0.02083 0.04141
0 0.42943 0.68359 0.02448 0.02969
0 0.40990 0.66523 0.02604 0.02422
0 0.45521 0.69687 0.02917 0.03750
0 0.43828 0.67070 0.02969 0.02891
0 0.46432 0.67305 0.02448 0.03047
0 0.52370 0.70703 0.02344 0.04844
0 0.50130 0.70312 0.02344 0.04375
0 0.47995 0.70312 0.02344 0.04062
0 0.48828 0.67227 0.02656 0.03828
0 0.51042 0.66680 0.02187 0.03672
0 0.53151 0.67344 0.02552 0.04062
0 0.55495 0.67578 0.02240 0.04062
0 0.57734 0.67773 0.02240 0.04453
0 0.59818 0.68125 0.01927 0.04375
0 0.61849 0.68398 0.02135 0.03672
0 0.65781 0.68984 0.02188 0.04219
0 0.63828 0.68711 0.02031 0.03672
0 0.46771 0.60820 0.02187 0.06016
0 0.48672 0.60430 0.02448 0.06328
0 0.50859 0.60430 0.02656 0.06797
0 0.53125 0.60430 0.02292 0.06797
0 0.54974 0.61055 0.02240 0.06172
0 0.56953 0.61250 0.02344 0.06094
0 0.59193 0.61328 0.02552 0.06406
0 0.61458 0.61211 0.02292 0.06641
0 0.63490 0.61680 0.02187 0.06328
0 0.65495 0.61641 0.02135 0.06563
0 0.67474 0.61953 0.02448 0.06719
0 0.44375 0.61133 0.02917 0.06016
0 0.39557 0.60586 0.02135 0.03516
0 0.41641 0.61289 0.02865 0.05547
0 0.38802 0.46406 0.02708 0.04844
0 0.41380 0.45352 0.02760 0.05547
0 0.43854 0.45156 0.02708 0.05938
0 0.46328 0.44805 0.02552 0.05859
0 0.48672 0.44180 0.02344 0.05391
0 0.50911 0.43906 0.02344 0.05312
0 0.53255 0.43945 0.02552 0.05859
0 0.55339 0.43789 0.02344 0.05859
0 0.61589 0.43828 0.02240 0.05469
0 0.57474 0.43867 0.02552 0.06016
0 0.59505 0.43828 0.02552 0.05938
0 0.42422 0.50273 0.03281 0.06172
0 0.45182 0.49961 0.02552 0.05859
0 0.47344 0.49531 0.03021 0.06406
0 0.49948 0.49219 0.02917 0.06875
0 0.51927 0.49023 0.02396 0.06484
0 0.54271 0.49531 0.02708 0.07031
0 0.56328 0.49688 0.02448 0.07344
0 0.58385 0.49297 0.02396 0.06875
0 0.60443 0.49375 0.02552 0.06875
0 0.64896 0.50117 0.02396 0.05547
0 0.62682 0.49180 0.02448 0.06797
0 0.37240 0.51094 0.02708 0.05938
0 0.39661 0.50391 0.03073 0.05781
0 0.37500 0.57070 0.02708 0.06328
0 0.39818 0.55820 0.02760 0.05703
0 0.42500 0.55859 0.03125 0.06094
0 0.45208 0.55547 0.02917 0.06250
0 0.47500 0.55430 0.02812 0.06328
0 0.49974 0.55156 0.02865 0.06406
0 0.52604 0.55117 0.02812 0.06016
0 0.55287 0.55547 0.02969 0.06250
0 0.57838 0.55547 0.02969 0.06406
0 0.60130 0.55820 0.02656 0.06797
0 0.62422 0.55742 0.02344 0.06953
0 0.64401 0.55977 0.02344 0.06953
0 0.66536 0.56133 0.02240 0.06328
0 0.91276 0.33477 0.02344 0.03203
0 0.93151 0.35313 0.02344 0.03438
0 0.94818 0.37148 0.02344 0.03516
0 0.96693 0.39141 0.01823 0.03750
0 0.99193 0.42227 0.01615 0.03828
0 0.98646 0.40625 0.02500 0.04531
0 0.78151 0.32109 0.02031 0.03125
0 0.79036 0.28906 0.02344 0.02656
0 0.80625 0.29531 0.02812 0.02969
0 0.81198 0.30312 0.02500 0.02812
0 0.83255 0.31133 0.03385 0.03672
0 0.84948 0.32070 0.03854 0.04297
0 0.86380 0.33320 0.03594 0.04297
0 0.87943 0.34805 0.03698 0.04297
0 0.89453 0.36250 0.03906 0.04531
0 0.91198 0.37773 0.03854 0.04453
0 0.92344 0.39453 0.03854 0.04375
0 0.93854 0.41328 0.03854 0.04531
0 0.94922 0.42813 0.03906 0.04063
0 0.96120 0.44844 0.03802 0.05313
0 0.97552 0.46406 0.04063 0.05313
0 0.98542 0.48242 0.02917 0.05391
0 0.99219 0.49883 0.01562 0.03984
0 0.79401 0.32773 0.02552 0.03672
0 0.80677 0.33828 0.03229 0.04375
0 0.82187 0.35195 0.03021 0.04609
0 0.83776 0.36875 0.03802 0.05312
0 0.85443 0.38125 0.03698 0.05312
0 0.86537 0.39922 0.03385 0.05469
0 0.88099 0.41172 0.03802 0.05625
0 0.89505 0.43086 0.04531 0.05391
0 0.90651 0.44922 0.04010 0.05313
0 0.92135 0.46250 0.04167 0.05312
0 0.93203 0.48242 0.04427 0.06016
0 0.94661 0.50508 0.04010 0.06016
0 0.96224 0.52109 0.04115 0.06094
0 0.97734 0.53750 0.03906 0.05625
0 0.98750 0.55234 0.02500 0.06719
0 0.99453 0.57969 0.01094 0.04375
0 0.80313 0.65352 0.02396 0.02266
0 0.79635 0.63633 0.01562 0.01953
0 0.78568 0.61367 0.02448 0.03672
0 0.79818 0.61094 0.01927 0.03750
0 0.81068 0.63789 0.01719 0.05391
0 0.82474 0.65820 0.01406 0.04297
0 0.83698 0.67773 0.01979 0.05234
0 0.84948 0.69492 0.01562 0.04922
0 0.86120 0.71133 0.02135 0.05078
0 0.87135 0.73398 0.02188 0.05703
0 0.88542 0.75664 0.01875 0.05234
0 0.89557 0.77695 0.01927 0.04922
0 0.90885 0.79805 0.01979 0.04766
0 0.92162 0.81367 0.01823 0.04766
0 0.93542 0.82969 0.01979 0.05625
0 0.95026 0.84414 0.02448 0.06016
0 0.96042 0.86563 0.02500 0.06094
0 0.97526 0.89102 0.02656 0.05547
0 0.98828 0.90820 0.02344 0.06016
0 0.99557 0.92656 0.00885 0.05469
0 0.90469 0.54258 0.03021 0.06172
0 0.91823 0.55937 0.03750 0.06094
0 0.93359 0.57617 0.03698 0.06328
0 0.95026 0.59336 0.04219 0.06641
0 0.96667 0.60742 0.04167 0.06484
0 0.97812 0.62227 0.04375 0.06328
0 0.98568 0.63945 0.02865 0.06484
0 0.99323 0.66758 0.01354 0.04766
0 0.88880 0.52500 0.03281 0.07188
0 0.87318 0.50117 0.03177 0.05703
0 0.85912 0.47695 0.03385 0.05547
0 0.76537 0.37031 0.02448 0.04219
0 0.78255 0.39141 0.03385 0.05781
0 0.79922 0.40703 0.02865 0.05781
0 0.81354 0.42383 0.03125 0.06328
0 0.82969 0.43867 0.03646 0.06328
0 0.84245 0.45781 0.03281 0.06250
0 0.75052 0.41680 0.03021 0.04922
0 0.75937 0.43203 0.03021 0.05000
0 0.75625 0.54336 0.02187 0.03516
0 0.77682 0.58398 0.02135 0.02578
0 0.77005 0.56523 0.01615 0.02578
0 0.73802 0.49297 0.01875 0.03750
0 0.74583 0.51836 0.01667 0.02891
0 0.74089 0.46133 0.02240 0.03047
0 0.75000 0.48047 0.02396 0.04062
0 0.77630 0.44961 0.03802 0.05703
0 0.76042 0.50313 0.02604 0.04531
0 0.77370 0.52695 0.03073 0.05078
0 0.78568 0.47266 0.03594 0.06250
0 0.79818 0.48750 0.03385 0.06875
0 0.81068 0.50430 0.03490 0.06953
0 0.82630 0.52344 0.04219 0.06563
0 0.83958 0.54414 0.03958 0.07266
0 0.85286 0.56289 0.04219 0.07422
0 0.86615 0.57891 0.03438 0.06875
0 0.87474 0.59570 0.03281 0.07578
0 0.88698 0.60938 0.03437 0.07656
0 0.90000 0.62148 0.03125 0.06953
0 0.91458 0.63906 0.04375 0.07187
0 0.92708 0.65937 0.03958 0.07500
0 0.93984 0.67617 0.03490 0.07891
0 0.95495 0.69102 0.03698 0.07266
0 0.96901 0.70547 0.04323 0.07031
0 0.97943 0.72500 0.04115 0.07188
0 0.98698 0.74688 0.02604 0.08125
0 0.99557 0.77617 0.00885 0.04766
0 0.78516 0.54883 0.02760 0.05391
0 0.79792 0.56719 0.02604 0.05469
0 0.81120 0.58164 0.02865 0.05703
0 0.82240 0.60781 0.02917 0.05937
0 0.83672 0.62344 0.02760 0.05469
0 0.85104 0.64258 0.03229 0.05859
0 0.86354 0.65977 0.02500 0.05547
0 0.88021 0.67852 0.02917 0.05859
0 0.89453 0.70273 0.03281 0.07109
0 0.90807 0.72891 0.03281 0.06875
0 0.91719 0.74883 0.02812 0.06484
0 0.93333 0.75703 0.03542 0.07344
0 0.94635 0.77422 0.03750 0.07188
0 0.96224 0.79297 0.03385 0.06875
0 0.97708 0.81133 0.03333 0.06172
0 0.98594 0.83438 0.02812 0.06875
0 0.99401 0.85664 0.01198 0.05859
