0 0.80716 0.20853 0.03464 0.02382
0 0.78724 0.22910 0.02483 0.02252
0 0.83054 0.19554 0.03522 0.02728
0 0.81669 0.22607 0.03984 0.03378
0 0.90242 0.21979 0.01386 0.02815
0 0.88164 0.20355 0.03695 0.02858
0 0.85133 0.21178 0.04330 0.02945
0 0.88077 0.22694 0.03753 0.02339
0 0.84786 0.23495 0.03406 0.02469
0 0.77425 0.24794 0.02887 0.02295
0 0.79965 0.24968 0.03233 0.02728
0 0.75404 0.26635 0.02540 0.02079
0 0.74249 0.28497 0.01848 0.01819
0 0.73470 0.30229 0.01212 0.01819
0 0.77685 0.26722 0.03060 0.02252
0 0.76184 0.28519 0.02945 0.02295
0 0.74971 0.30576 0.02945 0.02512
0 0.88337 0.33413 0.00808 0.01429
0 0.89607 0.26981 0.00808 0.02079
0 0.89405 0.24881 0.01790 0.02642
0 0.88049 0.26981 0.02771 0.02252
0 0.87211 0.24989 0.04330 0.02772
0 0.83083 0.24794 0.03811 0.02815
0 0.82592 0.27479 0.03984 0.03075
0 0.85537 0.26072 0.03753 0.02858
0 0.88164 0.29017 0.02540 0.02252
0 0.85162 0.28627 0.04273 0.02512
0 0.87442 0.30749 0.02714 0.02079
0 0.84613 0.30728 0.03984 0.02815
0 0.86923 0.32590 0.03060 0.01862
0 0.83920 0.32092 0.03176 0.01646
0 0.79359 0.28649 0.04330 0.02988
0 0.77973 0.30663 0.04099 0.02858
0 0.81380 0.30771 0.03868 0.02988
0 0.72806 0.31875 0.01617 0.01819
0 0.74047 0.32243 0.02714 0.02295
0 0.72460 0.34799 0.01963 0.01776
0 0.76126 0.33153 0.03753 0.02642
0 0.75029 0.34777 0.03753 0.02339
0 0.69457 0.39000 0.00693 0.00996
0 0.70699 0.38372 0.02136 0.02165
0 0.71593 0.36726 0.02194 0.02252
0 0.74019 0.36553 0.03926 0.02339
0 0.73585 0.38090 0.04215 0.02295
0 0.88020 0.35275 0.01559 0.02295
0 0.87327 0.36704 0.01905 0.02122
0 0.86865 0.38740 0.02136 0.02036
0 0.86432 0.40277 0.02079 0.01992
0 0.85855 0.41901 0.01732 0.02036
0 0.86114 0.34084 0.03984 0.02599
0 0.85393 0.35665 0.03926 0.02295
0 0.84613 0.37181 0.03868 0.02469
0 0.84036 0.39195 0.04215 0.02252
0 0.83949 0.40775 0.03811 0.02382
0 0.77078 0.38675 0.04273 0.02079
0 0.77540 0.36813 0.04042 0.02512
0 0.78724 0.35123 0.04099 0.02599
0 0.79734 0.33023 0.04042 0.02815
0 0.83285 0.33305 0.03637 0.02425
0 0.82390 0.34950 0.03926 0.02079
0 0.81553 0.36813 0.04099 0.02339
0 0.80947 0.38437 0.03811 0.02122
0 0.85277 0.43395 0.02425 0.01386
0 0.80254 0.63729 0.01617 0.02295
0 0.84902 0.44846 0.03060 0.01689
0 0.67004 0.46730 0.00635 0.00606
0 0.68418 0.42291 0.00462 0.00476
0 0.69024 0.40797 0.00751 0.00866
0 0.70150 0.40147 0.02079 0.01906
0 0.69688 0.41663 0.02425 0.01646
0 0.66426 0.48246 0.00751 0.00780
0 0.65878 0.50195 0.01039 0.01559
0 0.69313 0.43200 0.02714 0.01776
0 0.68678 0.44630 0.02714 0.01689
0 0.73066 0.39779 0.04099 0.01949
0 0.72719 0.41295 0.04215 0.01949
0 0.72257 0.43006 0.04215 0.01906
0 0.71940 0.44630 0.04042 0.02122
0 0.84238 0.46579 0.02656 0.01862
0 0.84151 0.48203 0.02252 0.01819
0 0.83718 0.49892 0.02079 0.01819
0 0.83343 0.42053 0.03637 0.02252
0 0.82621 0.43958 0.03580 0.01992
0 0.82044 0.45712 0.03811 0.02382
0 0.80225 0.40342 0.04215 0.02295
0 0.79734 0.42031 0.04273 0.02469
0 0.79042 0.43937 0.04157 0.02642
0 0.81438 0.46990 0.03176 0.01126
0 0.78378 0.45799 0.04099 0.02382
0 0.76703 0.40450 0.04215 0.01992
0 0.76010 0.42291 0.03984 0.02642
0 0.75548 0.44262 0.04446 0.02512
0 0.74625 0.46340 0.04099 0.02512
0 0.70728 0.45951 0.04042 0.02339
0 0.68043 0.46210 0.02136 0.01819
0 0.67437 0.47726 0.02194 0.01646
0 0.67379 0.49134 0.02887 0.01602
0 0.65560 0.51256 0.00751 0.00563
0 0.64896 0.53053 0.00924 0.01473
0 0.64579 0.54158 0.00751 0.00736
0 0.66773 0.50671 0.02367 0.01819
0 0.66109 0.52230 0.02309 0.01819
0 0.65820 0.53746 0.02309 0.01906
0 0.63915 0.55825 0.00808 0.00953
0 0.63453 0.57471 0.00808 0.01213
0 0.64809 0.56496 0.02598 0.01862
0 0.65242 0.55154 0.02656 0.01689
0 0.70237 0.47661 0.03868 0.02295
0 0.70006 0.49004 0.03868 0.01949
0 0.69573 0.50541 0.03811 0.01819
0 0.69169 0.51992 0.04157 0.01949
0 0.68938 0.53595 0.04503 0.01949
0 0.67956 0.56605 0.04273 0.01992
0 0.68534 0.55154 0.04503 0.02209
0 0.73932 0.48181 0.04330 0.02382
0 0.73210 0.49762 0.03695 0.01732
0 0.73124 0.51299 0.03984 0.01949
0 0.72662 0.53053 0.04215 0.02079
0 0.72431 0.54764 0.04446 0.02036
0 0.78291 0.47705 0.04157 0.02036
0 0.77396 0.49394 0.03984 0.02295
0 0.76963 0.51126 0.03580 0.01776
0 0.76761 0.52750 0.03868 0.02339
0 0.76213 0.54461 0.04273 0.02122
0 0.83054 0.51667 0.02252 0.02165
0 0.82361 0.53855 0.01674 0.01776
0 0.82159 0.55500 0.01963 0.02036
0 0.81726 0.57081 0.02021 0.02079
0 0.81582 0.48528 0.04388 0.02209
0 0.80716 0.50108 0.04388 0.02512
0 0.80427 0.51906 0.03926 0.02036
0 0.80225 0.53508 0.03868 0.01602
0 0.79879 0.55024 0.03984 0.01602
0 0.79648 0.56518 0.04099 0.01819
0 0.76039 0.56063 0.03695 0.01689
0 0.79388 0.63881 0.00693 0.01299
0 0.79879 0.62343 0.00982 0.01169
0 0.79821 0.60372 0.01905 0.01213
0 0.81149 0.58922 0.02252 0.01602
0 0.79042 0.57904 0.03811 0.01992
0 0.75693 0.57557 0.04042 0.01992
0 0.75318 0.59160 0.04561 0.01992
0 0.74567 0.60784 0.04330 0.02122
0 0.78695 0.59745 0.03695 0.01862
0 0.78493 0.61304 0.03984 0.01602
0 0.77829 0.62668 0.03811 0.01472
0 0.62558 0.60502 0.01212 0.01559
0 0.62125 0.61910 0.00924 0.01343
0 0.64578 0.58229 0.02367 0.01949
0 0.64088 0.59679 0.02540 0.01646
0 0.67148 0.59874 0.03926 0.02036
0 0.67639 0.58337 0.04677 0.02079
0 0.63597 0.61260 0.02483 0.01949
0 0.61692 0.63404 0.00751 0.01386
0 0.63106 0.62884 0.02540 0.01992
0 0.66426 0.61369 0.04099 0.02252
0 0.65820 0.62971 0.03811 0.01906
0 0.72084 0.56345 0.04330 0.02079
0 0.71536 0.57860 0.04388 0.01992
0 0.71074 0.59398 0.04503 0.02036
0 0.70612 0.61000 0.04619 0.02555
0 0.79244 0.65526 0.01905 0.02165
0 0.77771 0.64032 0.03349 0.01862
0 0.69717 0.62603 0.04215 0.02209
0 0.73816 0.62148 0.03753 0.01646
0 0.73701 0.63815 0.05139 0.02122
0 0.76848 0.65743 0.04157 0.02165
0 0.78608 0.67323 0.02136 0.01776
0 0.78262 0.68926 0.02021 0.01776
0 0.73095 0.65310 0.04503 0.01992
0 0.73210 0.66999 0.04388 0.01819
0 0.76934 0.67085 0.03291 0.01299
0 0.75953 0.68428 0.04099 0.01992
0 0.77973 0.70420 0.01674 0.01646
0 0.75722 0.70117 0.03984 0.01646
0 0.72373 0.68038 0.04330 0.02339
0 0.72200 0.69792 0.04330 0.01862
0 0.69342 0.64314 0.04157 0.02252
0 0.69111 0.66241 0.04157 0.02036
0 0.68533 0.68103 0.04273 0.02555
0 0.61374 0.64617 0.01039 0.00953
0 0.61114 0.66327 0.01212 0.01429
0 0.60450 0.67800 0.01270 0.01256
0 0.59844 0.69121 0.01097 0.01299
0 0.62327 0.65829 0.02714 0.02165
0 0.62615 0.64357 0.02136 0.01819
0 0.61778 0.67475 0.02425 0.01732
0 0.65733 0.64573 0.04215 0.02165
0 0.65300 0.66263 0.03926 0.01992
0 0.64665 0.67692 0.03926 0.02339
0 0.61287 0.69034 0.02483 0.01992
0 0.64203 0.69142 0.03811 0.01949
0 0.60652 0.70593 0.02483 0.02079
0 0.58487 0.74058 0.00693 0.01299
0 0.59844 0.73300 0.02598 0.02902
0 0.60248 0.72088 0.02598 0.02122
0 0.59498 0.75206 0.02598 0.02122
0 0.58863 0.76722 0.02829 0.01949
0 0.58487 0.78454 0.02540 0.01862
0 0.56842 0.80121 0.00866 0.01299
0 0.57737 0.81377 0.02656 0.02079
0 0.58199 0.79840 0.02771 0.02122
0 0.57131 0.82828 0.02483 0.01949
0 0.63684 0.70442 0.04042 0.02122
0 0.63568 0.72109 0.04273 0.02079
0 0.63481 0.73755 0.04792 0.02339
0 0.62702 0.75379 0.04503 0.02555
0 0.62240 0.76830 0.04273 0.02339
0 0.61403 0.80078 0.04215 0.02425
0 0.61807 0.78432 0.04446 0.02165
0 0.76674 0.75661 0.01501 0.01732
0 0.76905 0.74036 0.01732 0.02209
0 0.77252 0.71979 0.01963 0.02252
0 0.75635 0.71741 0.03811 0.01862
0 0.74740 0.73192 0.03637 0.01819
0 0.76039 0.77111 0.01501 0.02122
0 0.74480 0.76245 0.03464 0.01776
0 0.74654 0.74881 0.03811 0.01992
0 0.75866 0.79017 0.01617 0.01776
0 0.73874 0.77761 0.03406 0.01602
0 0.73614 0.79190 0.03580 0.01602
0 0.71998 0.71373 0.04619 0.02079
0 0.71507 0.72845 0.04446 0.02165
0 0.71132 0.74556 0.04850 0.02122
0 0.70814 0.76115 0.04677 0.02209
0 0.70266 0.77718 0.04734 0.01949
0 0.69948 0.79450 0.04792 0.02469
0 0.68129 0.69835 0.04388 0.02469
0 0.67696 0.71503 0.04677 0.02252
0 0.67494 0.73170 0.04273 0.01689
0 0.67004 0.74708 0.04215 0.02165
0 0.66513 0.76353 0.04734 0.02425
0 0.66109 0.77978 0.04619 0.02036
0 0.65271 0.79493 0.03868 0.01776
0 0.64925 0.81052 0.05023 0.02469
0 0.75606 0.80879 0.02021 0.02036
0 0.73412 0.80706 0.03522 0.01689
0 0.69428 0.81009 0.04446 0.02209
0 0.75116 0.82373 0.01386 0.01819
0 0.74654 0.83997 0.02194 0.02122
0 0.74105 0.85708 0.02252 0.01732
0 0.73557 0.87310 0.01155 0.01732
0 0.73268 0.88805 0.01617 0.02209
0 0.60422 0.83218 0.04446 0.02555
0 0.60710 0.81615 0.03753 0.02209
0 0.59786 0.84669 0.03984 0.01992
0 0.72200 0.83976 0.03984 0.02079
0 0.72979 0.82330 0.03695 0.01819
0 0.71853 0.85600 0.03868 0.01689
0 0.71565 0.87202 0.03522 0.01862
0 0.68966 0.82503 0.04561 0.02252
0 0.68418 0.84106 0.04503 0.02079
0 0.64636 0.82828 0.04330 0.01949
0 0.64203 0.84279 0.04734 0.02252
0 0.71189 0.89216 0.03926 0.02425
0 0.67956 0.85622 0.04619 0.01906
0 0.68014 0.87246 0.04273 0.01776
0 0.67379 0.88935 0.04157 0.02122
0 0.56207 0.84387 0.01559 0.01949
0 0.56928 0.84539 0.02079 0.01992
0 0.55543 0.86055 0.00924 0.01472
0 0.55023 0.87592 0.01848 0.01949
0 0.56005 0.89411 0.01617 0.01949
0 0.56322 0.87830 0.01905 0.02165
0 0.56640 0.86055 0.01963 0.01992
0 0.59584 0.86444 0.04157 0.02252
0 0.59151 0.87700 0.04215 0.02425
0 0.63770 0.85816 0.04561 0.02122
0 0.63626 0.87397 0.04619 0.02165
0 0.63020 0.88913 0.05254 0.02599
0 0.72517 0.92161 0.01848 0.02165
0 0.72546 0.90645 0.02021 0.01906
0 0.71247 0.95409 0.02309 0.02252
0 0.71276 0.93958 0.02367 0.02295
0 0.70439 0.92031 0.03695 0.03032
0 0.69746 0.90689 0.03233 0.02599
0 0.66513 0.90321 0.04042 0.02555
0 0.56640 0.91403 0.02079 0.03075
0 0.58285 0.90624 0.04099 0.02728
0 0.58834 0.89324 0.04273 0.02469
0 0.62413 0.90797 0.04503 0.02902
0 0.66628 0.92616 0.04388 0.02555
0 0.56264 0.94370 0.01674 0.02858
0 0.58228 0.96275 0.03176 0.02252
0 0.58632 0.94760 0.03868 0.03291
0 0.59296 0.93157 0.04388 0.02685
0 0.67465 0.97683 0.04561 0.02122
0 0.69053 0.96081 0.03464 0.02382
0 0.68447 0.94153 0.03753 0.02858
0 0.61374 0.92443 0.03926 0.03335
0 0.61114 0.96774 0.03291 0.02642
0 0.63684 0.97207 0.02887 0.02209
0 0.65878 0.96990 0.03233 0.01776
0 0.65647 0.95301 0.04157 0.02815
0 0.64319 0.93634 0.03695 0.02858
0 0.62067 0.95279 0.03349 0.02425
0 0.46189 0.25314 0.01848 0.00736
0 0.55889 0.26288 0.03349 0.03205
0 0.50000 0.23668 0.02540 0.01516
0 0.53147 0.25920 0.03406 0.02642
0 0.46161 0.26115 0.03176 0.01992
0 0.43995 0.28475 0.00808 0.01343
0 0.43101 0.30338 0.01097 0.01776
0 0.45583 0.27566 0.02829 0.02122
0 0.44746 0.29493 0.02540 0.02079
0 0.48585 0.25920 0.03291 0.02209
0 0.47633 0.27653 0.03695 0.02209
0 0.47229 0.29407 0.03811 0.01992
0 0.51559 0.26462 0.04157 0.02339
0 0.51241 0.27479 0.03984 0.01776
0 0.50981 0.28714 0.04273 0.01646
0 0.42263 0.34257 0.00577 0.00866
0 0.42898 0.31702 0.01155 0.01732
0 0.43447 0.33218 0.02714 0.01646
0 0.44515 0.31507 0.02771 0.02815
0 0.46911 0.31139 0.03291 0.01906
0 0.50260 0.30100 0.04099 0.01559
0 0.50058 0.31572 0.04850 0.01819
0 0.57708 0.32092 0.01097 0.01992
0 0.58141 0.33478 0.00693 0.01126
0 0.58401 0.34842 0.00982 0.01776
0 0.58689 0.36553 0.01097 0.01992
0 0.58718 0.38155 0.00924 0.01819
0 0.59036 0.39887 0.00751 0.01819
0 0.56005 0.29948 0.02309 0.02036
0 0.56669 0.31789 0.02252 0.02079
0 0.56928 0.33153 0.02425 0.02122
0 0.53868 0.29667 0.03811 0.01906
0 0.53868 0.31096 0.03811 0.01906
0 0.54042 0.32677 0.04388 0.01949
0 0.57073 0.34604 0.02598 0.02079
0 0.57130 0.36119 0.02829 0.02252
0 0.57044 0.37657 0.03233 0.02036
0 0.57477 0.39368 0.03060 0.02165
0 0.58834 0.45409 0.01155 0.01689
0 0.58401 0.41706 0.02021 0.02685
0 0.58834 0.43850 0.00924 0.01689
0 0.57361 0.42140 0.02598 0.02079
0 0.57333 0.43612 0.02656 0.02339
0 0.57477 0.45193 0.02367 0.02122
0 0.58805 0.49112 0.01559 0.02512
0 0.57217 0.46925 0.03002 0.02642
0 0.57044 0.48398 0.02540 0.01689
0 0.58574 0.51039 0.01443 0.01862
0 0.58978 0.52858 0.01559 0.02122
0 0.59180 0.54396 0.01501 0.01819
0 0.59527 0.57579 0.01155 0.01602
0 0.59238 0.55912 0.01501 0.02079
0 0.56986 0.49935 0.03118 0.02079
0 0.56813 0.51429 0.03002 0.01689
0 0.57217 0.52880 0.03580 0.01992
0 0.56871 0.54288 0.03811 0.01949
0 0.57390 0.56042 0.03464 0.02252
0 0.57275 0.57384 0.04042 0.01732
0 0.54099 0.34019 0.03926 0.02209
0 0.54128 0.35535 0.03637 0.02382
0 0.53984 0.36899 0.03580 0.01819
0 0.54042 0.38610 0.03926 0.02382
0 0.56120 0.40039 0.03580 0.02642
0 0.54244 0.40689 0.04099 0.02382
0 0.42927 0.34495 0.02136 0.02209
0 0.42263 0.35968 0.01732 0.02295
0 0.42032 0.37549 0.01270 0.02079
0 0.42004 0.38783 0.00866 0.01169
0 0.41022 0.44435 0.00404 0.00866
0 0.41022 0.43265 0.00751 0.01819
0 0.41744 0.40039 0.01155 0.01343
0 0.41715 0.41511 0.01790 0.01949
0 0.40907 0.45648 0.01097 0.01646
0 0.40849 0.46968 0.00982 0.01429
0 0.40589 0.48636 0.00808 0.01299
0 0.40416 0.49892 0.00924 0.01299
0 0.39925 0.55933 0.00866 0.01343
0 0.40242 0.54309 0.01039 0.01213
0 0.44140 0.34279 0.02483 0.01949
0 0.43707 0.35860 0.03002 0.02339
0 0.43389 0.37419 0.02483 0.02425
0 0.43187 0.39346 0.02771 0.02555
0 0.43129 0.41252 0.02425 0.01602
0 0.42725 0.42876 0.03349 0.02252
0 0.42754 0.44262 0.03291 0.02252
0 0.42523 0.45756 0.03060 0.02122
0 0.41975 0.47271 0.02540 0.02036
0 0.42004 0.48571 0.02829 0.01949
0 0.41773 0.50152 0.03291 0.02079
0 0.41888 0.51689 0.03176 0.01862
0 0.41830 0.53162 0.03176 0.01862
0 0.41080 0.54786 0.02367 0.01819
0 0.46565 0.32785 0.03637 0.02079
0 0.50116 0.33110 0.04503 0.01862
0 0.46738 0.34387 0.03637 0.01732
0 0.46363 0.35773 0.03695 0.01732
0 0.46103 0.37310 0.04330 0.02122
0 0.46161 0.38826 0.04215 0.01949
0 0.50520 0.34452 0.04273 0.01602
0 0.50318 0.35751 0.04561 0.01689
0 0.50144 0.37094 0.05023 0.01949
0 0.50202 0.38480 0.04792 0.01862
0 0.46334 0.40169 0.04446 0.01776
0 0.46132 0.41533 0.04388 0.01646
0 0.46132 0.42854 0.04273 0.01776
0 0.46016 0.44197 0.04273 0.01776
0 0.45179 0.45041 0.01097 0.00260
0 0.45323 0.45712 0.04503 0.01602
0 0.45208 0.47077 0.04850 0.01992
0 0.45208 0.48657 0.04734 0.01862
0 0.45410 0.50152 0.04792 0.02165
0 0.45439 0.51581 0.04503 0.01559
0 0.45092 0.52923 0.04619 0.01473
0 0.44197 0.54526 0.04677 0.01906
0 0.59382 0.59203 0.01790 0.02079
0 0.59296 0.60741 0.01386 0.01949
0 0.59411 0.62300 0.01848 0.01949
0 0.59209 0.63902 0.02136 0.02295
0 0.57679 0.59008 0.03464 0.02209
0 0.57333 0.60632 0.03580 0.02339
0 0.57102 0.62365 0.03580 0.01992
0 0.57102 0.63989 0.03464 0.01862
0 0.40127 0.57384 0.00808 0.00953
0 0.39925 0.58727 0.00520 0.00780
0 0.39752 0.60632 0.00520 0.00780
0 0.39867 0.62126 0.00520 0.00563
0 0.41513 0.56236 0.03233 0.01949
0 0.41339 0.57796 0.03002 0.02036
0 0.41051 0.59420 0.03118 0.02079
0 0.40964 0.60957 0.02829 0.02036
0 0.44890 0.55998 0.04908 0.01992
0 0.44428 0.57666 0.04908 0.01862
0 0.44399 0.59181 0.05081 0.02122
0 0.44053 0.60892 0.04850 0.01992
0 0.54330 0.42269 0.04157 0.02165
0 0.54417 0.43958 0.04330 0.02425
0 0.54186 0.45323 0.04561 0.02122
0 0.53955 0.46644 0.04330 0.01992
0 0.53926 0.48203 0.04503 0.01992
0 0.53897 0.49783 0.04215 0.02122
0 0.53724 0.51602 0.04446 0.02295
0 0.53349 0.53486 0.04503 0.02165
0 0.53782 0.55219 0.04677 0.02079
0 0.53551 0.56496 0.04677 0.02036
0 0.53955 0.58272 0.04677 0.01949
0 0.53695 0.59853 0.05312 0.02425
0 0.53204 0.61542 0.05254 0.02165
0 0.50202 0.39758 0.04561 0.01646
0 0.50289 0.41252 0.04734 0.01776
0 0.50260 0.42681 0.04792 0.01689
0 0.50289 0.44327 0.04734 0.02209
0 0.49654 0.45669 0.04850 0.01949
0 0.49769 0.47163 0.04850 0.01646
0 0.49682 0.48657 0.05139 0.02122
0 0.49740 0.50476 0.05023 0.02295
0 0.49452 0.52295 0.04561 0.01862
0 0.48961 0.54158 0.05196 0.02555
0 0.49567 0.55587 0.05023 0.02122
0 0.49134 0.57276 0.05312 0.02209
0 0.49192 0.58662 0.05081 0.01949
0 0.48614 0.60459 0.05196 0.02079
0 0.53060 0.63253 0.05543 0.02036
0 0.40935 0.62711 0.03233 0.02252
0 0.40676 0.64270 0.02945 0.02339
0 0.43822 0.62819 0.04503 0.02036
0 0.43764 0.64357 0.04850 0.02252
0 0.48499 0.62213 0.05196 0.01949
0 0.48210 0.64010 0.05196 0.02165
0 0.39579 0.66241 0.01328 0.01776
0 0.40733 0.66132 0.02598 0.01992
0 0.59065 0.65440 0.02309 0.01906
0 0.59180 0.66869 0.02194 0.01819
0 0.59209 0.68406 0.01559 0.01949
0 0.59065 0.69900 0.01155 0.01299
0 0.53031 0.64682 0.05023 0.01862
0 0.56842 0.66024 0.03637 0.02728
0 0.57217 0.68103 0.03926 0.02295
0 0.57188 0.70528 0.04215 0.02988
0 0.56640 0.72477 0.03926 0.02728
0 0.56582 0.74599 0.03695 0.02988
0 0.56062 0.78909 0.02887 0.02945
0 0.56351 0.76700 0.03349 0.02425
0 0.39636 0.67887 0.01905 0.01776
0 0.39145 0.69619 0.01155 0.01516
0 0.40502 0.68276 0.02598 0.02382
0 0.40416 0.70442 0.03002 0.02469
0 0.38828 0.77588 0.01328 0.02555
0 0.38972 0.75184 0.01501 0.02512
0 0.39001 0.73019 0.01328 0.01906
0 0.40271 0.72629 0.02598 0.02858
0 0.40012 0.75314 0.02425 0.02945
0 0.40098 0.77350 0.01905 0.01646
0 0.39607 0.79407 0.02887 0.02728
0 0.43649 0.66262 0.05081 0.02165
0 0.43649 0.67952 0.04850 0.02339
0 0.43476 0.69987 0.04388 0.02425
0 0.42956 0.72022 0.04157 0.02252
0 0.42898 0.73842 0.04388 0.01906
0 0.42581 0.75769 0.04908 0.02642
0 0.53320 0.66219 0.05254 0.02079
0 0.53175 0.68190 0.05196 0.02209
0 0.53089 0.70139 0.05370 0.02295
0 0.52569 0.71741 0.05023 0.01949
0 0.52483 0.72759 0.05081 0.02165
0 0.52685 0.74664 0.05485 0.02772
0 0.52338 0.76657 0.05485 0.02339
0 0.52454 0.78519 0.05600 0.02079
0 0.48383 0.65548 0.05196 0.01862
0 0.48383 0.67302 0.05427 0.01992
0 0.48268 0.68991 0.05427 0.02165
0 0.47662 0.70550 0.05947 0.02339
0 0.47546 0.72304 0.05600 0.02295
0 0.47460 0.74339 0.05889 0.02382
0 0.47200 0.76375 0.05600 0.02555
0 0.42956 0.77653 0.04619 0.02252
0 0.42581 0.79710 0.04792 0.02295
0 0.47286 0.78974 0.05196 0.03075
0 0.55427 0.81204 0.02079 0.02599
0 0.55370 0.83001 0.01270 0.02209
0 0.53724 0.85253 0.03637 0.03075
0 0.52136 0.80511 0.06120 0.02599
0 0.46796 0.81702 0.05254 0.03421
0 0.39146 0.81875 0.01848 0.02469
0 0.41599 0.86553 0.03522 0.02815
0 0.40531 0.83802 0.03926 0.03378
0 0.42090 0.81919 0.04965 0.02988
0 0.44486 0.83737 0.05947 0.03075
0 0.44977 0.85686 0.05312 0.03248
0 0.52367 0.83261 0.05889 0.03248
0 0.49682 0.84842 0.05370 0.03984
0 0.03868 0.48787 0.00808 0.01343
0 0.04417 0.49762 0.00982 0.01299
0 0.04532 0.51018 0.00982 0.01473
0 0.04994 0.52230 0.01097 0.01732
0 0.05456 0.53530 0.01328 0.01473
0 0.05398 0.54764 0.01443 0.01776
0 0.05860 0.55977 0.01443 0.02209
0 0.06178 0.57341 0.01386 0.01906
0 0.06553 0.58424 0.01674 0.02165
0 0.06697 0.59853 0.01732 0.02165
0 0.07188 0.61282 0.01790 0.02165
0 0.07823 0.62451 0.01559 0.01992
0 0.08025 0.63750 0.01732 0.02079
0 0.08516 0.65093 0.01790 0.02165
0 0.03204 0.45972 0.00866 0.01949
0 0.03637 0.47315 0.01155 0.01776
0 0.01617 0.36098 0.00693 0.01949
0 0.01732 0.37397 0.00924 0.01602
0 0.02454 0.38913 0.01674 0.02469
0 0.02714 0.40580 0.01732 0.02079
0 0.02483 0.33521 0.01963 0.02165
0 0.03031 0.34842 0.02945 0.02295
0 0.03291 0.36444 0.02887 0.02815
0 0.03984 0.37657 0.02540 0.02382
0 0.04648 0.39216 0.02945 0.02382
0 0.05774 0.34669 0.03580 0.02295
0 0.06380 0.35686 0.03406 0.01992
0 0.06726 0.36921 0.03637 0.02295
0 0.07448 0.38090 0.03464 0.02295
0 0.17061 0.32893 0.01674 0.01169
0 0.17898 0.34084 0.01963 0.01299
0 0.19169 0.35578 0.01848 0.01776
0 0.14203 0.31702 0.04042 0.01386
0 0.15185 0.33001 0.03464 0.01732
0 0.11663 0.32373 0.03695 0.01862
0 0.12933 0.33456 0.03695 0.01602
0 0.16542 0.34322 0.03522 0.01776
0 0.17494 0.35535 0.03233 0.01602
0 0.19890 0.36921 0.01328 0.01083
0 0.18274 0.36899 0.03060 0.01559
0 0.09267 0.33867 0.03753 0.02079
0 0.09844 0.35037 0.03868 0.02079
0 0.10537 0.36228 0.04099 0.02209
0 0.13626 0.34799 0.04157 0.02209
0 0.14665 0.35925 0.04273 0.01776
0 0.15502 0.37202 0.03984 0.01732
0 0.11461 0.37505 0.04677 0.02165
0 0.12471 0.38588 0.04388 0.01992
0 0.03089 0.41836 0.01674 0.02079
0 0.03609 0.43006 0.02021 0.02165
0 0.05023 0.40580 0.03002 0.02858
0 0.05976 0.41598 0.03291 0.02728
0 0.08199 0.39238 0.04042 0.02339
0 0.08978 0.40277 0.03868 0.02339
0 0.20554 0.38242 0.02079 0.01646
0 0.21536 0.39541 0.02194 0.01472
0 0.22257 0.40862 0.01790 0.01602
0 0.22806 0.42248 0.01617 0.01602
0 0.23701 0.43742 0.01559 0.01472
0 0.24307 0.44976 0.01039 0.01343
0 0.25058 0.46362 0.01155 0.01516
0 0.25693 0.47856 0.01386 0.01559
0 0.26732 0.50520 0.01039 0.01602
0 0.26010 0.49134 0.01212 0.01343
0 0.18909 0.38242 0.02829 0.01559
0 0.20150 0.39693 0.02656 0.01602
0 0.20814 0.41035 0.02483 0.01429
0 0.21507 0.42421 0.02714 0.01602
0 0.22373 0.43785 0.02945 0.01646
0 0.23037 0.45193 0.02887 0.01776
0 0.23701 0.46644 0.02714 0.01646
0 0.24221 0.47748 0.02367 0.01602
0 0.24654 0.49004 0.02194 0.01429
0 0.25346 0.50325 0.02309 0.01646
0 0.16628 0.38696 0.04503 0.02295
0 0.17437 0.39822 0.04388 0.01689
0 0.18187 0.41360 0.04042 0.02079
0 0.18995 0.42551 0.03811 0.01862
0 0.19631 0.44067 0.03926 0.02122
0 0.20237 0.45236 0.04099 0.01862
0 0.20843 0.46557 0.03926 0.01906
0 0.21651 0.47986 0.04042 0.02252
0 0.22171 0.49156 0.03926 0.01559
0 0.23124 0.50476 0.04446 0.01776
0 0.12991 0.39931 0.04273 0.02252
0 0.14088 0.41165 0.04503 0.02295
0 0.14694 0.42464 0.04099 0.02036
0 0.15704 0.43677 0.04388 0.02036
0 0.16109 0.45128 0.04157 0.02165
0 0.16801 0.46340 0.04273 0.01992
0 0.17379 0.47618 0.04734 0.02122
0 0.17927 0.48896 0.04446 0.02252
0 0.18736 0.50130 0.04561 0.02122
0 0.03868 0.44197 0.02079 0.02122
0 0.04475 0.45279 0.02021 0.02382
0 0.04879 0.46535 0.02483 0.01776
0 0.05167 0.47943 0.02829 0.02339
0 0.05687 0.49112 0.02714 0.02079
0 0.06149 0.50303 0.02714 0.02295
0 0.06553 0.51667 0.03176 0.02252
0 0.07044 0.52858 0.03002 0.01949
0 0.07361 0.53963 0.02829 0.02252
0 0.09613 0.41317 0.03984 0.02165
0 0.10566 0.42486 0.04157 0.01992
0 0.11114 0.43915 0.04330 0.02165
0 0.11721 0.45041 0.04042 0.01992
0 0.12211 0.46514 0.04446 0.02339
0 0.12673 0.47770 0.04561 0.02252
0 0.13251 0.49177 0.04677 0.02469
0 0.14030 0.50541 0.04965 0.02685
0 0.06553 0.42832 0.04099 0.02685
0 0.07159 0.44045 0.04042 0.02165
0 0.07333 0.45431 0.03926 0.02599
0 0.08054 0.46622 0.03984 0.02209
0 0.08401 0.47965 0.03868 0.02469
0 0.09007 0.49220 0.03811 0.02122
0 0.09440 0.50520 0.04330 0.02382
0 0.10075 0.51754 0.04099 0.02252
0 0.10768 0.52923 0.04561 0.02512
0 0.14838 0.51624 0.04503 0.01819
0 0.19486 0.51494 0.04792 0.01819
0 0.26328 0.51819 0.02425 0.01516
0 0.23585 0.51732 0.04099 0.01602
0 0.28666 0.54634 0.01212 0.01776
0 0.27165 0.53270 0.02021 0.01559
0 0.27310 0.54396 0.02079 0.01472
0 0.28118 0.55977 0.02540 0.01862
0 0.24452 0.52880 0.03984 0.01906
0 0.24711 0.54396 0.04273 0.01646
0 0.25404 0.55868 0.04273 0.01992
0 0.20092 0.52837 0.05081 0.01906
0 0.20496 0.54244 0.04503 0.01689
0 0.20930 0.55565 0.05023 0.01992
0 0.15098 0.52728 0.04561 0.02036
0 0.15416 0.54093 0.04619 0.02165
0 0.16166 0.55608 0.04965 0.02252
0 0.07794 0.55414 0.03002 0.02642
0 0.10941 0.54547 0.04099 0.02815
0 0.11894 0.55608 0.04042 0.01992
0 0.08574 0.56691 0.03522 0.02079
0 0.08603 0.57991 0.03118 0.02599
0 0.12154 0.57059 0.04561 0.02295
0 0.08949 0.59290 0.03118 0.02512
0 0.09469 0.60524 0.03118 0.02382
0 0.10075 0.62256 0.03522 0.02902
0 0.10277 0.63512 0.02887 0.02728
0 0.10768 0.64898 0.02945 0.02295
0 0.09440 0.72044 0.00404 0.01169
0 0.09007 0.70377 0.00462 0.00866
0 0.09758 0.73213 0.00808 0.01429
0 0.10190 0.74838 0.01212 0.01819
0 0.09036 0.66587 0.02136 0.02036
0 0.09440 0.67822 0.02136 0.01906
0 0.09758 0.69142 0.02194 0.01949
0 0.10191 0.70572 0.02136 0.02036
0 0.10508 0.72174 0.01963 0.02469
0 0.10883 0.73820 0.01905 0.02036
0 0.11316 0.66327 0.03233 0.02642
0 0.11721 0.67822 0.03002 0.02165
0 0.12298 0.69229 0.03464 0.02728
0 0.12731 0.70832 0.03291 0.02642
0 0.13106 0.72456 0.03695 0.02858
0 0.10335 0.76180 0.01039 0.01992
0 0.11432 0.75422 0.01963 0.02122
0 0.13741 0.74101 0.04157 0.03118
0 0.14319 0.75271 0.03811 0.01906
0 0.11634 0.77393 0.03176 0.03291
0 0.12009 0.78541 0.02425 0.01949
0 0.14376 0.77090 0.03580 0.02945
0 0.15185 0.78346 0.04042 0.02165
0 0.12558 0.58489 0.04561 0.02295
0 0.12962 0.59788 0.04446 0.02295
0 0.13626 0.60892 0.04619 0.02425
0 0.13828 0.62473 0.04677 0.02642
0 0.14174 0.63881 0.04561 0.02685
0 0.15011 0.65136 0.04965 0.02512
0 0.15271 0.66631 0.05254 0.02728
0 0.15878 0.68211 0.04734 0.02599
0 0.16455 0.69900 0.05312 0.02772
0 0.17177 0.71351 0.05139 0.02469
0 0.17696 0.72672 0.05485 0.02772
0 0.18158 0.74448 0.05254 0.02858
0 0.28464 0.57471 0.02309 0.01473
0 0.29388 0.58857 0.02194 0.01732
0 0.29821 0.60004 0.02136 0.01516
0 0.30225 0.61412 0.02367 0.01732
0 0.30860 0.62971 0.02252 0.01819
0 0.31784 0.64487 0.02021 0.01473
0 0.32304 0.65894 0.02252 0.01862
0 0.32996 0.67713 0.02598 0.01949
0 0.33603 0.69164 0.01963 0.01559
0 0.33949 0.70615 0.02194 0.01776
0 0.34584 0.72347 0.02656 0.01862
0 0.35335 0.74145 0.02309 0.02599
0 0.35681 0.75487 0.01270 0.01299
0 0.25693 0.57038 0.03926 0.01386
0 0.26559 0.58229 0.04042 0.01689
0 0.27194 0.59680 0.03926 0.02079
0 0.27829 0.61347 0.03811 0.01862
0 0.28551 0.62819 0.03637 0.01949
0 0.29013 0.64314 0.03984 0.01819
0 0.29706 0.65764 0.03637 0.02295
0 0.30370 0.67388 0.03580 0.01906
0 0.31264 0.69337 0.03637 0.02425
0 0.31726 0.71113 0.03522 0.02339
0 0.32419 0.72975 0.03868 0.02512
0 0.32996 0.74448 0.04215 0.01992
0 0.16628 0.56973 0.04850 0.02295
0 0.21536 0.56929 0.04619 0.02036
0 0.17206 0.58445 0.05081 0.02815
0 0.22229 0.58164 0.05081 0.02165
0 0.23268 0.59658 0.05196 0.02036
0 0.23528 0.60957 0.05139 0.02122
0 0.24163 0.62430 0.05485 0.02036
0 0.24625 0.63859 0.05023 0.02036
0 0.25404 0.65310 0.04965 0.02079
0 0.26039 0.66955 0.05081 0.02165
0 0.26934 0.68579 0.05254 0.02295
0 0.27338 0.70225 0.05370 0.02469
0 0.27829 0.71698 0.05543 0.02209
0 0.28291 0.73105 0.05427 0.02252
0 0.28435 0.74968 0.05947 0.02339
0 0.18014 0.59679 0.04734 0.02165
0 0.18331 0.60914 0.04792 0.02209
0 0.18736 0.62365 0.05254 0.02512
0 0.19399 0.63794 0.04965 0.02425
0 0.20063 0.65288 0.05254 0.02382
0 0.20525 0.66869 0.05023 0.02599
0 0.21218 0.68341 0.05485 0.02425
0 0.22027 0.70204 0.05600 0.02425
0 0.22546 0.71546 0.05254 0.02252
0 0.23008 0.73170 0.05023 0.02815
0 0.23412 0.74989 0.05139 0.02469
0 0.36576 0.76938 0.00982 0.01602
0 0.33978 0.76440 0.04561 0.02685
0 0.36952 0.78779 0.01270 0.02079
0 0.34729 0.78367 0.04330 0.02469
0 0.18591 0.76224 0.05196 0.02858
0 0.19457 0.77718 0.05427 0.02555
0 0.19919 0.79623 0.05312 0.02902
0 0.24394 0.77133 0.04792 0.03118
0 0.29359 0.76743 0.05370 0.02858
0 0.30023 0.78237 0.05427 0.02295
0 0.25144 0.79602 0.05370 0.02945
0 0.20554 0.81334 0.05081 0.02685
0 0.30745 0.80056 0.05600 0.02382
0 0.37442 0.80879 0.01674 0.02382
0 0.35190 0.80424 0.03522 0.02252
0 0.36865 0.82655 0.02367 0.02469
0 0.12875 0.86791 0.01617 0.02599
0 0.13453 0.88740 0.01732 0.03118
0 0.12385 0.84474 0.01559 0.02295
0 0.13712 0.83997 0.02714 0.03075
0 0.14781 0.85816 0.03233 0.02815
0 0.16628 0.83131 0.03580 0.03681
0 0.16570 0.92616 0.02425 0.01776
0 0.15473 0.91013 0.03580 0.02728
0 0.15387 0.88783 0.03176 0.03378
0 0.35046 0.82460 0.02887 0.02512
0 0.31236 0.82092 0.04850 0.02902
0 0.25982 0.81940 0.05081 0.02858
0 0.20381 0.83629 0.05427 0.02858
0 0.17985 0.86769 0.04330 0.04028
0 0.18274 0.90147 0.04330 0.03162
0 0.21911 0.85925 0.05254 0.03725
0 0.27050 0.84127 0.05370 0.02728
0 0.32881 0.84799 0.04677 0.03378
0 0.36605 0.85730 0.03464 0.04114
0 0.35046 0.87181 0.03349 0.03984
0 0.31149 0.87289 0.04677 0.03768
0 0.22777 0.88285 0.05139 0.03162
0 0.27714 0.87072 0.05658 0.04114
0 0.08401 0.32698 0.03868 0.02079
0 0.04965 0.32092 0.03926 0.02079
0 0.05023 0.33110 0.03349 0.02036
0 0.10566 0.31096 0.03464 0.01386
