0 0.95729 0.40755 0.03819 0.04635
0 0.96458 0.42318 0.03889 0.04531
0 0.99063 0.39401 0.01875 0.04115
0 0.98229 0.43437 0.03542 0.05312
0 0.94861 0.45234 0.03750 0.03490
0 0.94410 0.51537 0.03958 0.04323
0 0.95972 0.48073 0.05417 0.05104
0 0.99167 0.47240 0.01667 0.03542
0 0.98160 0.50651 0.03681 0.04323
0 0.99583 0.53672 0.00833 0.01927
0 0.96979 0.53490 0.05208 0.04479
0 0.92951 0.59740 0.02153 0.04375
0 0.98403 0.57031 0.03194 0.04896
0 0.94583 0.56094 0.04722 0.04792
0 0.93333 0.66536 0.04722 0.04010
0 0.94444 0.63620 0.05417 0.04635
0 0.99549 0.60469 0.00903 0.02708
0 0.98507 0.63281 0.02986 0.04375
0 0.96528 0.60182 0.05417 0.04427
0 0.91875 0.69766 0.03333 0.03490
0 0.97743 0.66250 0.04514 0.03750
0 0.96736 0.68724 0.06528 0.04219
0 0.95000 0.71068 0.06667 0.04115
0 0.93056 0.72891 0.05833 0.03281
0 0.92292 0.74844 0.04722 0.03958
0 0.91250 0.78047 0.03611 0.03073
0 0.90104 0.80313 0.02014 0.02292
0 0.99063 0.71328 0.01875 0.03177
0 0.97812 0.73698 0.04375 0.03542
0 0.97049 0.75937 0.05903 0.03646
0 0.95590 0.77943 0.05903 0.03385
0 0.94201 0.80286 0.06458 0.03490
0 0.98715 0.78880 0.02569 0.03073
0 0.98021 0.81302 0.03958 0.03125
0 0.99375 0.84609 0.01250 0.01302
0 0.97153 0.83359 0.05694 0.02760
0 0.92292 0.82474 0.06389 0.03177
0 0.95938 0.85365 0.06181 0.02812
0 0.91354 0.84662 0.05208 0.03073
0 0.98750 0.86510 0.02500 0.02708
0 0.94583 0.87266 0.06250 0.02552
0 0.90556 0.87005 0.04028 0.02552
0 0.45764 0.37109 0.02222 0.01615
0 0.42257 0.35729 0.02708 0.02396
0 0.48090 0.38307 0.02847 0.01927
0 0.45729 0.38516 0.02708 0.01615
0 0.43924 0.39219 0.01875 0.02083
0 0.44028 0.36719 0.03194 0.01979
0 0.43056 0.37812 0.02639 0.02396
0 0.37951 0.37005 0.03403 0.02448
0 0.39583 0.34844 0.03333 0.02396
0 0.36424 0.33932 0.03403 0.02031
0 0.33576 0.33333 0.03542 0.02396
0 0.34132 0.34896 0.02431 0.01667
0 0.31806 0.34349 0.02917 0.02031
0 0.29444 0.35495 0.03750 0.02656
0 0.31840 0.36146 0.03542 0.02083
0 0.34826 0.37240 0.03125 0.02396
0 0.37465 0.37344 0.03403 0.02083
0 0.39340 0.39271 0.01597 0.02187
0 0.37049 0.38620 0.03542 0.01406
0 0.27361 0.37552 0.02778 0.02292
0 0.29896 0.37396 0.03958 0.02292
0 0.32292 0.38568 0.03333 0.02135
0 0.26215 0.39505 0.02986 0.02135
0 0.29028 0.39505 0.03889 0.02344
0 0.25312 0.41302 0.02708 0.01875
0 0.27153 0.41172 0.02639 0.01823
0 0.24306 0.42786 0.01944 0.01719
0 0.25833 0.42839 0.02083 0.01823
0 0.23785 0.44141 0.02153 0.01198
0 0.11042 0.73776 0.01389 0.01615
0 0.12014 0.72448 0.02361 0.02708
0 0.12639 0.70781 0.01806 0.02187
0 0.13264 0.69010 0.02083 0.02396
0 0.13785 0.67500 0.01597 0.01667
0 0.14097 0.65912 0.00833 0.02135
0 0.14514 0.64115 0.01111 0.01667
0 0.00799 0.76198 0.01597 0.02813
0 0.01562 0.77760 0.02292 0.02292
0 0.02882 0.79792 0.02014 0.02083
0 0.00833 0.79010 0.01667 0.02812
0 0.01944 0.80859 0.02500 0.03906
0 0.04028 0.81875 0.02083 0.02396
0 0.05660 0.84245 0.02292 0.02656
0 0.06979 0.86510 0.01736 0.02083
0 0.03194 0.83464 0.03056 0.04427
0 0.04583 0.85625 0.03056 0.04167
0 0.05521 0.88047 0.02986 0.04740
0 0.07639 0.88203 0.01528 0.01823
0 0.09063 0.89922 0.02431 0.04115
0 0.06632 0.90234 0.02986 0.04115
0 0.07118 0.92500 0.03681 0.03646
0 0.07951 0.93542 0.02986 0.02604
0 0.00486 0.80937 0.00972 0.02292
0 0.00938 0.83151 0.01875 0.03490
0 0.01285 0.85729 0.02569 0.04583
0 0.02049 0.88021 0.04097 0.04792
0 0.00486 0.91354 0.00972 0.02500
0 0.00625 0.93776 0.01250 0.03281
0 0.03472 0.94167 0.05000 0.02083
0 0.03333 0.92370 0.04583 0.04427
0 0.02778 0.90365 0.04167 0.04688
0 0.10451 0.90599 0.00903 0.01198
0 0.10069 0.92630 0.01111 0.03281
0 0.11215 0.87318 0.00764 0.02656
0 0.11563 0.85469 0.00903 0.01667
0 0.11771 0.84115 0.01042 0.01979
0 0.12292 0.82057 0.01528 0.02552
0 0.12743 0.79740 0.01736 0.02813
0 0.13472 0.77891 0.01806 0.03073
0 0.13611 0.75729 0.02222 0.03438
0 0.14062 0.73359 0.02153 0.03594
0 0.14653 0.71068 0.02361 0.03698
0 0.15139 0.68620 0.02083 0.02760
0 0.14896 0.64583 0.00903 0.01146
0 0.15833 0.66302 0.02917 0.03542
0 0.15417 0.62135 0.00694 0.00937
0 0.16319 0.63750 0.02778 0.03125
0 0.16840 0.60573 0.02986 0.04167
0 0.54028 0.82083 0.03611 0.02917
0 0.55139 0.79297 0.04583 0.03281
0 0.55938 0.77109 0.04236 0.02552
0 0.60174 0.70000 0.01736 0.02917
0 0.60903 0.67813 0.01389 0.01562
0 0.57049 0.74688 0.04097 0.03229
0 0.57778 0.72214 0.03611 0.02760
0 0.58715 0.69531 0.03681 0.03021
0 0.59549 0.66510 0.04236 0.03542
0 0.60278 0.63151 0.03611 0.03906
0 0.60556 0.59271 0.03611 0.04271
0 0.56389 0.53932 0.06389 0.02969
0 0.60347 0.55052 0.04583 0.05208
0 0.61076 0.51250 0.04792 0.05104
0 0.60938 0.47630 0.03681 0.03490
0 0.57500 0.47526 0.05694 0.05781
0 0.54410 0.43047 0.07708 0.04219
0 0.37118 0.40885 0.07569 0.04792
0 0.31875 0.42448 0.10417 0.06250
0 0.20833 0.51094 0.04583 0.03542
0 0.23681 0.45417 0.04028 0.03438
0 0.29097 0.44974 0.10139 0.05677
0 0.12049 0.93620 0.04236 0.02448
0 0.12326 0.91953 0.03681 0.03281
0 0.13021 0.90391 0.04375 0.03594
0 0.13576 0.88099 0.04653 0.04219
0 0.14097 0.85338 0.04722 0.03906
0 0.14687 0.83151 0.04931 0.04010
0 0.15382 0.81094 0.04514 0.03854
0 0.16042 0.78776 0.04028 0.03385
0 0.16632 0.76354 0.04375 0.03646
0 0.17118 0.74271 0.04375 0.03646
0 0.16910 0.93906 0.05764 0.02396
0 0.23646 0.93984 0.07708 0.03281
0 0.17361 0.92396 0.06528 0.04271
0 0.18542 0.90312 0.06667 0.03958
0 0.19097 0.87943 0.07222 0.04948
0 0.19861 0.85547 0.06944 0.04740
0 0.20556 0.83177 0.07222 0.03854
0 0.21111 0.80391 0.07500 0.04635
0 0.21910 0.78229 0.07292 0.04375
0 0.22604 0.75599 0.07986 0.04948
0 0.31910 0.94089 0.08819 0.03177
0 0.39931 0.94479 0.07639 0.01771
0 0.45938 0.94844 0.05625 0.01875
0 0.46285 0.93281 0.05347 0.03021
0 0.47326 0.90833 0.05069 0.03229
0 0.48368 0.88099 0.04931 0.03177
0 0.49236 0.85286 0.05972 0.03906
0 0.50104 0.82109 0.05903 0.03698
0 0.51146 0.79401 0.06181 0.03177
0 0.52049 0.76406 0.06597 0.04062
0 0.52917 0.73542 0.06806 0.03958
0 0.40451 0.93411 0.07431 0.02969
0 0.41458 0.90937 0.07778 0.03646
0 0.42396 0.88542 0.07569 0.03646
0 0.42708 0.86068 0.07778 0.03177
0 0.43333 0.83750 0.08056 0.03438
0 0.44132 0.80937 0.07986 0.04062
0 0.45069 0.78307 0.08056 0.04219
0 0.45590 0.75703 0.07708 0.04115
0 0.46250 0.72969 0.08194 0.04063
0 0.32708 0.93385 0.08333 0.03854
0 0.33715 0.91042 0.08264 0.04167
0 0.34618 0.88542 0.08264 0.04062
0 0.35069 0.86016 0.08056 0.03594
0 0.35833 0.83151 0.08750 0.04219
0 0.36875 0.80729 0.07778 0.03646
0 0.37431 0.77813 0.07917 0.04167
0 0.38333 0.74922 0.07778 0.04427
0 0.24861 0.92839 0.07639 0.04323
0 0.25833 0.90547 0.07917 0.04323
0 0.26597 0.88385 0.08333 0.04375
0 0.27326 0.85938 0.08125 0.04062
0 0.27847 0.83438 0.08056 0.04688
0 0.28889 0.80729 0.08333 0.04167
0 0.29549 0.78125 0.08542 0.04271
0 0.30347 0.75599 0.08611 0.04219
0 0.17882 0.71458 0.05347 0.04063
0 0.18507 0.68750 0.05208 0.03854
0 0.19271 0.66250 0.04792 0.03646
0 0.20035 0.63542 0.06042 0.04271
0 0.23542 0.72760 0.07222 0.04479
0 0.24028 0.69922 0.06944 0.04740
0 0.24757 0.67526 0.06875 0.04740
0 0.25556 0.64974 0.06806 0.04427
0 0.53958 0.70781 0.06944 0.03438
0 0.54653 0.67760 0.07222 0.03542
0 0.55833 0.64662 0.06944 0.04115
0 0.56354 0.61615 0.07569 0.03854
0 0.56042 0.57630 0.07639 0.04740
0 0.47049 0.69740 0.08681 0.04271
0 0.48125 0.66979 0.07917 0.04375
0 0.39201 0.71380 0.07569 0.04531
0 0.40625 0.67604 0.07917 0.05104
0 0.40938 0.63776 0.07847 0.04948
0 0.31250 0.72891 0.08750 0.04115
0 0.31875 0.70208 0.09167 0.03854
0 0.32396 0.67240 0.08958 0.04062
0 0.32882 0.64037 0.09097 0.05052
0 0.26285 0.61953 0.06458 0.05677
0 0.20764 0.60521 0.05833 0.04583
0 0.18090 0.57917 0.03125 0.03542
0 0.27500 0.58307 0.07083 0.05573
0 0.22222 0.56953 0.05972 0.04948
0 0.19861 0.54401 0.05139 0.04115
0 0.25590 0.49557 0.11458 0.05573
0 0.27014 0.52656 0.10000 0.06667
0 0.29201 0.54609 0.06319 0.06406
0 0.33924 0.60000 0.08681 0.04792
0 0.35104 0.55130 0.09236 0.06510
0 0.37222 0.50156 0.09722 0.05000
0 0.48542 0.63802 0.08472 0.05000
0 0.41875 0.59844 0.07639 0.05104
0 0.49549 0.59740 0.07986 0.04896
0 0.50278 0.55859 0.07361 0.05365
0 0.43056 0.55339 0.07917 0.06927
0 0.47535 0.51224 0.07569 0.05156
