0 0.30937 0.00546 0.01458 0.01093
0 0.32292 0.01795 0.03229 0.03591
0 0.26380 0.00390 0.01406 0.00781
0 0.27630 0.00429 0.01094 0.00859
0 0.25703 0.02147 0.03281 0.03357
0 0.28542 0.02849 0.04167 0.05699
0 0.22031 0.05269 0.01458 0.01327
0 0.21875 0.06245 0.01771 0.02030
0 0.21693 0.09563 0.03281 0.05855
0 0.24479 0.05738 0.03646 0.06479
0 0.20182 0.15730 0.02344 0.05230
0 0.21276 0.16706 0.02448 0.04372
0 0.23073 0.11905 0.04375 0.06479
0 0.26276 0.08548 0.03698 0.09446
0 0.28281 0.10109 0.03958 0.08821
0 0.35234 0.00781 0.02969 0.01561
0 0.30677 0.04411 0.04167 0.06792
0 0.37969 0.01678 0.04063 0.03357
0 0.34688 0.03201 0.03646 0.04840
0 0.33281 0.06831 0.04479 0.06635
0 0.42604 0.02927 0.02187 0.03513
0 0.44401 0.05582 0.03177 0.03513
0 0.47865 0.09173 0.01146 0.02420
0 0.45495 0.08158 0.03698 0.03981
0 0.40078 0.03474 0.04844 0.05386
0 0.37318 0.06206 0.03594 0.06167
0 0.30338 0.11436 0.04115 0.07416
0 0.34609 0.09797 0.04323 0.07260
0 0.42005 0.06909 0.03906 0.04918
0 0.39062 0.09016 0.03333 0.06011
0 0.50469 0.15066 0.01146 0.01874
0 0.49219 0.13076 0.01458 0.03201
0 0.46615 0.11163 0.04063 0.03435
0 0.43385 0.10500 0.02813 0.03825
0 0.48724 0.13934 0.02240 0.03357
0 0.18958 0.25293 0.01875 0.03747
0 0.19401 0.20687 0.03698 0.05933
0 0.19531 0.30484 0.01667 0.03513
0 0.19844 0.28923 0.02188 0.03669
0 0.20807 0.25488 0.03698 0.06948
0 0.22891 0.20375 0.04010 0.06245
0 0.20365 0.32514 0.00938 0.02888
0 0.21172 0.31304 0.01719 0.02966
0 0.24271 0.14559 0.04688 0.05855
0 0.25755 0.16432 0.04635 0.06167
0 0.24766 0.22248 0.04427 0.05308
0 0.46458 0.14520 0.03333 0.05152
0 0.41250 0.11866 0.04063 0.05777
0 0.43021 0.14286 0.03854 0.05152
0 0.36354 0.11944 0.04479 0.05777
0 0.37552 0.14012 0.04271 0.05855
0 0.39193 0.16237 0.04219 0.05777
0 0.27630 0.17955 0.04948 0.06870
0 0.31693 0.14988 0.04219 0.07494
0 0.33125 0.17369 0.04479 0.08041
0 0.35078 0.19555 0.04531 0.07104
0 0.36510 0.21663 0.04271 0.07260
0 0.22083 0.36027 0.02708 0.03201
0 0.23099 0.38368 0.01719 0.03669
0 0.22057 0.33685 0.02656 0.04918
0 0.23984 0.36768 0.02865 0.04528
0 0.22214 0.26893 0.03594 0.06479
0 0.24141 0.30367 0.04635 0.07338
0 0.25443 0.32592 0.03906 0.06479
0 0.25938 0.25644 0.04062 0.06323
0 0.27813 0.27010 0.03958 0.05933
0 0.29167 0.21429 0.04479 0.06479
0 0.29062 0.30094 0.03958 0.06635
0 0.32083 0.24785 0.05208 0.06792
0 0.31589 0.31421 0.05469 0.06792
0 0.25287 0.42662 0.01719 0.02732
0 0.25026 0.38603 0.02448 0.05699
0 0.26588 0.43794 0.01302 0.01717
0 0.27318 0.41374 0.03385 0.04059
0 0.27240 0.36183 0.03958 0.06948
0 0.31042 0.36807 0.08125 0.06635
0 0.29948 0.41569 0.05625 0.08197
0 0.52813 0.19165 0.01042 0.01952
0 0.49401 0.15535 0.03073 0.01874
0 0.50990 0.17916 0.02708 0.03981
0 0.48385 0.18033 0.03437 0.04372
0 0.44687 0.17213 0.04063 0.05386
0 0.40781 0.19009 0.04271 0.05855
0 0.42370 0.21429 0.04219 0.05699
0 0.38073 0.24122 0.04375 0.07182
0 0.54193 0.21819 0.01615 0.02888
0 0.51849 0.20882 0.03385 0.03669
0 0.49896 0.21468 0.03021 0.03279
0 0.46380 0.21350 0.04323 0.05855
0 0.43776 0.24668 0.04219 0.06401
0 0.39557 0.26347 0.04219 0.06635
0 0.34219 0.27908 0.04688 0.06635
0 0.55417 0.24785 0.01979 0.03513
0 0.53854 0.23927 0.01979 0.02732
0 0.51693 0.24239 0.03073 0.04606
0 0.48203 0.24863 0.04427 0.06167
0 0.45156 0.27283 0.04167 0.06167
0 0.40651 0.29274 0.04427 0.07182
0 0.56771 0.27596 0.01146 0.02108
0 0.55339 0.26776 0.02240 0.03279
0 0.53021 0.27010 0.03958 0.04684
0 0.56953 0.30055 0.03281 0.03747
0 0.53776 0.30211 0.04115 0.04684
0 0.49818 0.29079 0.04115 0.06323
0 0.46588 0.30406 0.04948 0.05074
0 0.60391 0.37354 0.02135 0.05699
0 0.58359 0.34231 0.02760 0.05074
0 0.55495 0.33685 0.03802 0.05230
0 0.60026 0.38329 0.02656 0.03903
0 0.61302 0.41725 0.02292 0.02888
0 0.62344 0.44614 0.01979 0.03357
0 0.52370 0.34660 0.03906 0.06089
0 0.30417 0.45004 0.02604 0.03513
0 0.32500 0.42350 0.04375 0.06792
0 0.34062 0.45082 0.04167 0.06948
0 0.35703 0.47736 0.03594 0.06011
0 0.37787 0.42974 0.03281 0.07104
0 0.36536 0.40554 0.04635 0.06323
0 0.34609 0.37393 0.04115 0.06245
0 0.36406 0.31382 0.04479 0.06557
0 0.38594 0.35636 0.04792 0.07884
0 0.40912 0.40359 0.04010 0.06870
0 0.48203 0.33802 0.04844 0.05621
0 0.42213 0.33138 0.04115 0.08353
0 0.43594 0.35051 0.04792 0.06401
0 0.57083 0.36690 0.03229 0.04528
0 0.58281 0.40086 0.04063 0.05230
0 0.59609 0.44067 0.04219 0.04918
0 0.45000 0.38564 0.05208 0.06401
0 0.49818 0.38134 0.05052 0.06479
0 0.46458 0.41686 0.05312 0.06245
0 0.54193 0.38798 0.04219 0.05777
0 0.55807 0.44106 0.04010 0.06401
0 0.51641 0.41686 0.05156 0.05621
0 0.48177 0.44223 0.05833 0.05386
0 0.63333 0.47112 0.02187 0.02264
0 0.39505 0.53162 0.01927 0.01717
0 0.37604 0.49922 0.02708 0.05699
0 0.40417 0.50781 0.03542 0.04918
0 0.39167 0.46721 0.03438 0.06167
0 0.41745 0.54216 0.03281 0.03981
0 0.42812 0.45121 0.04896 0.07182
0 0.64323 0.49883 0.02708 0.03903
0 0.61432 0.48595 0.03490 0.05386
0 0.65729 0.54020 0.02604 0.04996
0 0.45000 0.54450 0.04792 0.06323
0 0.43802 0.49610 0.04583 0.07260
0 0.47656 0.49141 0.04375 0.06011
0 0.52214 0.46955 0.05052 0.06011
0 0.63984 0.54059 0.04010 0.06167
0 0.60495 0.52303 0.04010 0.06089
0 0.58385 0.48400 0.04063 0.05933
0 0.54219 0.49336 0.05104 0.06557
0 0.46302 0.56987 0.04167 0.05933
0 0.48750 0.58938 0.03646 0.06870
0 0.49609 0.52342 0.04740 0.07104
0 0.50781 0.62100 0.03021 0.06479
0 0.53828 0.65184 0.03906 0.06714
0 0.51979 0.55425 0.04688 0.07338
0 0.53646 0.59016 0.04167 0.08275
0 0.56510 0.53435 0.05000 0.06011
0 0.61042 0.57572 0.04896 0.06479
0 0.66641 0.57923 0.02552 0.03123
0 0.66146 0.64559 0.03125 0.02810
0 0.65208 0.60304 0.04688 0.06635
0 0.62161 0.69048 0.01406 0.03669
0 0.60573 0.73614 0.02188 0.02030
0 0.62162 0.63076 0.05156 0.06714
0 0.59896 0.70843 0.04062 0.04762
0 0.56380 0.67603 0.03281 0.06245
0 0.59635 0.67955 0.03958 0.07728
0 0.58099 0.64130 0.04844 0.07416
0 0.57266 0.59016 0.04323 0.06714
0 0.80208 0.00820 0.02292 0.01639
0 0.80859 0.02771 0.03385 0.03981
0 0.81354 0.05894 0.03438 0.03201
0 0.69713 0.00781 0.02240 0.01561
0 0.76953 0.01171 0.04531 0.02342
0 0.77162 0.03318 0.04531 0.04762
0 0.77526 0.05816 0.04635 0.04606
0 0.72135 0.02342 0.05729 0.04684
0 0.72812 0.05152 0.05417 0.06557
0 0.61875 0.00898 0.01250 0.01795
0 0.62969 0.02303 0.01562 0.04606
0 0.64531 0.02420 0.02604 0.04840
0 0.66875 0.03435 0.05313 0.06870
0 0.55156 0.01327 0.01354 0.02654
0 0.53177 0.01405 0.02917 0.02810
0 0.58359 0.03084 0.05990 0.06167
0 0.53099 0.10851 0.03281 0.05464
0 0.53672 0.04606 0.04427 0.07026
0 0.54713 0.07689 0.04531 0.06479
0 0.56979 0.09719 0.04896 0.06479
0 0.59948 0.04411 0.05625 0.07416
0 0.61771 0.07416 0.06042 0.06089
0 0.53672 0.16940 0.01094 0.02498
0 0.53958 0.13583 0.03125 0.04372
0 0.54531 0.19438 0.01875 0.04372
0 0.55182 0.15574 0.02865 0.05855
0 0.56224 0.22092 0.02552 0.03903
0 0.57865 0.25019 0.02917 0.05230
0 0.58125 0.13310 0.04271 0.05230
0 0.57787 0.18111 0.05260 0.05464
0 0.58802 0.19906 0.04271 0.06401
0 0.62422 0.11202 0.05885 0.06323
0 0.63021 0.14637 0.05625 0.05699
0 0.62057 0.23302 0.07865 0.15691
0 0.59870 0.24005 0.03906 0.06323
0 0.61406 0.27596 0.04375 0.06011
0 0.63437 0.22326 0.04479 0.06089
0 0.67630 0.06401 0.05677 0.06714
0 0.67891 0.10148 0.05573 0.05777
0 0.68047 0.13856 0.05052 0.04918
0 0.73281 0.09173 0.05625 0.07572
0 0.81068 0.07963 0.04219 0.02654
0 0.81589 0.10890 0.04635 0.04137
0 0.77005 0.09719 0.06094 0.04450
0 0.84271 0.14910 0.01458 0.03591
0 0.82213 0.14676 0.04427 0.04372
0 0.78177 0.13739 0.04167 0.04528
0 0.73750 0.12646 0.06042 0.05152
0 0.71536 0.15691 0.04531 0.06089
0 0.67083 0.18540 0.04375 0.05074
0 0.78880 0.17291 0.04010 0.04294
0 0.74844 0.17994 0.05313 0.06011
0 0.84115 0.18852 0.03021 0.04606
0 0.80469 0.19438 0.08333 0.06089
0 0.69505 0.20453 0.04740 0.06557
0 0.72604 0.21312 0.04688 0.05464
0 0.82943 0.23575 0.05156 0.05777
0 0.82370 0.28884 0.04010 0.05933
0 0.80990 0.34036 0.02708 0.06245
0 0.78906 0.35675 0.02812 0.04840
0 0.76953 0.38681 0.03281 0.03669
0 0.60781 0.32045 0.01875 0.04450
0 0.63203 0.30289 0.04844 0.07026
0 0.65651 0.24512 0.04427 0.07963
0 0.67448 0.26581 0.03646 0.06792
0 0.70911 0.26112 0.04323 0.06167
0 0.62578 0.34816 0.02135 0.04059
0 0.67370 0.39735 0.01927 0.01874
0 0.65495 0.37861 0.03698 0.03279
0 0.65339 0.32826 0.04948 0.07572
0 0.74740 0.38954 0.02292 0.03903
0 0.72448 0.38407 0.03333 0.06870
0 0.69505 0.36066 0.03594 0.09055
0 0.68281 0.33802 0.04375 0.09992
0 0.15599 0.41725 0.02656 0.01327
0 0.18984 0.42115 0.04948 0.02420
0 0.20287 0.43521 0.01823 0.01639
0 0.22109 0.44223 0.02969 0.02732
0 0.24219 0.45199 0.04583 0.03903
0 0.26172 0.46526 0.04219 0.03747
0 0.28125 0.47775 0.05000 0.04528
0 0.30208 0.49258 0.05312 0.05152
0 0.31927 0.50937 0.05104 0.04918
0 0.33411 0.52342 0.05469 0.05230
0 0.35286 0.53747 0.05052 0.05386
0 0.37370 0.55465 0.06094 0.05543
0 0.38750 0.58002 0.05521 0.06557
0 0.41562 0.59875 0.05312 0.07494
0 0.43620 0.62022 0.06094 0.07884
0 0.45260 0.64559 0.06979 0.09055
0 0.46562 0.66237 0.06979 0.08977
0 0.51172 0.68774 0.05365 0.09368
0 0.51901 0.71311 0.04219 0.06167
0 0.53776 0.72951 0.06510 0.08821
0 0.55911 0.75410 0.07656 0.09992
0 0.58750 0.80055 0.07188 0.11788
0 0.72109 0.97580 0.06302 0.04840
0 0.70026 0.97034 0.05260 0.05933
0 0.68463 0.94614 0.06094 0.08587
0 0.63854 0.89266 0.03437 0.06479
0 0.65729 0.84153 0.02604 0.04684
0 0.06771 0.66120 0.01458 0.03903
0 0.07760 0.68579 0.00625 0.01795
0 0.08411 0.69828 0.01094 0.02264
0 0.09323 0.71663 0.01250 0.03435
0 0.10443 0.73927 0.01302 0.02654
0 0.11562 0.76073 0.01146 0.02420
0 0.12292 0.77557 0.00729 0.01952
0 0.13177 0.79430 0.01250 0.02108
0 0.14427 0.81108 0.01354 0.02186
0 0.15677 0.83333 0.01562 0.03201
0 0.16771 0.85558 0.01042 0.02498
0 0.17578 0.86768 0.00990 0.02264
0 0.05130 0.56870 0.01615 0.03981
0 0.06198 0.60344 0.03229 0.06870
0 0.07656 0.62607 0.02813 0.06089
0 0.09063 0.64715 0.03958 0.08899
0 0.10547 0.66667 0.04010 0.08743
0 0.11875 0.69282 0.04167 0.09758
0 0.12995 0.71546 0.04010 0.10226
0 0.14557 0.74005 0.04531 0.10773
0 0.15859 0.76230 0.04740 0.10226
0 0.17656 0.78142 0.05313 0.10929
0 0.19167 0.80523 0.06042 0.10539
0 0.20807 0.82670 0.06719 0.09680
0 0.08177 0.45511 0.01667 0.04059
0 0.10234 0.44692 0.03594 0.06323
0 0.11823 0.45511 0.05104 0.08275
0 0.14401 0.46487 0.06615 0.09602
0 0.16953 0.47736 0.06510 0.09290
0 0.18411 0.48517 0.06927 0.08353
0 0.20130 0.50664 0.07865 0.10304
0 0.22370 0.52108 0.07031 0.09758
0 0.24219 0.54098 0.07812 0.09992
0 0.25885 0.56362 0.07708 0.11085
0 0.27370 0.57767 0.07240 0.10929
0 0.29297 0.59680 0.07656 0.11163
0 0.06797 0.51717 0.04010 0.08821
0 0.08203 0.52966 0.05156 0.10383
0 0.09089 0.54723 0.03906 0.11085
0 0.11198 0.55074 0.05833 0.10851
0 0.12474 0.56050 0.04740 0.08431
0 0.13932 0.58236 0.06094 0.11866
0 0.15755 0.60304 0.06615 0.12412
0 0.17552 0.60734 0.06354 0.10148
0 0.18854 0.64208 0.08021 0.12412
0 0.20000 0.66471 0.07083 0.11788
0 0.21875 0.68072 0.07500 0.12959
0 0.23646 0.69828 0.07917 0.12412
0 0.31354 0.61280 0.08021 0.11241
0 0.24766 0.72131 0.06927 0.11241
0 0.26354 0.75332 0.08333 0.12334
0 0.32604 0.64442 0.08958 0.13505
0 0.35000 0.66823 0.08958 0.13739
0 0.37526 0.68696 0.09115 0.12802
0 0.37396 0.72912 0.07500 0.13583
0 0.39922 0.74083 0.06302 0.12334
0 0.27969 0.76503 0.07396 0.11085
0 0.29323 0.78493 0.08646 0.11944
0 0.21224 0.86651 0.06510 0.10461
0 0.23177 0.88486 0.06354 0.11475
0 0.24505 0.90047 0.05990 0.11475
0 0.30417 0.82006 0.07500 0.12568
0 0.32760 0.85246 0.08854 0.14364
0 0.33880 0.87393 0.06302 0.14910
0 0.37370 0.86690 0.08385 0.13661
0 0.25677 0.92974 0.05521 0.10773
0 0.27213 0.94614 0.05885 0.10773
0 0.29271 0.95941 0.05833 0.08119
0 0.32161 0.97190 0.06719 0.05621
0 0.35885 0.99180 0.03229 0.01639
0 0.39297 0.92233 0.09427 0.13817
0 0.40859 0.93404 0.07969 0.13193
0 0.45755 0.70960 0.07135 0.04996
0 0.43516 0.79040 0.06510 0.14442
0 0.47526 0.80016 0.07865 0.14051
0 0.48594 0.83138 0.08958 0.13427
0 0.51380 0.83958 0.08490 0.10226
0 0.65937 0.90828 0.06563 0.10539
0 0.60625 0.85753 0.08438 0.14910
0 0.44688 0.94614 0.09479 0.10773
0 0.52005 0.90008 0.09115 0.15925
0 0.78568 0.84543 0.03281 0.05621
0 0.85833 0.85012 0.03542 0.02810
0 0.82109 0.84777 0.04635 0.06089
0 0.81875 0.77400 0.03333 0.04918
0 0.83151 0.81421 0.05677 0.05621
0 0.95182 0.83411 0.03281 0.02264
0 0.91198 0.82904 0.05625 0.05777
0 0.88203 0.80523 0.05781 0.07416
0 0.97656 0.79703 0.04688 0.05777
0 0.93177 0.80406 0.04479 0.06714
0 0.96979 0.76347 0.05521 0.10929
0 0.92057 0.74746 0.05052 0.10539
0 0.85729 0.74980 0.05313 0.09758
0 0.88984 0.71936 0.04948 0.08977
0 0.99167 0.73692 0.01667 0.06401
0 0.83542 0.50546 0.01354 0.02264
0 0.81172 0.50586 0.03802 0.04059
0 0.77760 0.51561 0.03542 0.03513
0 0.75208 0.52927 0.03542 0.03279
0 0.72057 0.54411 0.03177 0.03279
0 0.69141 0.57221 0.03385 0.04059
0 0.71953 0.58782 0.04323 0.07338
0 0.74974 0.57689 0.04635 0.08275
0 0.77682 0.57026 0.04427 0.08821
0 0.80755 0.55894 0.04740 0.09368
0 0.83125 0.53864 0.03438 0.07338
0 0.88229 0.49454 0.01042 0.01327
0 0.85703 0.49571 0.05260 0.04372
0 0.91979 0.50273 0.04479 0.02966
0 0.89870 0.54918 0.03698 0.11475
0 0.86250 0.54450 0.04167 0.09290
0 0.80729 0.74239 0.05313 0.09524
0 0.83854 0.70414 0.05417 0.07338
0 0.69870 0.61475 0.06198 0.07260
0 0.68412 0.68735 0.05781 0.08509
0 0.72240 0.68774 0.04896 0.09524
0 0.75182 0.65925 0.05469 0.09290
0 0.77839 0.65808 0.05573 0.09368
0 0.80729 0.63934 0.05313 0.09680
0 0.84375 0.62100 0.04271 0.09758
0 0.88229 0.62256 0.04792 0.11163
0 0.96016 0.51873 0.04844 0.03669
0 0.93047 0.57143 0.04427 0.11241
0 0.96823 0.55269 0.04375 0.06089
0 0.99063 0.58431 0.01875 0.04762
0 0.98099 0.68228 0.03802 0.06714
0 0.97005 0.62022 0.05990 0.08977
0 0.90365 0.64871 0.05833 0.09368
0 0.94792 0.67018 0.05313 0.09133
0 0.65312 0.81030 0.03333 0.03591
0 0.64870 0.75722 0.06615 0.07650
0 0.75000 0.86105 0.03854 0.03747
0 0.76615 0.83411 0.05625 0.04294
0 0.78438 0.80406 0.04479 0.06557
0 0.72083 0.85012 0.03750 0.05152
0 0.76719 0.73614 0.04896 0.08275
0 0.74427 0.77557 0.04583 0.09914
0 0.68594 0.83958 0.04479 0.05543
0 0.71016 0.78493 0.03698 0.10695
0 0.68229 0.76971 0.06354 0.09055
