0 0.53056 0.82083 0.04028 0.01667
0 0.56667 0.82266 0.05139 0.01927
0 0.60868 0.82135 0.03819 0.01354
0 0.65833 0.80234 0.03056 0.02656
0 0.67813 0.77448 0.02014 0.02917
0 0.66181 0.77891 0.03194 0.02760
0 0.62917 0.80521 0.04028 0.03125
0 0.67986 0.75130 0.02222 0.02969
0 0.68542 0.72552 0.01389 0.02604
0 0.68472 0.70469 0.01528 0.02604
0 0.67083 0.75052 0.02917 0.03021
0 0.66701 0.72891 0.03125 0.02448
0 0.67014 0.70573 0.02917 0.02708
0 0.46458 0.70677 0.00694 0.01875
0 0.46667 0.72578 0.00833 0.01927
0 0.48924 0.79115 0.00903 0.00938
0 0.51285 0.80287 0.03819 0.02448
0 0.48194 0.77526 0.01806 0.02448
0 0.47882 0.75365 0.02153 0.02292
0 0.47986 0.73672 0.02222 0.02760
0 0.47847 0.71615 0.02778 0.02396
0 0.50799 0.78281 0.03958 0.03229
0 0.50590 0.76250 0.03958 0.02500
0 0.50764 0.74271 0.04306 0.02917
0 0.54410 0.80495 0.03819 0.02135
0 0.58646 0.80729 0.05208 0.03021
0 0.54097 0.78255 0.04583 0.02865
0 0.54583 0.75963 0.05139 0.03177
0 0.51250 0.72083 0.05000 0.02604
0 0.54861 0.73281 0.04722 0.03229
0 0.62188 0.78880 0.05208 0.02656
0 0.63472 0.76667 0.04722 0.02604
0 0.63437 0.74609 0.04931 0.02656
0 0.63611 0.72187 0.04722 0.02812
0 0.58507 0.78463 0.04375 0.02865
0 0.59167 0.76510 0.05000 0.03021
0 0.59132 0.74193 0.04792 0.02656
0 0.59167 0.71979 0.05694 0.02500
0 0.42535 0.45208 0.01458 0.01458
0 0.42014 0.43203 0.01111 0.01406
0 0.41910 0.41536 0.01458 0.01927
0 0.41597 0.39349 0.01528 0.02656
0 0.41597 0.37578 0.02361 0.01927
0 0.45660 0.61432 0.02014 0.02135
0 0.45347 0.59167 0.02778 0.03021
0 0.45486 0.56953 0.02361 0.02552
0 0.44792 0.54844 0.01667 0.02083
0 0.44375 0.52917 0.01806 0.02396
0 0.43924 0.50703 0.02014 0.02240
0 0.43958 0.48646 0.02500 0.02396
0 0.43889 0.46458 0.02639 0.02292
0 0.43611 0.44349 0.02778 0.02240
0 0.43472 0.42318 0.03194 0.02344
0 0.43750 0.40286 0.03333 0.02448
0 0.43715 0.38307 0.03264 0.02969
0 0.64062 0.38594 0.01319 0.02083
0 0.64062 0.36354 0.01319 0.01979
0 0.62604 0.37995 0.03403 0.02656
0 0.45868 0.63646 0.02014 0.02604
0 0.46076 0.67995 0.01319 0.01823
0 0.46215 0.65990 0.01458 0.02500
0 0.47847 0.69401 0.03750 0.03073
0 0.48125 0.67682 0.03194 0.02552
0 0.48090 0.65729 0.03125 0.02500
0 0.47882 0.63724 0.02986 0.02448
0 0.47743 0.61589 0.03681 0.02969
0 0.47674 0.59193 0.03264 0.02865
0 0.47569 0.57292 0.02917 0.01875
0 0.47083 0.55495 0.03750 0.02552
0 0.46632 0.53307 0.04097 0.02344
0 0.46840 0.51094 0.04375 0.03229
0 0.46667 0.48750 0.04167 0.02604
0 0.68264 0.67813 0.02083 0.02917
0 0.68333 0.65651 0.01667 0.02344
0 0.68125 0.63307 0.01250 0.02031
0 0.67639 0.61198 0.01389 0.02812
0 0.66806 0.68099 0.02361 0.02760
0 0.66875 0.65573 0.02500 0.02917
0 0.66667 0.63437 0.02500 0.02812
0 0.66146 0.61224 0.02986 0.02448
0 0.63715 0.69922 0.05069 0.02865
0 0.63958 0.67656 0.04583 0.03125
0 0.63854 0.65234 0.04236 0.02865
0 0.64167 0.62526 0.03889 0.03698
0 0.59618 0.69896 0.04514 0.02917
0 0.59965 0.67448 0.05069 0.03125
0 0.60243 0.65000 0.04792 0.02917
0 0.60104 0.62630 0.05208 0.03177
0 0.59722 0.60885 0.05833 0.02604
0 0.67326 0.58828 0.01458 0.02344
0 0.65972 0.59271 0.02778 0.02812
0 0.59792 0.58646 0.05000 0.02604
0 0.66979 0.54557 0.00903 0.02031
0 0.67153 0.56667 0.01250 0.02292
0 0.65903 0.56927 0.03056 0.02604
0 0.63507 0.59323 0.03958 0.03542
0 0.65660 0.54896 0.02153 0.02708
0 0.65729 0.52630 0.02569 0.02865
0 0.65451 0.50495 0.02431 0.03073
0 0.65208 0.47891 0.02083 0.02656
0 0.65104 0.45547 0.02014 0.02969
0 0.64688 0.43021 0.01736 0.02188
0 0.64583 0.40469 0.01389 0.02187
0 0.63333 0.56458 0.04167 0.02500
0 0.63229 0.54323 0.04097 0.03125
0 0.62813 0.51927 0.03958 0.02708
0 0.63021 0.49531 0.03819 0.03125
0 0.63160 0.46875 0.04097 0.02812
0 0.62917 0.44740 0.03333 0.02813
0 0.62674 0.42448 0.03819 0.02812
0 0.62396 0.40391 0.03819 0.02865
0 0.59514 0.56224 0.04861 0.03073
0 0.59306 0.53854 0.05000 0.03021
0 0.59410 0.51224 0.04792 0.02865
0 0.59236 0.49062 0.05000 0.02812
0 0.59583 0.46588 0.04722 0.03073
0 0.59375 0.44245 0.04861 0.03073
0 0.59097 0.41771 0.04306 0.03437
0 0.59618 0.38542 0.04236 0.03750
0 0.55243 0.70365 0.04653 0.03542
0 0.55417 0.67969 0.04722 0.03125
0 0.55625 0.65338 0.05000 0.03177
0 0.55625 0.62578 0.04861 0.03281
0 0.55278 0.59662 0.04861 0.02969
0 0.55104 0.57422 0.04931 0.02760
0 0.55000 0.54896 0.05417 0.03021
0 0.54931 0.52552 0.05417 0.02812
0 0.55208 0.50208 0.05278 0.02917
0 0.55174 0.47682 0.05069 0.02448
0 0.51181 0.70338 0.03750 0.02865
0 0.51389 0.68490 0.04167 0.02917
0 0.51285 0.66302 0.04375 0.02604
0 0.51354 0.64115 0.04653 0.02813
0 0.51597 0.62135 0.04722 0.02500
0 0.51215 0.60104 0.04792 0.02917
0 0.50868 0.57760 0.04514 0.02708
0 0.50660 0.55625 0.04514 0.02500
0 0.50590 0.53620 0.04931 0.03177
0 0.50694 0.51198 0.04722 0.02813
0 0.50694 0.49010 0.04722 0.02917
0 0.62986 0.31406 0.01111 0.01458
0 0.63819 0.33568 0.00556 0.01615
0 0.62535 0.35365 0.03542 0.03021
0 0.62257 0.33203 0.02847 0.02656
0 0.62118 0.26953 0.00625 0.00573
0 0.62639 0.29245 0.00972 0.01094
0 0.61736 0.30755 0.02778 0.02656
0 0.61076 0.28333 0.03681 0.02812
0 0.61250 0.25313 0.02222 0.03646
0 0.60694 0.20990 0.01667 0.03125
0 0.59583 0.17734 0.01389 0.02240
0 0.57917 0.14635 0.01250 0.01562
0 0.59722 0.35365 0.04444 0.03021
0 0.59479 0.32578 0.04097 0.02969
0 0.59167 0.29609 0.04306 0.03698
0 0.59549 0.25938 0.03125 0.03646
0 0.59479 0.22578 0.02986 0.03385
0 0.58854 0.19583 0.02986 0.03750
0 0.57569 0.16745 0.03194 0.03073
0 0.40451 0.18620 0.01319 0.02135
0 0.40729 0.23750 0.01181 0.01458
0 0.40972 0.22109 0.02500 0.02656
0 0.41562 0.19974 0.03264 0.02865
0 0.40660 0.25755 0.01319 0.02865
0 0.40521 0.27526 0.00903 0.01094
0 0.40729 0.29948 0.00903 0.00938
0 0.42049 0.31016 0.03542 0.02448
0 0.41458 0.28646 0.02639 0.03021
0 0.42431 0.26588 0.03472 0.03073
0 0.43403 0.24167 0.04861 0.02917
0 0.41250 0.33151 0.03056 0.02760
0 0.41389 0.35443 0.02778 0.02969
0 0.43889 0.35755 0.03750 0.03177
0 0.44097 0.32969 0.03472 0.03646
0 0.44410 0.29401 0.03819 0.03698
0 0.45174 0.26120 0.04097 0.03490
0 0.43993 0.21927 0.03819 0.03125
0 0.46944 0.46693 0.04167 0.02552
0 0.46562 0.44141 0.04375 0.03385
0 0.50729 0.46432 0.05347 0.03073
0 0.55208 0.45677 0.05556 0.02604
0 0.55174 0.43229 0.05208 0.02813
0 0.50625 0.43828 0.04861 0.03073
0 0.47292 0.41328 0.05139 0.03385
0 0.47118 0.38333 0.04653 0.03438
0 0.47326 0.35729 0.04792 0.03021
0 0.47500 0.33359 0.05278 0.02552
0 0.47604 0.31198 0.05069 0.03021
0 0.47917 0.28412 0.04722 0.03594
0 0.48542 0.25182 0.04444 0.03594
0 0.47951 0.22526 0.05069 0.02969
0 0.55382 0.40964 0.05486 0.02552
0 0.50660 0.40443 0.04931 0.03177
0 0.55382 0.39167 0.05347 0.02500
0 0.51389 0.37813 0.05278 0.02604
0 0.51771 0.35521 0.05208 0.02917
0 0.51910 0.32969 0.05347 0.02708
0 0.51979 0.30651 0.05208 0.02760
0 0.52431 0.28073 0.04722 0.02917
0 0.52778 0.25547 0.04861 0.02656
0 0.52951 0.23047 0.05903 0.02656
0 0.51944 0.20625 0.05278 0.03125
0 0.55799 0.36797 0.05208 0.02865
0 0.56076 0.34271 0.04792 0.02812
0 0.55903 0.31745 0.04583 0.02760
0 0.56389 0.29271 0.04861 0.02604
0 0.56667 0.26875 0.05000 0.02813
0 0.56979 0.24193 0.04514 0.03073
0 0.56458 0.21354 0.04444 0.03125
0 0.55799 0.18724 0.04792 0.03385
0 0.54167 0.17057 0.03889 0.02656
0 0.50833 0.18307 0.05000 0.03073
0 0.57118 0.12552 0.02153 0.03125
0 0.55000 0.14583 0.04722 0.02917
0 0.56597 0.10599 0.01111 0.01094
0 0.54583 0.07760 0.02083 0.01458
0 0.55833 0.09063 0.03056 0.02292
0 0.55104 0.09687 0.03403 0.02812
0 0.40521 0.15625 0.01319 0.01667
0 0.42014 0.17031 0.04306 0.03333
0 0.40729 0.13880 0.01875 0.02760
0 0.41354 0.11146 0.02569 0.02812
0 0.43264 0.09167 0.02778 0.03333
