0 0.09245 0.03555 0.02344 0.02891
0 0.09948 0.04961 0.02292 0.02891
0 0.10443 0.06445 0.02135 0.02891
0 0.10963 0.07383 0.01927 0.02422
0 0.11120 0.02070 0.02240 0.03047
0 0.11536 0.03320 0.02135 0.02734
0 0.12109 0.04336 0.02135 0.02734
0 0.11354 0.08398 0.02083 0.02734
0 0.13984 0.01523 0.02552 0.03047
0 0.14974 0.02539 0.02969 0.03828
0 0.15521 0.03633 0.02396 0.03516
0 0.30547 0.00859 0.02656 0.01719
0 0.24349 0.00859 0.02031 0.01719
0 0.25755 0.01406 0.02865 0.02812
0 0.18828 0.01172 0.02135 0.02344
0 0.20156 0.01719 0.02917 0.03438
0 0.20495 0.02266 0.02760 0.03906
0 0.12031 0.09687 0.02188 0.03125
0 0.12526 0.10664 0.02031 0.03047
0 0.13047 0.11914 0.01927 0.03359
0 0.13594 0.13242 0.02188 0.03672
0 0.14271 0.14687 0.02083 0.03437
0 0.14635 0.16055 0.01875 0.03516
0 0.15573 0.17422 0.02292 0.03906
0 0.12526 0.05664 0.01927 0.03047
0 0.13463 0.07617 0.01823 0.03047
0 0.14245 0.08594 0.02031 0.03281
0 0.15286 0.11328 0.02969 0.05156
0 0.16510 0.13867 0.02292 0.03984
0 0.16354 0.04414 0.02500 0.04453
0 0.17213 0.06211 0.03281 0.05234
0 0.16406 0.18555 0.02083 0.03984
0 0.17162 0.20508 0.02240 0.03828
0 0.17891 0.22344 0.02135 0.03594
0 0.18802 0.24219 0.02083 0.04062
0 0.19688 0.26094 0.01979 0.03594
0 0.20859 0.27656 0.02031 0.03594
0 0.21771 0.29609 0.01979 0.03906
0 0.22760 0.32266 0.01979 0.03750
0 0.23802 0.34297 0.01979 0.03750
0 0.25182 0.37148 0.01719 0.04453
0 0.26667 0.39023 0.02292 0.04766
0 0.28437 0.41797 0.02292 0.05625
0 0.35859 0.01289 0.02865 0.02578
0 0.38958 0.02070 0.02083 0.02734
0 0.39870 0.03281 0.02240 0.02812
0 0.40521 0.05156 0.02187 0.02656
0 0.36406 0.03008 0.03646 0.04141
0 0.41276 0.06992 0.02344 0.03203
0 0.42500 0.08750 0.02708 0.03594
0 0.43594 0.10859 0.02917 0.03281
0 0.44531 0.12617 0.02187 0.02422
0 0.45625 0.14727 0.03333 0.04609
0 0.46693 0.16836 0.03698 0.03828
0 0.47578 0.19570 0.03802 0.03672
0 0.48516 0.22930 0.03906 0.05391
0 0.49141 0.26797 0.02865 0.04375
0 0.21328 0.03359 0.03281 0.04844
0 0.26745 0.02383 0.03802 0.03828
0 0.31875 0.02070 0.03021 0.03047
0 0.18229 0.08438 0.01979 0.04688
0 0.22266 0.04961 0.02969 0.04609
0 0.27292 0.04062 0.03646 0.04219
0 0.17526 0.15781 0.01823 0.04219
0 0.18385 0.17656 0.01875 0.04375
0 0.19115 0.19766 0.01771 0.04375
0 0.23099 0.06836 0.02865 0.04922
0 0.19583 0.10313 0.02083 0.04688
0 0.20391 0.12383 0.02656 0.03828
0 0.36719 0.04805 0.03021 0.02578
0 0.37734 0.06172 0.02969 0.02344
0 0.32422 0.04062 0.02969 0.03438
0 0.27943 0.05977 0.04219 0.04297
0 0.23802 0.08984 0.03333 0.04062
0 0.21172 0.14297 0.02969 0.04844
0 0.24688 0.11172 0.03750 0.04844
0 0.28568 0.08086 0.04219 0.04766
0 0.21745 0.16523 0.02760 0.04453
0 0.29245 0.09922 0.03698 0.04688
0 0.33073 0.06250 0.03125 0.03750
0 0.34193 0.07617 0.03177 0.03672
0 0.19922 0.21523 0.02135 0.04766
0 0.22474 0.18203 0.02865 0.05000
0 0.25547 0.13672 0.03281 0.04531
0 0.20859 0.23164 0.01927 0.04141
0 0.21953 0.25273 0.02344 0.03984
0 0.22891 0.27266 0.02135 0.04531
0 0.23672 0.29492 0.02135 0.05078
0 0.24583 0.31914 0.01667 0.04609
0 0.30547 0.11445 0.03385 0.05078
0 0.38932 0.07969 0.03177 0.03125
0 0.26537 0.15703 0.04427 0.05000
0 0.23333 0.20469 0.03021 0.05312
0 0.24792 0.22109 0.03125 0.05312
0 0.25469 0.24297 0.03333 0.05781
0 0.26406 0.26641 0.03646 0.07031
0 0.39948 0.10156 0.02812 0.02813
0 0.35286 0.09609 0.03594 0.03594
0 0.31510 0.13164 0.03542 0.05547
0 0.27786 0.17578 0.04010 0.05000
0 0.29167 0.19453 0.04479 0.05156
0 0.29740 0.21602 0.04375 0.05078
0 0.32787 0.14727 0.04635 0.04922
0 0.36406 0.11719 0.04271 0.04219
0 0.33932 0.17188 0.05156 0.04688
0 0.37682 0.13906 0.04531 0.03594
0 0.41198 0.11875 0.03021 0.02813
0 0.42370 0.13789 0.03177 0.03047
0 0.25912 0.33477 0.02031 0.04766
0 0.27005 0.35547 0.02031 0.05312
0 0.29010 0.37383 0.02708 0.06328
0 0.27786 0.28633 0.03385 0.06328
0 0.28958 0.31406 0.03021 0.05781
0 0.30703 0.25078 0.03802 0.05937
0 0.32344 0.27305 0.03854 0.06484
0 0.34583 0.20391 0.05000 0.05781
0 0.38229 0.16953 0.04583 0.04688
0 0.42838 0.16328 0.03698 0.02969
0 0.39062 0.19219 0.03958 0.03906
0 0.43542 0.18906 0.04375 0.04219
0 0.36276 0.23867 0.04844 0.05234
0 0.40234 0.21445 0.04948 0.04609
0 0.45260 0.21836 0.04375 0.04609
0 0.41771 0.25352 0.05208 0.05703
0 0.38021 0.27383 0.04688 0.06328
0 0.31615 0.34219 0.03542 0.07031
0 0.34141 0.30117 0.04219 0.06328
0 0.30729 0.43672 0.02500 0.04844
0 0.34688 0.45312 0.04896 0.05000
0 0.31979 0.40547 0.03438 0.05469
0 0.33542 0.36484 0.03542 0.05781
0 0.35234 0.40195 0.03177 0.05859
0 0.36927 0.33359 0.04063 0.06094
0 0.38073 0.36914 0.04167 0.06016
0 0.44010 0.32852 0.03854 0.04453
0 0.42943 0.29102 0.04531 0.05703
0 0.46406 0.26680 0.03542 0.06016
