0 0.97760 0.58935 0.00313 0.01389
0 0.97604 0.59861 0.00417 0.01759
0 0.97396 0.60602 0.00417 0.01759
0 0.97187 0.61065 0.00417 0.01019
0 0.97135 0.61620 0.00417 0.01389
0 0.97031 0.62176 0.00521 0.01944
0 0.96693 0.62870 0.00365 0.01852
0 0.96406 0.63843 0.00417 0.01389
0 0.96146 0.64444 0.00417 0.01481
0 0.95885 0.65185 0.00313 0.01111
0 0.95703 0.65694 0.00156 0.00648
0 0.95521 0.66204 0.00312 0.00741
0 0.95365 0.66806 0.00208 0.00648
0 0.95130 0.67454 0.00469 0.01389
0 0.97552 0.54861 0.00625 0.00648
0 0.97656 0.55787 0.01042 0.01759
0 0.97552 0.56574 0.01146 0.02407
0 0.97370 0.57315 0.01094 0.02407
0 0.97188 0.58194 0.00937 0.02130
0 0.96953 0.58796 0.00990 0.02222
0 0.96771 0.59722 0.00833 0.02407
0 0.96588 0.60509 0.00677 0.01944
0 0.96406 0.61111 0.00833 0.02037
0 0.96198 0.62083 0.00833 0.02315
0 0.95990 0.62500 0.00833 0.02222
0 0.95833 0.63056 0.00729 0.02037
0 0.95573 0.63704 0.00937 0.02037
0 0.95443 0.63935 0.00781 0.01574
0 0.95338 0.64907 0.00885 0.02222
0 0.96797 0.52500 0.01094 0.01296
0 0.96693 0.53380 0.01615 0.02130
0 0.96615 0.53657 0.01354 0.01759
0 0.96484 0.54352 0.01510 0.02037
0 0.96380 0.55093 0.01302 0.02037
0 0.96276 0.55880 0.01302 0.01944
0 0.96042 0.56250 0.01354 0.01389
0 0.96068 0.57083 0.01406 0.01944
0 0.95807 0.57870 0.01406 0.01667
0 0.95729 0.58796 0.01354 0.02037
0 0.95547 0.59306 0.01406 0.02130
0 0.95365 0.60046 0.01354 0.02130
0 0.95234 0.60787 0.01198 0.01759
0 0.94974 0.61157 0.01302 0.01944
0 0.94896 0.61898 0.01250 0.02130
0 0.95833 0.51389 0.01354 0.01667
0 0.95417 0.51667 0.01667 0.01852
0 0.95104 0.52083 0.01667 0.01389
0 0.95104 0.52778 0.01667 0.01852
0 0.95000 0.53333 0.01562 0.01481
0 0.94974 0.54213 0.01510 0.01759
0 0.94792 0.54769 0.01667 0.01759
0 0.94687 0.55324 0.01562 0.01574
0 0.94583 0.55880 0.01667 0.01574
0 0.94531 0.56667 0.01562 0.01852
0 0.94323 0.57130 0.01562 0.01852
0 0.94245 0.58009 0.01510 0.01759
0 0.94037 0.58565 0.01510 0.01574
0 0.93958 0.59259 0.01458 0.02037
0 0.93750 0.59722 0.01354 0.01852
0 0.93516 0.60324 0.01719 0.01944
0 0.95026 0.65694 0.00781 0.02315
0 0.94818 0.67963 0.00469 0.01667
0 0.94531 0.68796 0.00417 0.01481
0 0.94219 0.69213 0.00313 0.01019
0 0.94010 0.69815 0.00313 0.01296
0 0.89375 0.55602 0.00729 0.01759
0 0.91771 0.52130 0.00938 0.02037
0 0.91380 0.52546 0.01302 0.02130
0 0.91094 0.53287 0.01458 0.01574
0 0.90807 0.53565 0.01510 0.01019
0 0.90443 0.54120 0.01302 0.00833
0 0.88932 0.56759 0.00260 0.00556
0 0.88802 0.57269 0.00313 0.00463
0 0.88672 0.57639 0.00573 0.00648
0 0.88542 0.58056 0.00625 0.00556
0 0.88437 0.58472 0.00625 0.00463
0 0.88307 0.58982 0.00885 0.00741
0 0.90339 0.54444 0.01094 0.00926
0 0.90130 0.55000 0.01094 0.00926
0 0.89896 0.55648 0.01354 0.01111
0 0.89688 0.56250 0.01354 0.01019
0 0.89635 0.56852 0.01458 0.01111
0 0.89557 0.57315 0.01302 0.01111
0 0.91458 0.54491 0.01354 0.01019
0 0.91380 0.55185 0.01615 0.01481
0 0.91354 0.55880 0.01562 0.01574
0 0.91146 0.56111 0.01562 0.01111
0 0.91276 0.56806 0.01406 0.01389
0 0.93073 0.54444 0.01562 0.01481
0 0.92969 0.54907 0.01771 0.01481
0 0.92969 0.55694 0.01667 0.01574
0 0.92865 0.56250 0.01458 0.01389
0 0.92787 0.56852 0.01510 0.01667
0 0.92656 0.57546 0.01458 0.01574
0 0.92344 0.58009 0.01562 0.01944
0 0.92135 0.58657 0.01562 0.01759
0 0.91901 0.59213 0.01615 0.01944
0 0.94661 0.62315 0.01198 0.01667
0 0.94427 0.63194 0.01354 0.02315
0 0.94245 0.64074 0.01302 0.02407
0 0.93385 0.61157 0.01458 0.01944
0 0.93099 0.61991 0.01406 0.02130
0 0.94687 0.66296 0.00729 0.01667
0 0.94453 0.66944 0.00781 0.01852
0 0.93229 0.69861 0.01458 0.02130
0 0.93750 0.67778 0.01667 0.02963
0 0.92292 0.72083 0.01042 0.02685
0 0.91641 0.72176 0.01198 0.02315
0 0.93646 0.64954 0.01667 0.03056
0 0.92787 0.62963 0.01615 0.02963
0 0.91667 0.60417 0.01771 0.02870
0 0.90755 0.58009 0.01510 0.03056
0 0.89427 0.58750 0.01458 0.02685
0 0.88359 0.60046 0.01406 0.01759
0 0.88073 0.61019 0.01667 0.02778
0 0.87318 0.63009 0.01406 0.01759
0 0.86901 0.63657 0.01406 0.01574
0 0.86484 0.64630 0.01302 0.02407
0 0.89141 0.55324 0.00573 0.01759
0 0.89844 0.53472 0.01042 0.02130
0 0.87448 0.57824 0.01042 0.02315
0 0.88307 0.56157 0.01198 0.02685
0 0.87344 0.55787 0.00937 0.02870
0 0.86615 0.52500 0.01146 0.02778
0 0.87552 0.53287 0.01250 0.03241
0 0.88698 0.53472 0.01250 0.03056
0 0.90781 0.51528 0.01250 0.02315
0 0.89688 0.51343 0.01562 0.02685
0 0.88594 0.50880 0.01458 0.02870
0 0.87474 0.50509 0.01198 0.02870
0 0.73385 0.39768 0.00937 0.01019
0 0.74323 0.40185 0.01042 0.00926
0 0.75234 0.40463 0.00885 0.01296
0 0.76120 0.40972 0.00990 0.01389
0 0.84740 0.48518 0.00833 0.01296
0 0.85677 0.49444 0.01042 0.02778
0 0.86615 0.49861 0.01250 0.02870
0 0.89870 0.49259 0.01510 0.02222
0 0.91068 0.49954 0.01302 0.02315
0 0.91693 0.49815 0.01094 0.02778
0 0.92448 0.49537 0.01042 0.02778
0 0.95104 0.43287 0.00937 0.01574
0 0.93776 0.41713 0.00885 0.00648
0 0.94167 0.42407 0.00938 0.00926
0 0.92943 0.41250 0.00885 0.00648
0 0.93177 0.42037 0.01146 0.01111
0 0.91979 0.40926 0.01146 0.00926
0 0.92083 0.41620 0.01042 0.01204
0 0.91042 0.40463 0.00833 0.00741
0 0.90260 0.40370 0.01146 0.01296
0 0.91068 0.41250 0.00990 0.01204
0 0.91458 0.42778 0.01250 0.02778
0 0.92500 0.42731 0.01042 0.02130
0 0.93385 0.43241 0.01146 0.02222
0 0.94505 0.43796 0.01406 0.02222
0 0.95417 0.44907 0.01042 0.01852
0 0.95729 0.47315 0.00833 0.02407
0 0.95338 0.49167 0.00990 0.02037
0 0.94453 0.49583 0.01094 0.02685
0 0.93437 0.49537 0.01146 0.02778
0 0.90521 0.46528 0.01354 0.01759
0 0.90703 0.47917 0.01615 0.01759
0 0.91693 0.47037 0.01198 0.03148
0 0.92734 0.47130 0.01198 0.02778
0 0.93802 0.47269 0.01250 0.02685
0 0.94818 0.47454 0.01198 0.02500
0 0.95260 0.45787 0.01042 0.01759
0 0.94297 0.45417 0.01094 0.02130
0 0.93255 0.44861 0.01198 0.02685
0 0.92344 0.44954 0.01250 0.02685
0 0.89505 0.45741 0.01094 0.01296
0 0.89505 0.47130 0.01198 0.01852
0 0.88698 0.48472 0.01354 0.02500
0 0.87734 0.48056 0.01198 0.02407
0 0.86797 0.47315 0.01198 0.02593
0 0.85781 0.46898 0.01250 0.02685
0 0.84713 0.46713 0.01302 0.02500
0 0.83750 0.46389 0.01042 0.02222
0 0.82812 0.45787 0.00937 0.01389
0 0.82526 0.42963 0.01094 0.01481
0 0.81536 0.42685 0.00990 0.01667
0 0.80625 0.42407 0.00938 0.01481
0 0.79870 0.41991 0.00885 0.01574
0 0.78906 0.41713 0.01042 0.01574
0 0.77917 0.41343 0.01042 0.01389
0 0.77005 0.41157 0.00990 0.01574
0 0.77786 0.42037 0.00990 0.01296
0 0.78672 0.42407 0.00990 0.01481
0 0.79609 0.42963 0.01094 0.01296
0 0.80573 0.43472 0.00938 0.01574
0 0.88594 0.46435 0.01146 0.02130
0 0.87656 0.46157 0.01042 0.01759
0 0.86693 0.45556 0.00990 0.01667
0 0.85729 0.45185 0.01042 0.01667
0 0.84687 0.44954 0.01042 0.01759
0 0.83958 0.44537 0.00833 0.02037
0 0.83203 0.44398 0.00885 0.01944
0 0.81380 0.43889 0.00990 0.01667
0 0.82292 0.44120 0.01042 0.01944
0 0.89219 0.39722 0.00937 0.00926
0 0.88307 0.39306 0.00990 0.01019
0 0.87344 0.38843 0.00937 0.01019
0 0.86510 0.38565 0.00938 0.00833
0 0.85625 0.38287 0.00937 0.00833
0 0.84844 0.38102 0.00938 0.01019
0 0.83906 0.37731 0.01042 0.01204
0 0.90182 0.40833 0.00885 0.01296
0 0.89323 0.40741 0.01042 0.02037
0 0.88463 0.40278 0.00885 0.01667
0 0.87578 0.39815 0.00990 0.01667
0 0.86667 0.39537 0.00938 0.01667
0 0.85729 0.39213 0.00937 0.01574
0 0.84844 0.38935 0.00938 0.01574
0 0.83880 0.38611 0.00990 0.01852
0 0.90573 0.42454 0.00833 0.02500
0 0.89714 0.42176 0.00990 0.02500
0 0.88802 0.41806 0.01042 0.02315
0 0.87812 0.41713 0.01042 0.02685
0 0.86849 0.41482 0.00990 0.02778
0 0.86016 0.40972 0.00885 0.02315
0 0.85078 0.40694 0.01094 0.02500
0 0.84141 0.40370 0.01094 0.02593
0 0.91198 0.45000 0.01042 0.02593
0 0.90156 0.44537 0.01146 0.02778
0 0.89245 0.44074 0.01094 0.02778
0 0.88437 0.43981 0.01042 0.02593
0 0.87552 0.43843 0.00937 0.02500
0 0.86693 0.43426 0.00885 0.02407
0 0.85859 0.42917 0.01094 0.02685
0 0.84844 0.42639 0.01146 0.02315
0 0.83828 0.42268 0.01094 0.02315
0 0.82578 0.37130 0.01615 0.01296
0 0.81328 0.36667 0.00990 0.00741
0 0.83047 0.38194 0.00781 0.02130
0 0.82161 0.37639 0.01094 0.01944
0 0.81198 0.37407 0.00937 0.01667
0 0.80469 0.36481 0.00833 0.01296
0 0.79688 0.36065 0.00937 0.01204
0 0.78802 0.35648 0.00938 0.00926
0 0.77839 0.35417 0.00990 0.00833
0 0.76953 0.35324 0.00781 0.01019
0 0.76094 0.34815 0.00938 0.00926
0 0.75130 0.34491 0.01094 0.01204
0 0.74245 0.34306 0.00885 0.00833
0 0.73359 0.33935 0.00990 0.00833
0 0.72422 0.33518 0.00990 0.00926
0 0.71484 0.33287 0.00990 0.01204
0 0.80287 0.37130 0.00885 0.01481
0 0.79479 0.36713 0.00833 0.01389
0 0.78620 0.36343 0.00990 0.01574
0 0.77630 0.36111 0.01094 0.01481
0 0.76641 0.35972 0.00885 0.01759
0 0.75807 0.35509 0.00885 0.01574
0 0.74922 0.35370 0.00885 0.01667
0 0.74063 0.35046 0.01042 0.01574
0 0.73125 0.34676 0.00937 0.01574
0 0.72161 0.34352 0.00990 0.01667
0 0.71224 0.34028 0.00990 0.01759
0 0.83203 0.39954 0.00990 0.02130
0 0.82422 0.39491 0.00885 0.02315
0 0.81510 0.39213 0.01146 0.02500
0 0.80547 0.38704 0.01094 0.02222
0 0.79766 0.38333 0.01094 0.02222
0 0.78828 0.38009 0.00885 0.02130
0 0.77995 0.37731 0.00885 0.02500
0 0.77031 0.37593 0.01146 0.02593
0 0.83073 0.42037 0.01042 0.02593
0 0.82161 0.41528 0.00990 0.02315
0 0.81198 0.41111 0.01146 0.02222
0 0.80313 0.40694 0.01042 0.02500
0 0.79401 0.40370 0.00990 0.02593
0 0.78464 0.40093 0.00990 0.02593
0 0.77109 0.39630 0.01927 0.02778
0 0.76094 0.37407 0.00938 0.02593
0 0.75208 0.37037 0.01042 0.02593
0 0.74193 0.36667 0.00990 0.02593
0 0.73385 0.36389 0.00937 0.02407
0 0.72474 0.35926 0.01094 0.02407
0 0.71380 0.35694 0.01198 0.02685
0 0.72005 0.38056 0.00990 0.02593
0 0.73047 0.38241 0.01198 0.02778
0 0.73906 0.38704 0.00938 0.02407
0 0.70495 0.33148 0.01094 0.01481
0 0.69167 0.32361 0.01458 0.01389
0 0.70260 0.33750 0.01042 0.01944
0 0.69401 0.33426 0.00885 0.01667
0 0.68437 0.32732 0.01146 0.01574
0 0.69375 0.34907 0.00938 0.01667
0 0.70287 0.35370 0.01198 0.02407
0 0.71042 0.37824 0.00938 0.02500
0 0.70208 0.37593 0.01354 0.02407
0 0.68698 0.37917 0.00833 0.00833
0 0.68385 0.36574 0.01250 0.02407
0 0.68568 0.34352 0.01302 0.02407
0 0.66615 0.32222 0.01250 0.01481
0 0.67500 0.32639 0.01042 0.01574
0 0.67500 0.34213 0.01250 0.02130
0 0.66588 0.33657 0.01302 0.02130
0 0.65182 0.30833 0.00885 0.00926
0 0.64557 0.31574 0.01198 0.01852
0 0.66016 0.31296 0.00885 0.01296
0 0.65521 0.31898 0.01042 0.01759
0 0.65599 0.33287 0.01094 0.01944
0 0.64557 0.33796 0.01198 0.02963
0 0.66432 0.35880 0.01198 0.02685
0 0.65365 0.35324 0.01354 0.02685
0 0.64896 0.36574 0.01042 0.01667
0 0.63958 0.35926 0.01458 0.02222
0 0.63594 0.34352 0.01458 0.01852
0 0.63646 0.32639 0.01250 0.01944
