0 0.47630 0.64766 0.01406 0.03125
0 0.46797 0.65078 0.01615 0.03125
0 0.49401 0.67383 0.01615 0.03516
0 0.48438 0.67773 0.01458 0.03672
0 0.51302 0.69883 0.01354 0.02891
0 0.42552 0.51992 0.00938 0.02578
0 0.44401 0.58398 0.00469 0.01328
0 0.45000 0.59102 0.00729 0.01328
0 0.45599 0.59844 0.00573 0.01406
0 0.46068 0.60586 0.00469 0.01641
0 0.46432 0.61250 0.00469 0.01250
0 0.46849 0.61797 0.00573 0.01406
0 0.47396 0.62422 0.00625 0.01406
0 0.47812 0.63008 0.00521 0.01484
0 0.48177 0.63555 0.00625 0.01484
0 0.48646 0.64180 0.00625 0.01484
0 0.49193 0.65312 0.00677 0.01719
0 0.49792 0.66055 0.00625 0.01172
0 0.50234 0.66758 0.00469 0.01172
0 0.50573 0.67461 0.00417 0.01016
0 0.51120 0.68047 0.00781 0.01250
0 0.51615 0.68789 0.00312 0.01016
0 0.52109 0.69336 0.00781 0.01484
0 0.52813 0.70273 0.01042 0.01797
0 0.53464 0.71172 0.00573 0.01250
0 0.53958 0.71875 0.00625 0.01406
0 0.54505 0.72891 0.00677 0.01562
0 0.55078 0.74023 0.00781 0.01484
0 0.55703 0.74688 0.00677 0.01250
0 0.56224 0.75664 0.00573 0.01172
0 0.56719 0.76484 0.00833 0.01250
0 0.57187 0.77188 0.00833 0.01406
0 0.57812 0.78203 0.00729 0.01562
0 0.58385 0.78906 0.00833 0.01406
0 0.58880 0.79609 0.00469 0.01250
0 0.59427 0.80313 0.00729 0.02031
0 0.59870 0.81250 0.00469 0.01406
0 0.60260 0.81875 0.00625 0.01562
0 0.60833 0.82812 0.00625 0.01406
0 0.61354 0.83594 0.00625 0.01406
0 0.61901 0.84258 0.00885 0.01953
0 0.62552 0.85508 0.00625 0.01328
0 0.63073 0.86211 0.00521 0.01484
0 0.54974 0.51680 0.00781 0.00859
0 0.55677 0.52461 0.00625 0.00859
0 0.56406 0.53242 0.00625 0.00703
0 0.57474 0.54766 0.00885 0.00937
0 0.59167 0.56836 0.00937 0.01016
0 0.59792 0.57617 0.00938 0.00859
0 0.60208 0.58398 0.00729 0.00859
0 0.60781 0.59258 0.00937 0.01328
0 0.61406 0.60000 0.00938 0.00938
0 0.61953 0.60898 0.00990 0.01172
0 0.62630 0.61836 0.00990 0.01172
0 0.63151 0.62656 0.00781 0.00781
0 0.67292 0.68711 0.00521 0.00703
0 0.67943 0.69844 0.00677 0.01094
0 0.68411 0.70859 0.00677 0.01094
0 0.68984 0.71602 0.00677 0.00547
0 0.69583 0.72422 0.00833 0.01250
0 0.63802 0.63320 0.00729 0.00859
0 0.64115 0.63867 0.00625 0.00391
0 0.64349 0.64531 0.00990 0.01094
0 0.60651 0.55742 0.01302 0.01328
0 0.59662 0.55664 0.01198 0.01641
0 0.59036 0.55781 0.01198 0.01875
0 0.62266 0.57344 0.01719 0.02500
0 0.61406 0.57734 0.01667 0.03437
0 0.64505 0.61289 0.01198 0.02266
0 0.63672 0.62422 0.01615 0.02500
0 0.63490 0.59609 0.01771 0.03281
0 0.62865 0.59844 0.01771 0.02969
0 0.62370 0.60234 0.01510 0.02656
0 0.60677 0.57578 0.01771 0.02969
0 0.52162 0.72070 0.01510 0.02578
0 0.51328 0.72656 0.00677 0.02344
0 0.50990 0.72578 0.00833 0.02500
0 0.50208 0.73047 0.00833 0.02344
0 0.49401 0.73320 0.00990 0.02734
0 0.48359 0.73945 0.01094 0.02734
0 0.47318 0.74805 0.01094 0.02578
0 0.46224 0.75430 0.01198 0.02734
0 0.45338 0.75781 0.01094 0.02656
0 0.44245 0.76328 0.01198 0.02500
0 0.43073 0.76758 0.01250 0.02891
0 0.41979 0.77188 0.01250 0.02344
0 0.40938 0.78125 0.01250 0.02500
0 0.39740 0.78594 0.01354 0.02500
0 0.38854 0.79375 0.01146 0.02188
0 0.50287 0.70586 0.01302 0.03203
0 0.49323 0.71172 0.01042 0.02812
0 0.48698 0.71562 0.01042 0.03125
0 0.48073 0.71914 0.00938 0.03359
0 0.47396 0.72109 0.01042 0.03594
0 0.46562 0.72578 0.01354 0.03594
0 0.45469 0.72891 0.01250 0.03750
0 0.44661 0.73281 0.01302 0.03750
0 0.43698 0.73555 0.01250 0.03516
0 0.42812 0.74297 0.01354 0.03438
0 0.41693 0.74883 0.01302 0.03359
0 0.40703 0.75469 0.01510 0.03594
0 0.39609 0.76094 0.01510 0.03438
0 0.38438 0.77031 0.01667 0.03594
0 0.37292 0.77422 0.01771 0.02969
0 0.47578 0.68516 0.01406 0.03281
0 0.46536 0.68633 0.01510 0.03672
0 0.45495 0.69336 0.01823 0.03828
0 0.44505 0.69492 0.01927 0.03828
0 0.43463 0.70117 0.01823 0.03828
0 0.42630 0.70820 0.01615 0.03828
0 0.41693 0.71406 0.01719 0.03750
0 0.40755 0.71797 0.01615 0.03750
0 0.39714 0.72383 0.01406 0.04141
0 0.38958 0.73008 0.01354 0.03984
0 0.37839 0.73516 0.01719 0.04375
0 0.37083 0.74063 0.01562 0.04219
0 0.36042 0.74648 0.01667 0.04453
0 0.45729 0.65391 0.01562 0.02500
0 0.44792 0.66055 0.01458 0.03359
0 0.43516 0.66406 0.01615 0.03438
0 0.42474 0.67305 0.01510 0.03203
0 0.41198 0.67891 0.01562 0.03438
0 0.40130 0.68438 0.01615 0.03594
0 0.39115 0.68867 0.01354 0.03516
0 0.37865 0.69492 0.02083 0.03828
0 0.36667 0.70234 0.01771 0.03437
0 0.35677 0.70820 0.01771 0.03516
0 0.34531 0.71602 0.01771 0.03516
0 0.45521 0.62227 0.01771 0.03203
0 0.44740 0.62617 0.01667 0.03203
0 0.43568 0.62930 0.01510 0.02891
0 0.42734 0.63516 0.01823 0.02812
0 0.41875 0.64141 0.01771 0.03125
0 0.41146 0.64805 0.01458 0.03047
0 0.40365 0.65117 0.01354 0.02734
0 0.39245 0.64102 0.01094 0.01328
0 0.39557 0.65703 0.01302 0.02500
0 0.38151 0.64922 0.01510 0.02031
0 0.38411 0.66289 0.01302 0.02734
0 0.37005 0.65508 0.01302 0.02109
0 0.37422 0.66992 0.01198 0.02422
0 0.35859 0.66094 0.01406 0.01875
0 0.36302 0.67305 0.01354 0.02578
0 0.34922 0.67578 0.02031 0.03281
0 0.33151 0.67578 0.01927 0.02188
0 0.34088 0.68594 0.02031 0.02969
0 0.30573 0.69727 0.02292 0.02109
0 0.31927 0.68867 0.01667 0.02578
0 0.32708 0.69805 0.01979 0.02734
0 0.33281 0.72344 0.02187 0.03281
0 0.34974 0.75469 0.02031 0.04375
0 0.33646 0.76172 0.02604 0.04688
0 0.32057 0.73398 0.02135 0.03672
0 0.30495 0.71719 0.02552 0.03125
0 0.37552 0.80039 0.01667 0.02734
0 0.36302 0.78477 0.01562 0.03047
0 0.35833 0.80977 0.01979 0.03203
0 0.35026 0.79297 0.01719 0.03594
0 0.33906 0.81836 0.02396 0.02422
0 0.33359 0.79727 0.01823 0.02891
0 0.32214 0.76992 0.02344 0.03516
0 0.30807 0.74766 0.01823 0.03750
0 0.29662 0.76094 0.02135 0.03438
0 0.47865 0.45430 0.01771 0.01641
0 0.48672 0.46133 0.01927 0.01797
0 0.49479 0.46914 0.01875 0.01953
0 0.50182 0.47422 0.02240 0.01719
0 0.42891 0.53594 0.01198 0.01875
0 0.43255 0.54453 0.01302 0.02344
0 0.43646 0.55430 0.01146 0.03359
0 0.44323 0.56016 0.01146 0.03281
0 0.44792 0.57148 0.01146 0.03203
0 0.45338 0.57539 0.00885 0.03359
0 0.46042 0.58438 0.01146 0.02812
0 0.46615 0.59531 0.01458 0.03438
0 0.47344 0.60469 0.00938 0.03281
0 0.48073 0.61328 0.01042 0.03281
0 0.48698 0.62148 0.01250 0.02734
0 0.49219 0.63008 0.01250 0.02891
0 0.49818 0.64062 0.01719 0.03437
0 0.50339 0.64688 0.01302 0.03281
0 0.50911 0.65586 0.01302 0.03203
0 0.51380 0.66484 0.01302 0.03281
0 0.52135 0.67148 0.01458 0.03203
0 0.43411 0.50352 0.01719 0.02891
0 0.43906 0.51328 0.02083 0.03281
0 0.44323 0.52305 0.01667 0.03047
0 0.44844 0.53242 0.01667 0.03203
0 0.45495 0.53984 0.01615 0.03438
0 0.46068 0.54375 0.01823 0.03438
0 0.46667 0.55469 0.02083 0.03750
0 0.47266 0.56328 0.01823 0.03437
0 0.47786 0.57070 0.01823 0.03516
0 0.48385 0.57773 0.01771 0.03984
0 0.48854 0.58477 0.01875 0.03984
0 0.49453 0.59336 0.02031 0.03828
0 0.45833 0.45820 0.02292 0.01953
0 0.46588 0.46602 0.01927 0.02422
0 0.47370 0.47305 0.01823 0.02109
0 0.44609 0.47852 0.02135 0.03516
0 0.45521 0.49023 0.02604 0.03047
0 0.45911 0.50195 0.01927 0.03672
0 0.46588 0.50781 0.02031 0.03906
0 0.47865 0.48164 0.02187 0.02422
0 0.48620 0.48984 0.02135 0.02187
0 0.47266 0.51172 0.02240 0.03125
0 0.47734 0.51992 0.02135 0.03828
0 0.48463 0.52656 0.02448 0.04062
0 0.49401 0.49883 0.01823 0.02734
0 0.50781 0.48203 0.02187 0.02031
0 0.51302 0.49023 0.01979 0.02422
0 0.51849 0.49297 0.02135 0.01719
0 0.52474 0.49844 0.02031 0.01562
0 0.52943 0.50664 0.01510 0.01641
0 0.53568 0.51289 0.01719 0.01641
0 0.54088 0.52109 0.01615 0.01406
0 0.54792 0.52773 0.01771 0.01641
0 0.55365 0.53555 0.01979 0.01484
0 0.50078 0.50547 0.01719 0.02187
0 0.50625 0.51250 0.01979 0.02344
0 0.51484 0.51836 0.02240 0.02578
0 0.48828 0.53516 0.02031 0.03594
0 0.49453 0.54023 0.02031 0.03516
0 0.50000 0.54883 0.02188 0.03203
0 0.50573 0.55625 0.02292 0.03438
0 0.51927 0.52578 0.01979 0.02500
0 0.52604 0.53203 0.02292 0.02500
0 0.53125 0.54062 0.02083 0.02031
0 0.51042 0.56328 0.02396 0.03281
0 0.49922 0.60117 0.01823 0.03359
0 0.50625 0.60820 0.01979 0.03359
0 0.51198 0.61406 0.02083 0.03281
0 0.53698 0.54883 0.02292 0.02578
0 0.51693 0.57187 0.02240 0.03438
0 0.52318 0.57812 0.02135 0.03125
0 0.54245 0.55703 0.02031 0.02500
0 0.56016 0.54297 0.02031 0.01562
0 0.56484 0.55234 0.01927 0.01562
0 0.58333 0.55625 0.00833 0.01406
0 0.57083 0.55703 0.01979 0.01562
0 0.54766 0.56289 0.02240 0.02422
0 0.55182 0.57422 0.02344 0.02656
0 0.53021 0.58828 0.02083 0.02812
0 0.51641 0.62344 0.02031 0.03594
0 0.52266 0.63203 0.01927 0.03750
0 0.52786 0.63945 0.01719 0.03672
0 0.53698 0.60000 0.02187 0.03125
0 0.54297 0.60859 0.02240 0.03281
0 0.55807 0.58008 0.02240 0.02578
0 0.57708 0.56523 0.01979 0.01484
0 0.58125 0.57109 0.01667 0.01406
0 0.58568 0.57969 0.01927 0.01719
0 0.59167 0.58711 0.01667 0.01641
0 0.56354 0.58633 0.02500 0.02578
0 0.56745 0.59570 0.02656 0.02891
0 0.57422 0.60273 0.02656 0.02578
0 0.54792 0.61914 0.02083 0.03047
0 0.53073 0.64570 0.01458 0.03516
0 0.53776 0.65352 0.01823 0.03516
0 0.52552 0.67891 0.01042 0.02969
0 0.53047 0.68320 0.01406 0.02578
0 0.54193 0.66484 0.01719 0.03594
0 0.55339 0.62773 0.02031 0.03203
0 0.55937 0.63555 0.02396 0.03203
0 0.57969 0.61406 0.02604 0.03125
0 0.59687 0.59414 0.01667 0.01641
0 0.60234 0.60430 0.01719 0.01797
0 0.60938 0.61367 0.01979 0.02109
0 0.58516 0.61953 0.02552 0.02969
0 0.56484 0.64492 0.02135 0.03359
0 0.54688 0.67109 0.01771 0.03437
0 0.53411 0.69375 0.01302 0.02344
0 0.54062 0.69961 0.01250 0.02422
0 0.54453 0.71211 0.00885 0.02734
0 0.55208 0.68086 0.01875 0.03516
0 0.57109 0.65195 0.02344 0.03516
0 0.59167 0.62852 0.02604 0.03047
0 0.59792 0.63789 0.02500 0.02734
0 0.57656 0.66055 0.02396 0.03047
0 0.55703 0.68945 0.01615 0.03516
0 0.54974 0.71914 0.00990 0.03203
0 0.56250 0.69922 0.01771 0.03594
0 0.55729 0.72891 0.00937 0.02656
0 0.56250 0.73633 0.01354 0.03047
0 0.56771 0.74531 0.01146 0.02969
0 0.57187 0.75078 0.01042 0.02656
0 0.57031 0.70508 0.02083 0.03516
0 0.57552 0.71484 0.02083 0.03438
0 0.57865 0.71953 0.01562 0.02813
0 0.58125 0.66953 0.02188 0.03125
0 0.60286 0.64688 0.02552 0.02812
0 0.61432 0.62266 0.01719 0.01875
0 0.62005 0.63047 0.01510 0.02344
0 0.62760 0.63867 0.02292 0.02266
0 0.60807 0.65625 0.02552 0.02969
0 0.58854 0.68008 0.02396 0.03516
0 0.59557 0.68789 0.02344 0.03516
0 0.59818 0.69922 0.02344 0.03281
0 0.61641 0.66406 0.02552 0.02812
0 0.63385 0.65156 0.01979 0.01562
0 0.64844 0.65234 0.01042 0.01250
0 0.65339 0.66172 0.01094 0.00938
0 0.65859 0.67031 0.01198 0.01406
0 0.66562 0.67852 0.01146 0.01328
0 0.63880 0.66445 0.02031 0.02109
0 0.61901 0.67305 0.02448 0.03047
0 0.62552 0.68164 0.02396 0.03047
0 0.64714 0.67344 0.01719 0.01562
0 0.62891 0.68945 0.02344 0.02891
0 0.60677 0.70547 0.02188 0.03438
0 0.58620 0.73086 0.02344 0.03672
0 0.57734 0.76133 0.01198 0.02734
0 0.59323 0.73906 0.02083 0.03594
0 0.58594 0.77109 0.01354 0.03281
0 0.59583 0.74688 0.01771 0.03594
0 0.61380 0.71953 0.02135 0.03594
0 0.63646 0.69687 0.02500 0.03281
0 0.65651 0.68750 0.01823 0.02031
0 0.66641 0.69375 0.02031 0.01719
0 0.64245 0.70273 0.02552 0.03203
0 0.62031 0.72461 0.02187 0.03359
0 0.60260 0.75352 0.01979 0.03672
0 0.59219 0.78008 0.01250 0.02734
0 0.59818 0.79023 0.01094 0.03359
0 0.60417 0.79766 0.01146 0.03125
0 0.60755 0.76133 0.01823 0.03984
0 0.61276 0.76914 0.02031 0.03828
0 0.62813 0.73516 0.02396 0.03594
0 0.64922 0.71289 0.02448 0.03047
0 0.67031 0.70430 0.01979 0.01641
0 0.67578 0.71445 0.01927 0.02109
0 0.65391 0.72070 0.02448 0.02891
0 0.63463 0.74883 0.02448 0.04297
0 0.61745 0.77773 0.01823 0.03984
0 0.62552 0.78125 0.01875 0.03750
0 0.61068 0.80937 0.01719 0.03125
0 0.61615 0.81719 0.01146 0.03438
0 0.62214 0.82266 0.01094 0.02969
0 0.63125 0.79336 0.02083 0.03984
0 0.64349 0.75469 0.02344 0.03125
0 0.65990 0.73125 0.02604 0.03281
0 0.68359 0.72383 0.02135 0.01953
0 0.66745 0.73828 0.02135 0.02500
0 0.68672 0.73242 0.01927 0.01641
0 0.70208 0.73242 0.01146 0.01172
0 0.70859 0.74297 0.01094 0.01250
0 0.69245 0.74102 0.02135 0.02109
0 0.67162 0.75469 0.02240 0.03438
0 0.64922 0.76758 0.02344 0.03203
0 0.63750 0.80195 0.02083 0.03828
0 0.62812 0.83633 0.01250 0.03672
0 0.64401 0.80977 0.02031 0.03672
0 0.65677 0.77812 0.02188 0.03125
0 0.67865 0.76484 0.02187 0.03125
0 0.69792 0.75156 0.02188 0.02344
0 0.71432 0.75195 0.01198 0.01016
0 0.70469 0.76211 0.02188 0.02266
0 0.68594 0.77617 0.02500 0.03047
0 0.66510 0.79141 0.02187 0.03125
0 0.65156 0.82031 0.02396 0.03594
0 0.63568 0.84180 0.01510 0.03516
0 0.63724 0.87031 0.00885 0.02031
0 0.64193 0.85117 0.01823 0.03047
0 0.65677 0.82930 0.01979 0.03672
0 0.67213 0.80273 0.01823 0.02891
0 0.69219 0.78672 0.02292 0.02656
0 0.70990 0.77266 0.02187 0.02500
0 0.72057 0.76250 0.01198 0.01094
0 0.72708 0.77227 0.01250 0.01172
0 0.73307 0.78203 0.01302 0.01094
0 0.71562 0.78047 0.02188 0.02188
0 0.69974 0.79727 0.02031 0.02422
0 0.67969 0.81289 0.02292 0.03203
0 0.66224 0.83711 0.02240 0.04141
0 0.64792 0.86250 0.01562 0.03125
0 0.64557 0.88242 0.00885 0.01328
0 0.65208 0.89062 0.00833 0.01719
0 0.66146 0.90273 0.01042 0.01641
0 0.65391 0.87109 0.01198 0.03125
0 0.66016 0.88008 0.01406 0.03516
0 0.67005 0.84883 0.02240 0.03984
0 0.68672 0.82773 0.02344 0.03672
0 0.70443 0.80820 0.02344 0.03359
0 0.72161 0.79219 0.02240 0.02344
0 0.73906 0.79414 0.01354 0.01484
0 0.74453 0.80742 0.01406 0.01797
0 0.75078 0.82539 0.01510 0.02734
0 0.72760 0.80352 0.02083 0.02109
0 0.73307 0.81445 0.01823 0.02266
0 0.71276 0.81875 0.02344 0.03125
0 0.69427 0.83945 0.02396 0.03672
0 0.67578 0.86211 0.01823 0.03203
0 0.66797 0.89336 0.01510 0.03359
0 0.68568 0.87500 0.02240 0.03594
0 0.67656 0.90195 0.01354 0.03047
0 0.67943 0.92539 0.00990 0.01953
0 0.68516 0.90937 0.01094 0.02656
0 0.69141 0.88516 0.01719 0.03125
0 0.70104 0.85117 0.02188 0.03359
0 0.72005 0.83320 0.02552 0.03047
0 0.74063 0.83008 0.01979 0.02891
0 0.72891 0.84844 0.02344 0.02812
0 0.71068 0.86250 0.02135 0.03125
0 0.70208 0.89453 0.02292 0.03594
0 0.69297 0.91992 0.01719 0.02891
0 0.68802 0.93438 0.01042 0.02031
0 0.69609 0.94453 0.01094 0.02031
0 0.70208 0.92813 0.01562 0.03125
0 0.71224 0.90430 0.02031 0.03516
0 0.72318 0.87578 0.02031 0.02813
0 0.74974 0.84648 0.01823 0.02422
0 0.76276 0.84805 0.01302 0.01797
0 0.75521 0.86289 0.01875 0.02578
0 0.73724 0.86094 0.01719 0.02031
0 0.74427 0.87461 0.02187 0.03047
0 0.73151 0.88828 0.01927 0.03281
0 0.76797 0.86914 0.01406 0.02734
0 0.76094 0.88555 0.01354 0.02891
0 0.75287 0.89766 0.01510 0.02656
0 0.74141 0.90391 0.01823 0.02969
0 0.72318 0.91719 0.02031 0.03438
0 0.70651 0.95547 0.01302 0.02031
0 0.71432 0.93867 0.01510 0.02891
0 0.73125 0.96758 0.01146 0.02109
0 0.71927 0.96406 0.01458 0.02188
0 0.72578 0.94805 0.01615 0.03047
0 0.73463 0.92891 0.01927 0.02969
0 0.74271 0.93711 0.01458 0.02422
