0 0.42090 0.35816 0.03118 0.02685
0 0.45612 0.69705 0.04042 0.02988
0 0.56726 0.84625 0.04099 0.02252
0 0.47979 0.83781 0.01963 0.02036
0 0.44746 0.82200 0.02656 0.01559
0 0.43360 0.85102 0.02540 0.02339
0 0.45410 0.83846 0.03176 0.02079
0 0.46796 0.82568 0.02714 0.01949
0 0.51588 0.66522 0.02367 0.02685
0 0.53840 0.68579 0.02598 0.02209
0 0.54099 0.65136 0.02887 0.03118
0 0.54272 0.26938 0.01270 0.01732
0 0.54215 0.24924 0.01039 0.01516
0 0.53464 0.23365 0.01732 0.01516
0 0.52887 0.22023 0.01848 0.01256
0 0.56871 0.40061 0.02309 0.02772
0 0.57650 0.53443 0.01905 0.02685
0 0.47084 0.51234 0.03176 0.02339
0 0.39896 0.51343 0.02540 0.02815
0 0.58343 0.56301 0.01443 0.02685
0 0.58199 0.58813 0.01501 0.02252
0 0.58689 0.61520 0.02252 0.02642
0 0.56409 0.60827 0.03349 0.02988
0 0.57592 0.63794 0.02714 0.02945
0 0.58574 0.69251 0.02829 0.02599
0 0.56755 0.66609 0.03926 0.02512
0 0.58545 0.80619 0.02425 0.02469
0 0.36490 0.83737 0.02194 0.02036
0 0.39203 0.84647 0.03580 0.02122
0 0.41195 0.88826 0.02714 0.01646
0 0.41195 0.86964 0.02714 0.03465
0 0.48557 0.91230 0.01848 0.01429
0 0.47719 0.89931 0.02714 0.01776
0 0.44717 0.89541 0.03176 0.01949
0 0.44169 0.87549 0.03580 0.02469
0 0.47171 0.85990 0.03811 0.02469
0 0.48152 0.87960 0.03580 0.01646
0 0.50751 0.90797 0.02194 0.01862
0 0.51184 0.89195 0.03060 0.01949
0 0.50029 0.85102 0.03291 0.03032
0 0.51126 0.86921 0.03753 0.02339
0 0.53897 0.88068 0.02483 0.02036
0 0.54157 0.86033 0.03233 0.02122
0 0.53407 0.83911 0.03580 0.02815
0 0.56582 0.70182 0.03695 0.02815
0 0.59007 0.77350 0.02656 0.02425
0 0.57766 0.75877 0.02714 0.02858
0 0.55976 0.82395 0.04099 0.02295
0 0.54648 0.81334 0.04099 0.02252
0 0.52194 0.79428 0.03580 0.03032
0 0.54417 0.76960 0.03984 0.02685
0 0.56178 0.79060 0.04042 0.02555
0 0.50895 0.82157 0.03637 0.02858
0 0.41253 0.82655 0.03753 0.02988
0 0.37587 0.82330 0.03580 0.02339
0 0.36461 0.79602 0.02483 0.02685
0 0.39550 0.79970 0.03233 0.02382
0 0.43678 0.80360 0.04099 0.03075
0 0.47373 0.80295 0.03406 0.02599
0 0.49394 0.77696 0.04215 0.03551
0 0.36057 0.76700 0.03176 0.02772
0 0.45756 0.77544 0.03406 0.03075
0 0.41830 0.78042 0.03984 0.02512
0 0.38453 0.77631 0.02887 0.02815
0 0.37298 0.66587 0.02194 0.02988
0 0.39723 0.66999 0.02771 0.02599
0 0.42725 0.67259 0.02771 0.02858
0 0.46853 0.66955 0.03753 0.03032
0 0.57592 0.73062 0.03868 0.02945
0 0.55081 0.74318 0.03695 0.02512
0 0.53897 0.71568 0.03753 0.03335
0 0.50953 0.69511 0.03753 0.02858
0 0.37558 0.74816 0.03522 0.02469
0 0.36403 0.71005 0.03406 0.02728
0 0.39088 0.72824 0.03233 0.02988
0 0.40589 0.75292 0.02771 0.03421
0 0.43620 0.74859 0.03637 0.02988
0 0.52252 0.75141 0.03464 0.02772
0 0.47633 0.74989 0.03695 0.02902
0 0.50029 0.72585 0.03637 0.03551
0 0.44890 0.72607 0.03406 0.02469
0 0.41859 0.71156 0.03233 0.03032
0 0.39174 0.70030 0.03060 0.03032
0 0.48557 0.19879 0.02656 0.01039
0 0.50924 0.19640 0.03002 0.01516
0 0.51299 0.20897 0.03291 0.01343
0 0.41166 0.25725 0.02079 0.01646
0 0.41253 0.23538 0.02252 0.02728
0 0.45756 0.20117 0.02367 0.01862
0 0.44255 0.21893 0.02945 0.02122
0 0.47806 0.21633 0.03580 0.02036
0 0.50808 0.22932 0.03118 0.02902
0 0.52367 0.25466 0.03002 0.03291
0 0.56524 0.37397 0.01963 0.02469
0 0.54475 0.38393 0.02945 0.02555
0 0.41888 0.38415 0.02367 0.01299
0 0.39694 0.38047 0.02367 0.02555
0 0.40329 0.34820 0.01559 0.02685
0 0.41570 0.30424 0.03118 0.07579
0 0.41137 0.30121 0.01790 0.02642
0 0.43476 0.28930 0.02771 0.02772
0 0.54417 0.31226 0.02714 0.02772
0 0.54994 0.33716 0.03406 0.02209
0 0.54908 0.40948 0.02771 0.02815
0 0.51617 0.39866 0.04157 0.02555
0 0.40069 0.42724 0.03002 0.02295
0 0.39723 0.45388 0.02194 0.03032
0 0.39867 0.48463 0.02714 0.02772
0 0.42725 0.49242 0.03233 0.02945
0 0.42148 0.46449 0.02771 0.03162
0 0.50173 0.49285 0.03926 0.02599
0 0.56438 0.43699 0.02714 0.02079
0 0.55312 0.45821 0.04042 0.02599
0 0.56438 0.48116 0.03522 0.02512
0 0.52973 0.47510 0.03522 0.02858
0 0.46536 0.48311 0.03464 0.02728
0 0.45121 0.45669 0.03637 0.02815
0 0.48528 0.46037 0.03522 0.03032
0 0.51472 0.45149 0.03637 0.02295
0 0.53926 0.43092 0.03349 0.02858
0 0.46796 0.43244 0.03868 0.02815
0 0.42639 0.43612 0.03637 0.02599
0 0.40647 0.40126 0.04273 0.02469
0 0.44111 0.41078 0.03926 0.02728
0 0.50577 0.42616 0.03580 0.03032
0 0.48066 0.44738 0.03522 0.11174
0 0.53926 0.49870 0.02771 0.02642
0 0.56755 0.50520 0.02771 0.02728
0 0.56034 0.52512 0.02136 0.02555
0 0.51905 0.57882 0.03233 0.02555
0 0.55543 0.58012 0.03580 0.02555
0 0.56697 0.55565 0.03002 0.02772
0 0.53984 0.55608 0.02540 0.02858
0 0.53464 0.52404 0.03002 0.02945
0 0.50462 0.54547 0.03464 0.03335
0 0.50058 0.51841 0.03811 0.02858
0 0.53378 0.62733 0.03060 0.02642
0 0.50404 0.64703 0.04619 0.02858
0 0.44602 0.64703 0.03637 0.03291
0 0.40849 0.64747 0.02714 0.02772
0 0.38048 0.63404 0.03002 0.02772
0 0.40820 0.61693 0.03118 0.02902
0 0.52223 0.60351 0.04215 0.02728
0 0.48614 0.61867 0.04619 0.03162
0 0.44659 0.61390 0.03406 0.02815
0 0.38770 0.56280 0.01790 0.02988
0 0.39925 0.59008 0.02714 0.02815
0 0.47748 0.58748 0.03349 0.02728
0 0.43793 0.58662 0.03291 0.02815
0 0.48759 0.56648 0.02714 0.02858
0 0.41484 0.56345 0.03406 0.02599
0 0.45352 0.56106 0.03637 0.02642
0 0.46824 0.53595 0.03811 0.02642
0 0.43649 0.52014 0.03580 0.02945
0 0.41051 0.53595 0.03464 0.02382
0 0.54359 0.36011 0.02829 0.02815
0 0.51674 0.37202 0.03002 0.02339
0 0.44746 0.38155 0.02771 0.03118
0 0.48037 0.37874 0.03233 0.02555
0 0.51068 0.34799 0.03984 0.02295
0 0.47344 0.35557 0.03580 0.02425
0 0.44775 0.33737 0.03406 0.02599
0 0.43187 0.24210 0.02540 0.03291
0 0.46161 0.23430 0.02714 0.02599
0 0.42841 0.31724 0.02771 0.02815
0 0.45987 0.30944 0.03176 0.02815
0 0.48499 0.32720 0.03118 0.02728
0 0.52136 0.32330 0.03233 0.02902
0 0.49509 0.30078 0.02945 0.02728
0 0.52512 0.28735 0.03637 0.02642
0 0.50346 0.27133 0.03233 0.02642
0 0.48528 0.25119 0.03060 0.02858
0 0.47142 0.28497 0.02829 0.02252
0 0.45352 0.26462 0.03291 0.02252
