0 0.81094 0.08750 0.01146 0.00937
0 0.79896 0.08711 0.01458 0.01484
0 0.58281 0.07070 0.01458 0.02109
0 0.59896 0.07148 0.01667 0.02109
0 0.61406 0.06836 0.01667 0.01641
0 0.62969 0.06758 0.01771 0.01797
0 0.64662 0.06602 0.01823 0.01641
0 0.66198 0.06523 0.01875 0.01797
0 0.67917 0.06484 0.01771 0.01250
0 0.69505 0.06250 0.01406 0.01250
0 0.71120 0.06406 0.01719 0.01250
0 0.73073 0.06367 0.01562 0.01328
0 0.74896 0.06367 0.02188 0.01328
0 0.76745 0.06992 0.01719 0.01484
0 0.77969 0.08125 0.02604 0.02344
0 0.75729 0.07969 0.01979 0.02813
0 0.74089 0.08086 0.02031 0.03359
0 0.72266 0.08047 0.02240 0.03438
0 0.70547 0.08281 0.02031 0.03750
0 0.68984 0.08477 0.02344 0.04141
0 0.67109 0.08359 0.02031 0.03750
0 0.65417 0.08516 0.02188 0.03750
0 0.63854 0.08828 0.01979 0.03594
0 0.62292 0.08984 0.01875 0.03594
0 0.60781 0.09180 0.02188 0.03828
0 0.59010 0.09375 0.01875 0.03906
0 0.79713 0.10703 0.02656 0.04063
0 0.80130 0.15234 0.01927 0.04375
0 0.84349 0.16797 0.02448 0.04219
0 0.84010 0.20781 0.02188 0.03125
0 0.82448 0.22344 0.02708 0.03906
0 0.80521 0.22773 0.02292 0.03359
0 0.78646 0.22852 0.02604 0.02578
0 0.82760 0.18242 0.02604 0.04141
0 0.81016 0.18984 0.01927 0.04219
0 0.79141 0.19297 0.02240 0.04375
0 0.77500 0.10664 0.02083 0.03828
0 0.75807 0.10820 0.02135 0.03984
0 0.74063 0.11250 0.01979 0.03750
0 0.72344 0.11250 0.02083 0.03594
0 0.70677 0.12109 0.02292 0.04531
0 0.68984 0.12109 0.02031 0.04063
0 0.67266 0.11953 0.02031 0.04375
0 0.65651 0.12188 0.02135 0.04531
0 0.63854 0.12422 0.02188 0.04688
0 0.62266 0.12578 0.01927 0.04375
0 0.60443 0.12969 0.02344 0.04531
0 0.76484 0.23164 0.01927 0.01797
0 0.74453 0.23398 0.02656 0.01641
0 0.72838 0.23594 0.01406 0.00781
0 0.71250 0.23633 0.01354 0.00703
0 0.77500 0.19844 0.02083 0.04219
0 0.75859 0.19961 0.02135 0.04766
0 0.73958 0.19961 0.02188 0.04609
0 0.72240 0.20547 0.01979 0.04687
0 0.70755 0.20703 0.01927 0.04844
0 0.69115 0.20977 0.01979 0.04609
0 0.67526 0.21680 0.02135 0.04609
0 0.66120 0.22031 0.02240 0.04375
0 0.64245 0.22187 0.02031 0.04063
0 0.62708 0.22461 0.01875 0.04141
0 0.61042 0.22578 0.01979 0.04219
0 0.78073 0.15117 0.02604 0.04922
0 0.76042 0.15078 0.02292 0.04062
0 0.74297 0.15313 0.02240 0.03750
0 0.72214 0.15352 0.02344 0.04141
0 0.70156 0.16094 0.02188 0.04062
0 0.68151 0.16055 0.02135 0.04453
0 0.66510 0.16680 0.02396 0.04922
0 0.64714 0.17148 0.02031 0.04922
0 0.62995 0.17305 0.02031 0.04766
0 0.61328 0.17695 0.02240 0.05078
0 0.56927 0.07422 0.01875 0.01875
0 0.55260 0.07891 0.02187 0.02344
0 0.53490 0.08086 0.01875 0.02109
0 0.51953 0.08008 0.01823 0.01797
0 0.50573 0.08437 0.01667 0.02188
0 0.49062 0.08672 0.01979 0.02500
0 0.47344 0.08750 0.01979 0.02344
0 0.45677 0.09063 0.02187 0.02812
0 0.43802 0.09375 0.02187 0.02813
0 0.42188 0.09453 0.01979 0.02813
0 0.40495 0.09453 0.02031 0.02813
0 0.38854 0.09531 0.01875 0.02656
0 0.37161 0.09727 0.01823 0.03047
0 0.35547 0.09922 0.01927 0.02500
0 0.33698 0.10156 0.01875 0.02500
0 0.57500 0.09648 0.02188 0.03828
0 0.55729 0.09687 0.02083 0.03594
0 0.54062 0.10273 0.02187 0.04297
0 0.52266 0.10469 0.02344 0.03906
0 0.50182 0.10742 0.02344 0.03828
0 0.48073 0.11133 0.02396 0.03672
0 0.46172 0.11484 0.02344 0.03437
0 0.43958 0.11523 0.02292 0.03359
0 0.41875 0.12031 0.02396 0.03906
0 0.39818 0.11992 0.02344 0.03984
0 0.37865 0.12695 0.02187 0.04609
0 0.35807 0.12969 0.02135 0.04531
0 0.33984 0.12891 0.02031 0.04844
0 0.58620 0.13281 0.02344 0.04531
0 0.56615 0.13984 0.02188 0.04219
0 0.54818 0.14336 0.02344 0.04141
0 0.52839 0.14258 0.02031 0.04297
0 0.51042 0.14336 0.02083 0.04141
0 0.49297 0.14531 0.02240 0.04687
0 0.47630 0.14805 0.02240 0.04297
0 0.45807 0.15586 0.02031 0.04766
0 0.44010 0.15391 0.02292 0.04531
0 0.42422 0.16133 0.02031 0.04609
0 0.40729 0.16133 0.01979 0.04609
0 0.38906 0.16914 0.01875 0.05078
0 0.36901 0.16641 0.02448 0.05000
0 0.35208 0.17617 0.01875 0.04609
0 0.59375 0.22578 0.02188 0.04219
0 0.57526 0.22930 0.02240 0.03984
0 0.55859 0.23711 0.01406 0.03047
0 0.54479 0.23750 0.01667 0.03125
0 0.52682 0.23398 0.02240 0.03828
0 0.50964 0.24102 0.01927 0.02734
0 0.49193 0.24062 0.02135 0.03594
0 0.47396 0.24648 0.01875 0.02891
0 0.45781 0.25195 0.02083 0.02734
0 0.43958 0.25313 0.01562 0.02500
0 0.42188 0.25430 0.02188 0.02891
0 0.40703 0.26484 0.02031 0.02031
0 0.38880 0.26562 0.01927 0.02344
0 0.37005 0.26680 0.02135 0.02578
0 0.35365 0.27461 0.01875 0.01953
0 0.59687 0.18008 0.02083 0.05547
0 0.58021 0.17891 0.02292 0.05000
0 0.56380 0.18555 0.02031 0.04609
0 0.55000 0.18906 0.01875 0.05156
0 0.53203 0.18828 0.01927 0.05156
0 0.51302 0.18945 0.02292 0.05234
0 0.49740 0.19297 0.01875 0.05000
0 0.47787 0.19180 0.02344 0.04609
0 0.46302 0.20508 0.02187 0.05078
0 0.44375 0.20664 0.01875 0.04766
0 0.42813 0.20937 0.01979 0.04844
0 0.41094 0.21211 0.02083 0.04609
0 0.39349 0.22070 0.02031 0.05391
0 0.37474 0.21758 0.01927 0.05078
0 0.35885 0.22734 0.02500 0.05781
0 0.34036 0.23203 0.02031 0.06094
0 0.14088 0.17617 0.01615 0.00859
0 0.07109 0.20508 0.02240 0.02422
0 0.08932 0.19727 0.02031 0.02734
0 0.10703 0.19297 0.02031 0.03281
0 0.12500 0.19023 0.02083 0.03047
0 0.14088 0.18906 0.01406 0.02656
0 0.15417 0.18437 0.01458 0.02656
0 0.15130 0.21172 0.02240 0.03281
0 0.13385 0.21836 0.01667 0.03516
0 0.11536 0.22031 0.02240 0.03594
0 0.09505 0.22422 0.02240 0.03437
0 0.07187 0.23125 0.02500 0.03437
0 0.04844 0.23867 0.02083 0.03516
0 0.05130 0.21016 0.01927 0.02500
0 0.03229 0.40469 0.01667 0.02969
0 0.05495 0.42344 0.02240 0.02656
0 0.07786 0.43750 0.02135 0.02500
0 0.09740 0.43086 0.01667 0.02891
0 0.10156 0.41172 0.01250 0.02344
0 0.11875 0.36680 0.01563 0.03047
0 0.15443 0.26406 0.01823 0.04531
0 0.13880 0.26719 0.01823 0.04375
0 0.12266 0.26641 0.01927 0.04219
0 0.10495 0.27617 0.01927 0.04766
0 0.08568 0.27148 0.02031 0.04297
0 0.06771 0.28047 0.02083 0.04844
0 0.04922 0.28594 0.02240 0.04375
0 0.17318 0.31289 0.02135 0.02734
0 0.15260 0.32070 0.01979 0.04297
0 0.13620 0.32305 0.01927 0.04453
0 0.11901 0.32305 0.02135 0.04766
0 0.10156 0.33125 0.02083 0.04844
0 0.08359 0.33672 0.02031 0.04375
0 0.06328 0.33555 0.02031 0.04922
0 0.10234 0.37813 0.01927 0.03906
0 0.08490 0.38633 0.01979 0.03984
0 0.06380 0.38828 0.02031 0.04219
0 0.02396 0.37656 0.01562 0.03281
0 0.04193 0.38633 0.02031 0.03828
0 0.02578 0.34180 0.01823 0.04609
0 0.04635 0.34648 0.02292 0.04922
0 0.17422 0.18359 0.02760 0.05000
0 0.18490 0.13438 0.02604 0.02500
0 0.20990 0.11758 0.02187 0.01484
0 0.23021 0.10977 0.01875 0.01641
0 0.24974 0.10234 0.01927 0.01406
0 0.27109 0.09844 0.01719 0.01250
0 0.31901 0.10391 0.02031 0.02344
0 0.29792 0.10508 0.02396 0.03047
0 0.27865 0.11172 0.02187 0.02969
0 0.25781 0.11367 0.02292 0.02578
0 0.23463 0.12148 0.02760 0.02891
0 0.20703 0.13203 0.02760 0.02656
0 0.18125 0.15234 0.02604 0.03750
0 0.32318 0.13320 0.02135 0.04922
0 0.30313 0.13398 0.02187 0.05078
0 0.33490 0.27422 0.01979 0.02187
0 0.31745 0.27383 0.02031 0.02578
0 0.32005 0.22969 0.02344 0.05938
0 0.33620 0.17734 0.01927 0.05000
0 0.31823 0.17891 0.02083 0.04844
0 0.30052 0.18359 0.02292 0.05312
0 0.28646 0.13984 0.02187 0.04688
0 0.26849 0.14453 0.02240 0.05156
0 0.24635 0.15000 0.02708 0.05625
0 0.22500 0.15586 0.02917 0.05391
0 0.20130 0.16289 0.02656 0.04922
0 0.18646 0.19766 0.03333 0.05000
0 0.21823 0.20234 0.03125 0.05156
0 0.28125 0.19219 0.02188 0.05000
0 0.26224 0.19766 0.01927 0.05313
0 0.24297 0.19844 0.02344 0.05313
0 0.30156 0.23945 0.02500 0.05703
0 0.27865 0.24180 0.02812 0.05547
0 0.25391 0.24922 0.02656 0.05469
0 0.29844 0.28047 0.02083 0.02500
0 0.27656 0.28359 0.02708 0.02969
0 0.25651 0.28984 0.01927 0.02656
0 0.23281 0.28906 0.03125 0.04219
0 0.20443 0.30664 0.02865 0.02109
0 0.19635 0.23906 0.03229 0.05469
0 0.22500 0.24766 0.03333 0.05312
0 0.20287 0.27891 0.03594 0.04688
0 0.17708 0.28711 0.02708 0.05547
0 0.86432 0.27383 0.02031 0.03203
0 0.84193 0.25430 0.01927 0.01641
0 0.82057 0.25195 0.02344 0.02422
0 0.62396 0.24883 0.01979 0.01641
0 0.64271 0.24648 0.01875 0.01484
0 0.65990 0.24570 0.01771 0.01484
0 0.67500 0.24375 0.01771 0.01094
0 0.69583 0.24414 0.01562 0.01016
0 0.71172 0.24219 0.01615 0.00781
0 0.73255 0.24141 0.00573 0.00625
0 0.79036 0.24766 0.00469 0.01406
0 0.80026 0.24922 0.01927 0.02500
0 0.78047 0.25000 0.01615 0.02812
0 0.76354 0.25117 0.02188 0.03047
0 0.74401 0.25039 0.02135 0.02891
0 0.72630 0.25508 0.02240 0.03359
0 0.70859 0.25664 0.01927 0.02891
0 0.69037 0.25508 0.02135 0.02891
0 0.67318 0.26211 0.01927 0.03516
0 0.65573 0.26172 0.02083 0.03438
0 0.63854 0.26523 0.01979 0.03047
0 0.60677 0.25156 0.01771 0.01406
0 0.59063 0.25234 0.01875 0.01563
0 0.57266 0.25195 0.01823 0.01328
0 0.55521 0.25625 0.01875 0.01406
0 0.53750 0.25703 0.01771 0.01562
0 0.52057 0.25742 0.01927 0.01641
0 0.50286 0.26055 0.02031 0.01641
0 0.48568 0.26719 0.01823 0.02031
0 0.46823 0.26797 0.02187 0.01875
0 0.44974 0.27109 0.01823 0.01875
0 0.43099 0.27187 0.02344 0.02031
0 0.41120 0.27578 0.02135 0.01719
0 0.39219 0.28203 0.02187 0.01875
0 0.37344 0.28516 0.02187 0.01875
0 0.35599 0.28945 0.02031 0.02109
0 0.62188 0.26680 0.02083 0.03516
0 0.60547 0.26680 0.01927 0.03047
0 0.58698 0.26719 0.02187 0.03125
0 0.57109 0.27344 0.02031 0.03750
0 0.55260 0.27266 0.02083 0.03750
0 0.53490 0.27656 0.02188 0.03906
0 0.51667 0.27930 0.01979 0.03672
0 0.50000 0.28320 0.01875 0.03828
0 0.48099 0.28867 0.02135 0.04297
0 0.46536 0.29141 0.02135 0.03281
0 0.44661 0.29375 0.02031 0.03594
0 0.42839 0.29492 0.02031 0.03516
0 0.41068 0.29844 0.02031 0.03594
0 0.33828 0.29297 0.02240 0.02031
0 0.31745 0.29531 0.02344 0.02187
0 0.29531 0.29961 0.02292 0.02266
0 0.27552 0.30547 0.02187 0.02500
0 0.25599 0.31055 0.02135 0.02109
0 0.23516 0.31563 0.02656 0.02813
0 0.21328 0.32266 0.02240 0.02656
0 0.19115 0.32891 0.02604 0.03281
0 0.16875 0.34102 0.02708 0.03672
0 0.14349 0.35625 0.02448 0.03906
0 0.39167 0.30508 0.02500 0.03828
0 0.37240 0.30937 0.02083 0.04063
0 0.35287 0.31367 0.02344 0.04297
0 0.33359 0.31758 0.02135 0.03828
0 0.31328 0.31836 0.02344 0.03984
0 0.29479 0.32812 0.02604 0.04375
0 0.27292 0.33828 0.02604 0.05312
0 0.25286 0.34023 0.02552 0.04766
0 0.23125 0.34961 0.02396 0.04922
0 0.20990 0.35391 0.02708 0.05156
0 0.18698 0.36484 0.03229 0.05312
0 0.15833 0.37773 0.03437 0.05234
0 0.13542 0.39766 0.02500 0.05000
0 0.88073 0.29609 0.02604 0.04688
0 0.86198 0.47578 0.01667 0.02500
0 0.89010 0.45781 0.01667 0.02500
0 0.90755 0.42734 0.01615 0.02969
0 0.89271 0.43477 0.02292 0.03516
0 0.87213 0.45781 0.02344 0.03750
0 0.84818 0.47148 0.02135 0.03203
0 0.82552 0.48164 0.02083 0.03047
0 0.80365 0.48906 0.02187 0.03438
0 0.81667 0.45625 0.02396 0.04375
0 0.83802 0.44844 0.02292 0.04531
0 0.85833 0.43711 0.02500 0.04297
0 0.88229 0.41680 0.03125 0.04453
0 0.88385 0.37500 0.02500 0.04375
0 0.86354 0.38945 0.03229 0.05391
0 0.83958 0.40078 0.02396 0.04844
0 0.81719 0.40586 0.02396 0.04922
0 0.78177 0.49375 0.02396 0.02187
0 0.75911 0.49687 0.02135 0.02187
0 0.73724 0.50195 0.02031 0.02109
0 0.69766 0.50625 0.01719 0.02344
0 0.71510 0.50547 0.01667 0.02031
0 0.79609 0.46289 0.01823 0.03828
0 0.77604 0.47500 0.01875 0.03438
0 0.75937 0.47734 0.01875 0.03750
0 0.74141 0.47969 0.02135 0.03437
0 0.72240 0.49102 0.01875 0.02891
0 0.70365 0.49414 0.01979 0.03203
0 0.68151 0.49336 0.02031 0.03047
0 0.66172 0.50039 0.01927 0.03203
0 0.64245 0.50508 0.02135 0.02891
0 0.62031 0.50391 0.02292 0.02344
0 0.60286 0.51328 0.01510 0.02500
0 0.79870 0.41406 0.02135 0.04844
0 0.77917 0.42813 0.02292 0.05312
0 0.76068 0.43125 0.01823 0.04688
0 0.74245 0.43633 0.02344 0.04453
0 0.72708 0.45117 0.01979 0.04922
0 0.70677 0.45859 0.01979 0.04688
0 0.68854 0.45430 0.01875 0.04453
0 0.67266 0.46289 0.01927 0.05234
0 0.65599 0.46797 0.01823 0.04688
0 0.63932 0.46992 0.02031 0.05234
0 0.62005 0.47109 0.01927 0.05000
0 0.60391 0.47813 0.01823 0.04844
0 0.86667 0.34766 0.02812 0.03594
0 0.84453 0.35195 0.03073 0.04609
0 0.82318 0.35898 0.02344 0.04766
0 0.80313 0.35859 0.02396 0.05469
0 0.78151 0.36680 0.02552 0.05391
0 0.76328 0.37500 0.02552 0.05937
0 0.74635 0.38594 0.02292 0.05781
0 0.72812 0.38984 0.02500 0.05469
0 0.71172 0.39883 0.02240 0.05391
0 0.69271 0.40391 0.02083 0.05938
0 0.67682 0.40547 0.01927 0.05469
0 0.65964 0.41055 0.02344 0.06172
0 0.64401 0.41758 0.02135 0.05703
0 0.62526 0.41680 0.02031 0.05547
0 0.60912 0.42422 0.02135 0.05937
0 0.59062 0.42578 0.01979 0.06094
0 0.57344 0.43008 0.02083 0.06172
0 0.55625 0.43555 0.02396 0.06484
0 0.53776 0.43945 0.02448 0.06328
0 0.86458 0.31094 0.02708 0.04219
0 0.84010 0.30898 0.02604 0.04453
0 0.81510 0.31367 0.03021 0.04766
0 0.78880 0.31797 0.02656 0.04063
0 0.76615 0.32266 0.02708 0.05156
0 0.74583 0.32422 0.02500 0.05469
0 0.72786 0.33164 0.02344 0.05547
0 0.70912 0.34062 0.02552 0.05469
0 0.69115 0.34141 0.01875 0.04844
0 0.67552 0.34688 0.02083 0.05156
0 0.65990 0.35312 0.01979 0.04844
0 0.64115 0.35547 0.02083 0.05625
0 0.62500 0.35859 0.02083 0.05313
0 0.60755 0.35977 0.02240 0.05547
0 0.59115 0.36250 0.02083 0.05938
0 0.57344 0.36328 0.02187 0.05781
0 0.55651 0.36992 0.02240 0.05391
0 0.53880 0.37461 0.02552 0.05859
0 0.85156 0.27461 0.02708 0.03516
0 0.82838 0.27266 0.02448 0.03281
0 0.80729 0.27344 0.02396 0.03906
0 0.78672 0.27461 0.02448 0.04453
0 0.76771 0.27930 0.01979 0.03984
0 0.74844 0.28047 0.02188 0.04375
0 0.73229 0.28477 0.02396 0.04297
0 0.71432 0.28750 0.01823 0.04375
0 0.69740 0.28906 0.02396 0.04844
0 0.68021 0.29531 0.02292 0.04219
0 0.66094 0.29844 0.02292 0.04375
0 0.64479 0.30273 0.01979 0.04609
0 0.62838 0.30273 0.02031 0.04609
0 0.61120 0.30391 0.02135 0.04844
0 0.59349 0.30898 0.02135 0.04922
0 0.57708 0.31328 0.01562 0.04531
0 0.55963 0.31250 0.02135 0.04688
0 0.54193 0.31836 0.02240 0.04922
0 0.42318 0.54688 0.01927 0.02344
0 0.46094 0.54102 0.01771 0.02734
0 0.44271 0.54258 0.02187 0.02422
0 0.54062 0.52305 0.01667 0.01484
0 0.55208 0.51836 0.01875 0.01172
0 0.56901 0.51094 0.01927 0.02031
0 0.58672 0.51445 0.02031 0.02734
0 0.58464 0.47969 0.02344 0.05000
0 0.56849 0.48672 0.01927 0.04375
0 0.55026 0.49219 0.02135 0.05313
0 0.53412 0.49805 0.01927 0.04453
0 0.51562 0.49961 0.01979 0.03984
0 0.49896 0.50508 0.01875 0.04141
0 0.48099 0.50313 0.01927 0.04531
0 0.46302 0.50586 0.01979 0.04766
0 0.44349 0.50937 0.02031 0.04844
0 0.42552 0.51406 0.02083 0.04688
0 0.35990 0.56289 0.01771 0.02578
0 0.34323 0.57031 0.01875 0.02656
0 0.40911 0.51992 0.02135 0.04453
0 0.39088 0.52227 0.02135 0.04141
0 0.37135 0.52969 0.01979 0.03906
0 0.35443 0.53906 0.02031 0.04375
0 0.28229 0.58633 0.02083 0.02266
0 0.24062 0.60234 0.02188 0.03281
0 0.21927 0.60742 0.02396 0.03359
0 0.19792 0.61914 0.01979 0.02109
0 0.12109 0.58203 0.01302 0.04375
0 0.33463 0.54531 0.02135 0.04531
0 0.31615 0.54961 0.02083 0.04141
0 0.29740 0.56016 0.01979 0.04062
0 0.27786 0.56484 0.02135 0.04531
0 0.25677 0.57109 0.02188 0.04375
0 0.23490 0.57422 0.02292 0.04375
0 0.21328 0.58008 0.02656 0.04297
0 0.15729 0.61406 0.01875 0.02812
0 0.17109 0.61250 0.02969 0.03125
0 0.13698 0.58438 0.03542 0.07188
0 0.19010 0.58984 0.03229 0.05156
0 0.16536 0.58359 0.03281 0.04688
0 0.51875 0.44570 0.02500 0.05703
0 0.50286 0.44961 0.02031 0.05078
0 0.48568 0.45195 0.02135 0.05547
0 0.46719 0.45234 0.01979 0.05625
0 0.44922 0.45117 0.02135 0.05859
0 0.43151 0.45937 0.02240 0.05781
0 0.41198 0.46289 0.02083 0.05859
0 0.39479 0.46562 0.02396 0.05469
0 0.37630 0.47617 0.02760 0.05703
0 0.35599 0.48750 0.02448 0.05781
0 0.34010 0.49844 0.02500 0.05625
0 0.32083 0.50234 0.02292 0.05313
0 0.30130 0.50664 0.02135 0.05547
0 0.28307 0.51133 0.02240 0.06016
0 0.26068 0.51133 0.02448 0.06328
0 0.23802 0.51680 0.02500 0.05859
0 0.21719 0.52500 0.02917 0.06250
0 0.19505 0.53477 0.02344 0.06484
0 0.16823 0.53164 0.03542 0.06328
0 0.13828 0.53633 0.03490 0.06016
0 0.51849 0.37813 0.02552 0.06094
0 0.50234 0.38711 0.02344 0.05859
0 0.48385 0.39141 0.02292 0.05469
0 0.46510 0.39336 0.02187 0.05391
0 0.44193 0.39492 0.02552 0.05391
0 0.41823 0.40078 0.02604 0.05000
0 0.39714 0.40508 0.02448 0.05391
0 0.37474 0.41211 0.02760 0.06172
0 0.35495 0.42227 0.02552 0.05859
0 0.33542 0.43047 0.02604 0.05937
0 0.31484 0.43906 0.02240 0.06094
0 0.29323 0.44023 0.02708 0.06172
0 0.27344 0.45000 0.02187 0.06250
0 0.25234 0.45391 0.02240 0.05938
0 0.23099 0.45938 0.02552 0.06094
0 0.20781 0.46719 0.02604 0.05938
0 0.18463 0.47383 0.03177 0.06016
0 0.13385 0.49141 0.02604 0.04844
0 0.15365 0.47539 0.03437 0.05703
0 0.52266 0.32109 0.02448 0.05469
0 0.50573 0.32773 0.02292 0.05547
0 0.49036 0.33359 0.02448 0.05000
0 0.47214 0.33516 0.02031 0.05156
0 0.45417 0.33789 0.02083 0.04922
0 0.43542 0.33906 0.02083 0.05312
0 0.41901 0.34531 0.02240 0.05469
0 0.40000 0.34648 0.02396 0.05234
0 0.38021 0.35312 0.02500 0.05312
0 0.35963 0.35820 0.02344 0.05234
0 0.33854 0.36250 0.02500 0.05625
0 0.31927 0.36992 0.02500 0.05391
0 0.30026 0.37930 0.02865 0.05547
0 0.27891 0.38867 0.02448 0.05703
0 0.25651 0.39414 0.02552 0.06328
0 0.23750 0.40000 0.02500 0.05469
0 0.21224 0.40430 0.02865 0.05703
0 0.13464 0.44180 0.02969 0.05078
0 0.16094 0.42773 0.03542 0.05859
0 0.18776 0.41523 0.02969 0.05391
