0 0.67083 0.52188 0.01146 0.02656
0 0.67969 0.52188 0.01458 0.02031
0 0.69245 0.52148 0.01094 0.02422
0 0.70312 0.52266 0.01146 0.03438
0 0.71458 0.52969 0.01250 0.03594
0 0.69583 0.49570 0.01146 0.02266
0 0.70573 0.49805 0.01146 0.01797
0 0.71537 0.49961 0.01302 0.01797
0 0.72344 0.50625 0.01354 0.02187
0 0.72474 0.52891 0.00885 0.02812
0 0.73099 0.53164 0.01406 0.02578
0 0.79219 0.53906 0.01042 0.01562
0 0.78281 0.53789 0.01354 0.01953
0 0.77266 0.53789 0.01198 0.02109
0 0.76510 0.53398 0.01458 0.02109
0 0.75234 0.53398 0.01198 0.02109
0 0.74297 0.53242 0.01198 0.02266
0 0.73307 0.50859 0.01406 0.02187
0 0.74349 0.51133 0.01198 0.02109
0 0.75234 0.51484 0.01198 0.02031
0 0.76302 0.51523 0.01250 0.01953
0 0.77370 0.51836 0.01302 0.01953
0 0.78542 0.52266 0.01146 0.01719
0 0.79453 0.52656 0.00990 0.01406
0 0.80130 0.54336 0.01094 0.01016
0 0.81016 0.54883 0.00990 0.01328
0 0.81875 0.55078 0.01250 0.01094
0 0.80339 0.53203 0.01198 0.01719
0 0.81354 0.53633 0.01354 0.01797
0 0.82500 0.53906 0.01354 0.01875
0 0.83516 0.54453 0.01302 0.01719
0 0.84505 0.54961 0.01302 0.01797
0 0.85573 0.55391 0.01250 0.01562
0 0.86537 0.55586 0.01094 0.01328
0 0.87318 0.56094 0.01198 0.01094
0 0.88307 0.56445 0.01302 0.01016
0 0.89297 0.56914 0.01302 0.01016
0 0.90417 0.57383 0.01354 0.01016
0 0.86354 0.56484 0.01042 0.00937
0 0.87292 0.57031 0.01042 0.01094
0 0.88255 0.57734 0.01198 0.02031
0 0.89349 0.57852 0.01302 0.01328
0 0.91328 0.57969 0.00781 0.00625
0 0.90443 0.58008 0.01302 0.00703
0 0.92500 0.58867 0.00625 0.00703
0 0.91615 0.58789 0.01250 0.01328
0 0.92630 0.59453 0.01094 0.00781
0 0.69870 0.54102 0.01406 0.02266
0 0.68828 0.54297 0.01198 0.02812
0 0.67760 0.54102 0.01354 0.02734
0 0.66719 0.54219 0.01042 0.02500
0 0.65833 0.54297 0.01042 0.02969
0 0.64792 0.54023 0.01146 0.02578
0 0.63385 0.53750 0.01979 0.02500
0 0.62969 0.55508 0.01354 0.01797
0 0.63932 0.55820 0.01094 0.01953
0 0.65287 0.60664 0.01094 0.01172
0 0.66406 0.60664 0.01250 0.02578
0 0.67526 0.61016 0.01510 0.03125
0 0.68385 0.60820 0.01146 0.02891
0 0.69349 0.61250 0.01198 0.02500
0 0.71823 0.62148 0.01354 0.02266
0 0.70729 0.61953 0.01562 0.01719
0 0.77943 0.65430 0.01094 0.01641
0 0.78724 0.65820 0.00990 0.01641
0 0.83932 0.67656 0.01198 0.01719
0 0.89062 0.69727 0.01146 0.01016
0 0.88021 0.69687 0.01250 0.00938
0 0.85547 0.68242 0.02344 0.02266
0 0.87162 0.68633 0.01094 0.02266
0 0.88333 0.68750 0.01458 0.02188
0 0.91849 0.69375 0.01198 0.01875
0 0.90365 0.69961 0.01458 0.01172
0 0.91094 0.68789 0.01875 0.02734
0 0.89609 0.68945 0.01302 0.01797
0 0.71536 0.67227 0.01406 0.02266
0 0.71979 0.69687 0.01146 0.02187
0 0.72812 0.67773 0.01771 0.02422
0 0.73203 0.68750 0.01406 0.01094
0 0.74089 0.69023 0.01406 0.01641
0 0.75573 0.68984 0.01146 0.01250
0 0.76250 0.69180 0.01146 0.01016
0 0.74453 0.69492 0.01094 0.01484
0 0.75130 0.69961 0.01094 0.01641
0 0.79766 0.69844 0.01198 0.02188
0 0.77135 0.70000 0.01771 0.02031
0 0.78229 0.70273 0.01146 0.01328
0 0.78724 0.70703 0.01094 0.01094
0 0.80391 0.69922 0.01094 0.02188
0 0.81146 0.70156 0.01146 0.02188
0 0.81979 0.70391 0.01146 0.02031
0 0.82656 0.70625 0.01250 0.02344
0 0.83438 0.70820 0.01354 0.02109
0 0.84792 0.70195 0.00938 0.00859
0 0.85417 0.70742 0.01250 0.01328
0 0.84088 0.71328 0.01406 0.02500
0 0.84922 0.71953 0.01302 0.02344
0 0.75391 0.79961 0.00885 0.01953
0 0.74557 0.79883 0.01094 0.02109
0 0.72969 0.79180 0.00729 0.01953
0 0.73594 0.79297 0.01042 0.01719
0 0.78568 0.81562 0.01198 0.02031
0 0.79479 0.81719 0.01146 0.01875
0 0.80234 0.81797 0.00885 0.01562
0 0.81042 0.82109 0.01042 0.01562
0 0.81901 0.81953 0.01198 0.01875
0 0.82917 0.82109 0.01146 0.02031
0 0.71354 0.71367 0.01146 0.01953
0 0.69818 0.75859 0.00781 0.02500
0 0.71250 0.74219 0.00938 0.01562
0 0.70599 0.73594 0.01406 0.02656
0 0.70469 0.75937 0.00937 0.02500
0 0.71172 0.76133 0.00990 0.02734
0 0.71797 0.76484 0.00677 0.02344
0 0.72370 0.76875 0.00781 0.02188
0 0.72969 0.77305 0.00625 0.02266
0 0.73698 0.77578 0.01146 0.02344
0 0.74505 0.77891 0.00990 0.02344
0 0.75339 0.78203 0.00990 0.02031
0 0.72162 0.74531 0.01198 0.02500
0 0.73255 0.75156 0.01406 0.02812
0 0.74271 0.75664 0.00938 0.02266
0 0.75052 0.76094 0.01354 0.02344
0 0.76016 0.77188 0.01094 0.01719
0 0.76771 0.78594 0.01354 0.02969
0 0.77839 0.79492 0.00990 0.02734
0 0.78750 0.79805 0.01042 0.02734
0 0.79662 0.79805 0.01198 0.02891
0 0.80495 0.80234 0.00677 0.02344
0 0.81146 0.80313 0.00937 0.02500
0 0.82083 0.80391 0.01146 0.02187
0 0.86406 0.70898 0.01458 0.01016
0 0.87344 0.71523 0.01354 0.01172
0 0.88359 0.71914 0.01302 0.01328
0 0.89453 0.72344 0.02031 0.01250
0 0.85938 0.72227 0.01562 0.02266
0 0.86641 0.72539 0.01198 0.01797
0 0.87422 0.72891 0.01510 0.01719
0 0.87943 0.73438 0.01406 0.01719
0 0.86589 0.74258 0.01510 0.01797
0 0.79219 0.71172 0.01250 0.01094
0 0.80234 0.71445 0.01302 0.01016
0 0.81537 0.71758 0.01198 0.01328
0 0.82500 0.72305 0.00833 0.01172
0 0.83229 0.72539 0.01146 0.01328
0 0.84401 0.73281 0.01406 0.01562
0 0.72656 0.70234 0.01562 0.02188
0 0.73177 0.70703 0.01458 0.02344
0 0.73802 0.71016 0.01354 0.02344
0 0.74375 0.71250 0.01146 0.02031
0 0.71797 0.72344 0.01615 0.02344
0 0.72630 0.72773 0.01094 0.02109
0 0.73385 0.73008 0.01146 0.02109
0 0.74037 0.73477 0.00885 0.02422
0 0.70026 0.60547 0.01406 0.02344
0 0.71120 0.60195 0.01198 0.02266
0 0.65104 0.58828 0.01875 0.02656
0 0.66120 0.58438 0.01615 0.02344
0 0.67474 0.58711 0.01823 0.02578
0 0.68906 0.58711 0.01458 0.02734
0 0.70208 0.58203 0.01875 0.02812
0 0.64714 0.56445 0.01198 0.02734
0 0.65495 0.56367 0.01198 0.02422
0 0.66641 0.56445 0.01198 0.02266
0 0.67682 0.56289 0.01094 0.02578
0 0.68620 0.56211 0.01406 0.02578
0 0.69844 0.55937 0.01354 0.02500
0 0.74635 0.73633 0.01042 0.02422
0 0.75287 0.74063 0.01198 0.02187
0 0.75781 0.74961 0.00938 0.02422
0 0.76172 0.70391 0.01615 0.01562
0 0.77031 0.70938 0.01250 0.01250
0 0.77865 0.71562 0.01458 0.01562
0 0.74974 0.71367 0.01406 0.01641
0 0.75859 0.71953 0.01198 0.02031
0 0.76537 0.72539 0.01302 0.02109
0 0.77318 0.72930 0.01302 0.01797
0 0.78620 0.72188 0.01302 0.01406
0 0.79297 0.72383 0.01406 0.01641
0 0.76458 0.75625 0.01146 0.02656
0 0.77552 0.73672 0.01250 0.02188
0 0.77083 0.76406 0.00729 0.02188
0 0.78125 0.73984 0.01146 0.02344
0 0.87187 0.75039 0.01146 0.02109
0 0.79974 0.72578 0.01510 0.01562
0 0.80573 0.72891 0.01354 0.01875
0 0.81380 0.73398 0.01406 0.02266
0 0.82083 0.73672 0.01354 0.01875
0 0.77760 0.76602 0.01146 0.03203
0 0.78437 0.76914 0.01250 0.03203
0 0.79245 0.76992 0.01302 0.02891
0 0.79870 0.77305 0.01094 0.02578
0 0.80651 0.77695 0.01198 0.02891
0 0.78906 0.74180 0.01250 0.02422
0 0.79505 0.74453 0.01198 0.02344
0 0.80182 0.74844 0.01406 0.02344
0 0.80859 0.75273 0.01094 0.02266
0 0.87891 0.75430 0.01302 0.02422
0 0.88359 0.76172 0.01198 0.02969
0 0.86823 0.81719 0.00833 0.02500
0 0.87500 0.82383 0.00833 0.01953
0 0.88125 0.82656 0.00938 0.01719
0 0.88490 0.82656 0.01042 0.01562
0 0.87448 0.80977 0.00937 0.02109
0 0.88203 0.81133 0.00990 0.02266
0 0.87891 0.78672 0.00990 0.03281
0 0.88516 0.78906 0.00885 0.02969
0 0.88411 0.73555 0.01094 0.01484
0 0.90417 0.72852 0.01562 0.01016
0 0.91250 0.73242 0.01667 0.01016
0 0.92318 0.73906 0.01302 0.01250
0 0.93151 0.74531 0.01302 0.01406
0 0.93828 0.75234 0.01198 0.01406
0 0.94687 0.75820 0.01354 0.01172
0 0.95443 0.76406 0.01302 0.01250
0 0.96302 0.77109 0.01042 0.01562
0 0.97213 0.77969 0.01302 0.01875
0 0.89141 0.73906 0.01406 0.02188
0 0.89922 0.74063 0.01302 0.01562
0 0.89219 0.76250 0.01354 0.02812
0 0.89948 0.76680 0.01146 0.02578
0 0.90729 0.74609 0.02083 0.02031
0 0.91641 0.74883 0.01719 0.01641
0 0.92109 0.75586 0.01719 0.01797
0 0.92943 0.76211 0.01927 0.01953
0 0.93516 0.77109 0.01615 0.02344
0 0.94271 0.77266 0.01562 0.01875
0 0.95130 0.77969 0.01823 0.02188
0 0.96016 0.78867 0.01510 0.02109
0 0.89323 0.83047 0.00729 0.01406
0 0.90208 0.83477 0.01042 0.01797
0 0.91146 0.84063 0.01458 0.02031
0 0.92240 0.84609 0.00833 0.01719
0 0.93125 0.85078 0.01354 0.02031
0 0.92057 0.82891 0.01094 0.02500
0 0.90885 0.82109 0.01458 0.02500
0 0.89818 0.81563 0.00885 0.02344
0 0.88984 0.81367 0.00990 0.02266
0 0.89141 0.79062 0.01094 0.02969
0 0.90729 0.76992 0.01771 0.02891
0 0.91406 0.77773 0.01562 0.02734
0 0.90078 0.79453 0.01302 0.03125
0 0.90833 0.80117 0.01042 0.02578
0 0.91589 0.80508 0.01198 0.03047
0 0.92344 0.78398 0.01562 0.02578
0 0.93203 0.83672 0.01406 0.02344
0 0.94766 0.84883 0.01823 0.03359
0 0.92500 0.81016 0.01042 0.02969
0 0.94505 0.82187 0.01615 0.02187
0 0.93359 0.81836 0.01510 0.02734
0 0.93516 0.79297 0.01719 0.02500
0 0.94531 0.80000 0.01771 0.02344
0 0.95338 0.80859 0.01615 0.02500
0 0.83021 0.73867 0.01354 0.01641
0 0.85052 0.75078 0.01042 0.01406
0 0.83750 0.74570 0.01875 0.01641
0 0.83724 0.82109 0.01510 0.01562
0 0.84687 0.81758 0.01458 0.01484
0 0.83255 0.80391 0.01510 0.02344
0 0.84766 0.80313 0.01823 0.02500
0 0.85052 0.78438 0.01667 0.02344
0 0.85938 0.76562 0.01354 0.02188
0 0.81380 0.78086 0.01406 0.02891
0 0.82370 0.78086 0.01302 0.02891
0 0.83542 0.78242 0.01458 0.02734
0 0.81719 0.75508 0.01250 0.02422
0 0.82656 0.75820 0.01250 0.02422
0 0.83620 0.75977 0.01302 0.02109
0 0.84609 0.76484 0.01615 0.02344
0 0.92578 0.60586 0.01198 0.02109
0 0.79010 0.64727 0.01042 0.01953
0 0.78073 0.63750 0.01667 0.02812
0 0.76693 0.63437 0.01302 0.02969
0 0.75391 0.62891 0.01615 0.02500
0 0.74427 0.62891 0.01562 0.02656
0 0.73021 0.62539 0.01354 0.02266
0 0.79115 0.63086 0.00729 0.01484
0 0.72188 0.54961 0.01562 0.01328
0 0.73412 0.54961 0.01198 0.01484
0 0.74505 0.54805 0.01302 0.01328
0 0.75625 0.55000 0.01250 0.01406
0 0.76693 0.55156 0.01302 0.01562
0 0.77630 0.55313 0.00885 0.01406
0 0.78281 0.55156 0.00729 0.01562
0 0.78932 0.55508 0.00885 0.01797
0 0.79818 0.55273 0.01094 0.01484
0 0.71198 0.56289 0.01250 0.02266
0 0.72292 0.56562 0.01250 0.02031
0 0.73255 0.56328 0.01406 0.02188
0 0.74141 0.56211 0.00885 0.01953
0 0.75052 0.56367 0.01458 0.02266
0 0.76276 0.56562 0.01302 0.02031
0 0.77396 0.56641 0.01250 0.02031
0 0.78307 0.56641 0.01198 0.01719
0 0.72292 0.60586 0.01250 0.02266
0 0.73307 0.60742 0.01094 0.01953
0 0.74271 0.60703 0.01042 0.02188
0 0.75052 0.60859 0.00937 0.02031
0 0.71615 0.58594 0.01146 0.02656
0 0.72474 0.58633 0.00885 0.02578
0 0.73359 0.58672 0.01302 0.02969
0 0.74401 0.58438 0.01198 0.02812
0 0.75443 0.58828 0.01198 0.03125
0 0.76432 0.58906 0.01302 0.03125
0 0.77266 0.58789 0.01198 0.02891
0 0.78359 0.58750 0.01510 0.02812
0 0.76042 0.61250 0.01146 0.02500
0 0.77057 0.61367 0.01094 0.02266
0 0.77969 0.61523 0.00937 0.02109
0 0.78724 0.61523 0.00990 0.02266
0 0.79635 0.65547 0.01146 0.02188
0 0.80495 0.66250 0.00990 0.02031
0 0.81354 0.66406 0.01042 0.02187
0 0.82187 0.66562 0.01042 0.02187
0 0.83125 0.66641 0.00937 0.01875
0 0.91458 0.59570 0.01354 0.01328
0 0.90338 0.58945 0.01510 0.01328
0 0.88984 0.58828 0.01198 0.02031
0 0.87734 0.58359 0.01302 0.02187
0 0.86641 0.58047 0.01302 0.02344
0 0.85703 0.57383 0.01198 0.02578
0 0.84870 0.57109 0.01198 0.02500
0 0.83750 0.56836 0.01354 0.03047
0 0.79479 0.56953 0.01250 0.02187
0 0.79401 0.58789 0.01094 0.02266
0 0.82604 0.56680 0.01458 0.03047
0 0.81536 0.56484 0.01302 0.02969
0 0.80521 0.56289 0.01146 0.03047
0 0.84088 0.66523 0.01198 0.01797
0 0.85026 0.66836 0.01198 0.01953
0 0.86094 0.66992 0.01354 0.01797
0 0.87240 0.67070 0.01250 0.01953
0 0.88490 0.67422 0.01458 0.02031
0 0.90026 0.67852 0.01719 0.02266
0 0.91068 0.65898 0.01615 0.03203
0 0.89635 0.65273 0.01771 0.03203
0 0.88021 0.64766 0.01562 0.02812
0 0.86823 0.64492 0.01562 0.03047
0 0.85859 0.64453 0.01198 0.03438
0 0.84974 0.64336 0.00990 0.02891
0 0.83906 0.64375 0.01562 0.02812
0 0.82891 0.64219 0.01198 0.02812
0 0.81901 0.64336 0.01094 0.02578
0 0.80885 0.63984 0.01354 0.02969
0 0.79844 0.63437 0.01042 0.02187
0 0.79713 0.61250 0.01198 0.02656
0 0.80547 0.61641 0.01302 0.03125
0 0.80365 0.58789 0.01250 0.02266
0 0.81250 0.59102 0.01458 0.02422
0 0.81693 0.61992 0.01302 0.02891
0 0.82318 0.59297 0.01406 0.02813
0 0.83177 0.61875 0.01875 0.02656
0 0.84948 0.62031 0.02187 0.02031
0 0.83385 0.59336 0.01354 0.02578
0 0.84375 0.59570 0.01458 0.02891
0 0.85443 0.59805 0.01406 0.02734
0 0.86589 0.60000 0.01302 0.02344
0 0.86927 0.62070 0.01875 0.02422
0 0.88047 0.59922 0.02135 0.02187
0 0.88177 0.62109 0.01875 0.02812
0 0.89271 0.62734 0.01771 0.02969
0 0.89896 0.60664 0.01771 0.02578
0 0.91510 0.61289 0.01875 0.02422
0 0.90599 0.63203 0.01510 0.02812
0 0.91979 0.63281 0.01354 0.02187
