0 0.59792 0.58472 0.00833 0.01250
0 0.59297 0.60208 0.01302 0.02361
0 0.57917 0.62396 0.01667 0.01042
0 0.58125 0.61528 0.01458 0.01667
0 0.59792 0.57465 0.00833 0.01736
0 0.59688 0.56493 0.00937 0.01736
0 0.59661 0.55347 0.00990 0.01944
0 0.58828 0.59896 0.01406 0.01875
0 0.58672 0.58785 0.01823 0.02014
0 0.58594 0.57847 0.01667 0.02361
0 0.58516 0.56806 0.01615 0.02083
0 0.56797 0.61806 0.01510 0.01111
0 0.55911 0.61042 0.00781 0.00833
0 0.57187 0.60521 0.02083 0.02014
0 0.55391 0.60382 0.01510 0.01458
0 0.56927 0.59826 0.01979 0.01875
0 0.59583 0.51181 0.00312 0.01389
0 0.59323 0.48889 0.00312 0.01250
0 0.59115 0.48125 0.00417 0.01528
0 0.59505 0.54167 0.00885 0.02500
0 0.59271 0.53715 0.00937 0.02153
0 0.59219 0.52569 0.00937 0.01806
0 0.59115 0.51319 0.00729 0.02222
0 0.58802 0.50660 0.01146 0.02292
0 0.58698 0.49931 0.01042 0.02500
0 0.58490 0.49063 0.01146 0.02708
0 0.57865 0.48854 0.01354 0.01875
0 0.58412 0.55903 0.01615 0.01944
0 0.58229 0.55104 0.01667 0.02153
0 0.57995 0.54375 0.01719 0.02222
0 0.57969 0.53021 0.01979 0.02708
0 0.57448 0.52188 0.01771 0.02153
0 0.57448 0.50903 0.01562 0.02361
0 0.56745 0.50625 0.01510 0.02361
0 0.58620 0.46910 0.00885 0.02153
0 0.58490 0.45417 0.00625 0.01389
0 0.58203 0.44097 0.00677 0.02222
0 0.57760 0.41875 0.00417 0.01250
0 0.57474 0.40972 0.00365 0.01250
0 0.57370 0.39792 0.00365 0.01528
0 0.56979 0.38750 0.00729 0.01667
0 0.58229 0.46701 0.01042 0.02569
0 0.57787 0.46563 0.00990 0.02292
0 0.57708 0.45208 0.01250 0.02083
0 0.57500 0.44653 0.01042 0.02639
0 0.57344 0.43299 0.01250 0.02292
0 0.57083 0.42361 0.01042 0.02222
0 0.56823 0.41424 0.01042 0.02153
0 0.56719 0.40313 0.01042 0.02292
0 0.56979 0.48750 0.01771 0.02361
0 0.56589 0.48403 0.01615 0.02083
0 0.56380 0.47222 0.02031 0.02361
0 0.56146 0.46424 0.01979 0.02014
0 0.56198 0.45174 0.01875 0.02431
0 0.56042 0.44167 0.01458 0.02222
0 0.55885 0.43264 0.01354 0.02222
0 0.55703 0.41944 0.01510 0.02500
0 0.52630 0.58438 0.01302 0.01042
0 0.54662 0.59271 0.02656 0.01875
0 0.56875 0.58646 0.02187 0.02292
0 0.48203 0.48438 0.00573 0.01181
0 0.48125 0.47326 0.00729 0.01597
0 0.47891 0.45833 0.00990 0.01806
0 0.47734 0.44444 0.00885 0.01389
0 0.47500 0.43229 0.01146 0.01319
0 0.47109 0.41944 0.00990 0.01528
0 0.46615 0.40243 0.00833 0.01597
0 0.46380 0.39097 0.00677 0.01111
0 0.46224 0.38264 0.00573 0.00972
0 0.46042 0.37257 0.00625 0.01181
0 0.45729 0.36111 0.00833 0.01250
0 0.45547 0.34861 0.00885 0.01250
0 0.49557 0.54167 0.00781 0.01667
0 0.49375 0.53021 0.00521 0.01319
0 0.51458 0.57465 0.01146 0.01042
0 0.50781 0.56389 0.01667 0.01528
0 0.50859 0.55660 0.01927 0.01736
0 0.52396 0.57222 0.01875 0.01806
0 0.54167 0.58333 0.02396 0.01667
0 0.56615 0.57674 0.02292 0.02153
0 0.56745 0.56597 0.01823 0.01944
0 0.54713 0.57569 0.02344 0.01806
0 0.54141 0.56771 0.02552 0.01597
0 0.56354 0.55833 0.02188 0.02222
0 0.54323 0.55694 0.02708 0.01667
0 0.56354 0.54514 0.01771 0.01944
0 0.56042 0.53819 0.01875 0.02500
0 0.54062 0.54618 0.02187 0.01736
0 0.52292 0.55903 0.01458 0.01250
0 0.50677 0.54896 0.01667 0.01458
0 0.50234 0.53646 0.01406 0.01597
0 0.52005 0.54896 0.02135 0.01458
0 0.51458 0.53819 0.01979 0.01389
0 0.51875 0.53229 0.02708 0.01458
0 0.53359 0.54167 0.01927 0.01667
0 0.55703 0.52917 0.01927 0.02639
0 0.54141 0.53090 0.01823 0.02014
0 0.49740 0.52014 0.01771 0.02083
0 0.49479 0.50729 0.01667 0.01736
0 0.49583 0.50556 0.01354 0.01389
0 0.49141 0.49410 0.01510 0.01181
0 0.55313 0.51701 0.01875 0.01597
0 0.53359 0.52604 0.02031 0.01319
0 0.51354 0.51979 0.02292 0.01458
0 0.53359 0.51701 0.02448 0.01319
0 0.51198 0.50868 0.01875 0.01597
0 0.50885 0.50174 0.02083 0.01181
0 0.53177 0.50556 0.02604 0.02222
0 0.55339 0.50382 0.02031 0.02014
0 0.54870 0.49028 0.02031 0.02222
0 0.54583 0.47813 0.01667 0.01875
0 0.54635 0.46354 0.01667 0.02153
0 0.54375 0.45312 0.02083 0.02153
0 0.54323 0.44132 0.01979 0.02292
0 0.54036 0.43229 0.02031 0.01875
0 0.56302 0.39514 0.01146 0.02361
0 0.55287 0.41215 0.01615 0.02847
0 0.56120 0.38194 0.01094 0.02639
0 0.55130 0.40312 0.01302 0.02153
0 0.55026 0.38958 0.01510 0.02083
0 0.53542 0.42465 0.02083 0.01875
0 0.53568 0.40972 0.02240 0.02500
0 0.53437 0.39896 0.02083 0.02292
0 0.49193 0.48750 0.01615 0.01528
0 0.48984 0.47569 0.01510 0.01806
0 0.48984 0.46875 0.01302 0.00972
0 0.48802 0.45903 0.01458 0.01806
0 0.48568 0.44618 0.01302 0.01458
0 0.48099 0.43264 0.01406 0.01944
0 0.47734 0.41736 0.01406 0.01389
0 0.47630 0.40799 0.01823 0.01597
0 0.52865 0.49653 0.02083 0.01250
0 0.50937 0.49444 0.02187 0.01389
0 0.52734 0.48958 0.02240 0.01389
0 0.50807 0.48403 0.02135 0.01250
0 0.50495 0.47465 0.02031 0.01597
0 0.52682 0.47986 0.02448 0.01389
0 0.50781 0.46806 0.02083 0.01528
0 0.52812 0.46840 0.02188 0.01736
0 0.52344 0.46076 0.02292 0.01736
0 0.52240 0.44896 0.02292 0.01597
0 0.50208 0.45868 0.02188 0.01597
0 0.51953 0.43993 0.02344 0.01736
0 0.50078 0.44653 0.02135 0.01667
0 0.49635 0.43889 0.01979 0.01250
0 0.49687 0.42951 0.02187 0.01597
0 0.49479 0.42118 0.02292 0.01736
0 0.51537 0.43264 0.02031 0.01389
0 0.51667 0.42049 0.02083 0.01458
0 0.51458 0.41076 0.02292 0.02014
0 0.49401 0.41007 0.02135 0.01597
0 0.55182 0.31701 0.00469 0.01458
0 0.55938 0.36875 0.01042 0.02222
0 0.54713 0.37743 0.01719 0.02292
0 0.53099 0.38889 0.01927 0.01667
0 0.51302 0.40104 0.02292 0.01736
0 0.53099 0.38056 0.02031 0.01944
0 0.51068 0.39028 0.02344 0.01528
0 0.51016 0.38021 0.02448 0.01319
0 0.50781 0.36840 0.02083 0.01736
0 0.47396 0.39688 0.01562 0.01319
0 0.47292 0.38715 0.01667 0.01319
0 0.47057 0.37743 0.01615 0.01458
0 0.49088 0.39965 0.02031 0.01458
0 0.48958 0.38889 0.02083 0.01528
0 0.48776 0.38056 0.02135 0.01528
0 0.46927 0.36979 0.01667 0.01319
0 0.46693 0.35764 0.01927 0.01667
0 0.46745 0.35000 0.01615 0.01111
0 0.46224 0.33924 0.02031 0.01736
0 0.45911 0.32743 0.01719 0.01181
0 0.45729 0.31667 0.01875 0.01389
0 0.48802 0.37118 0.01979 0.01597
0 0.48516 0.36146 0.02135 0.01458
0 0.48359 0.34861 0.02031 0.01528
0 0.47969 0.33993 0.01875 0.01736
0 0.47708 0.32708 0.02083 0.01528
0 0.47422 0.31493 0.02031 0.01458
0 0.45469 0.30556 0.01667 0.01389
0 0.45182 0.29306 0.01719 0.01389
0 0.45234 0.28333 0.01719 0.01250
0 0.44688 0.27118 0.01562 0.01736
0 0.44453 0.25660 0.01719 0.01458
0 0.44219 0.24063 0.01458 0.02292
0 0.55729 0.35590 0.01250 0.02431
0 0.55443 0.34410 0.00990 0.02292
0 0.55078 0.33611 0.01094 0.02500
0 0.54740 0.32917 0.00937 0.01944
0 0.54583 0.31806 0.00729 0.02083
0 0.54323 0.30764 0.00937 0.01806
0 0.54062 0.29618 0.00729 0.02153
0 0.53698 0.28576 0.00833 0.02153
0 0.53412 0.27326 0.00781 0.02153
0 0.53073 0.26250 0.00833 0.02361
0 0.52786 0.24965 0.00677 0.02014
0 0.52422 0.23472 0.00781 0.01806
0 0.51979 0.22396 0.00833 0.01875
0 0.51432 0.21354 0.00677 0.01875
0 0.50859 0.20104 0.00885 0.01875
0 0.50287 0.18889 0.00885 0.01389
0 0.54505 0.36319 0.01615 0.02361
0 0.54219 0.35243 0.01458 0.02292
0 0.53984 0.33924 0.01198 0.01597
0 0.53672 0.32604 0.01406 0.02292
0 0.53359 0.31354 0.01198 0.01458
0 0.53151 0.30382 0.01406 0.01736
0 0.52917 0.29236 0.01146 0.01806
0 0.52422 0.27951 0.01510 0.01736
0 0.52162 0.26562 0.01302 0.01736
0 0.51901 0.25278 0.01406 0.02639
0 0.51458 0.24167 0.01354 0.02222
0 0.51016 0.23090 0.01302 0.02153
0 0.50521 0.21840 0.01354 0.02153
0 0.50000 0.20590 0.01354 0.02153
0 0.49609 0.19271 0.01198 0.02292
0 0.48620 0.17500 0.01615 0.02639
0 0.52813 0.36910 0.02083 0.01875
0 0.52708 0.35938 0.02083 0.02153
0 0.52422 0.34792 0.02344 0.02222
0 0.52188 0.33715 0.02292 0.02153
0 0.52031 0.32535 0.02188 0.02569
0 0.51615 0.31493 0.02292 0.02708
0 0.51380 0.29931 0.02135 0.02778
0 0.50990 0.29028 0.02083 0.02361
0 0.50755 0.27812 0.01927 0.02431
0 0.50339 0.26424 0.02135 0.02847
0 0.50000 0.25208 0.01979 0.02361
0 0.49557 0.23958 0.02031 0.02361
0 0.49271 0.22743 0.01458 0.02431
0 0.48568 0.21736 0.02031 0.03056
0 0.48177 0.20000 0.01875 0.02917
0 0.47266 0.30417 0.02344 0.01389
0 0.46979 0.29410 0.02187 0.01458
0 0.46875 0.28090 0.01979 0.01736
0 0.46328 0.26910 0.02240 0.01875
0 0.46172 0.25521 0.02135 0.02014
0 0.45755 0.24167 0.01927 0.02222
0 0.45104 0.22674 0.01875 0.01736
0 0.43828 0.21632 0.01510 0.02708
0 0.45104 0.20833 0.01979 0.02500
0 0.44037 0.19201 0.01927 0.02292
0 0.45182 0.17188 0.02031 0.02708
0 0.47630 0.18333 0.01719 0.02639
0 0.50625 0.35833 0.02187 0.01944
0 0.50234 0.34931 0.02031 0.01944
0 0.50052 0.33750 0.02292 0.01944
0 0.49740 0.32778 0.02083 0.01806
0 0.49531 0.31493 0.02292 0.01875
0 0.49271 0.30486 0.02187 0.02083
0 0.49010 0.29201 0.01979 0.01875
0 0.48724 0.28021 0.02031 0.01875
0 0.48412 0.26701 0.02031 0.02153
0 0.48047 0.25347 0.02031 0.02222
0 0.47604 0.23819 0.02083 0.01944
0 0.47031 0.22639 0.02083 0.02361
0 0.46641 0.21354 0.01927 0.02153
0 0.46432 0.19687 0.01510 0.01736
