0 0.57915 0.01562 0.01724 0.02083
0 0.56857 0.00729 0.02586 0.01458
0 0.36912 0.00833 0.01411 0.00625
0 0.38323 0.01771 0.01411 0.01042
0 0.39577 0.02500 0.01254 0.01042
0 0.41183 0.03594 0.01176 0.00625
0 0.42594 0.04375 0.01803 0.01354
0 0.44397 0.05521 0.02273 0.01563
0 0.36716 0.00313 0.01646 0.00625
0 0.38519 0.00859 0.02273 0.01719
0 0.39734 0.01536 0.01881 0.01510
0 0.41144 0.02448 0.02194 0.01875
0 0.42868 0.03203 0.02665 0.01927
0 0.44357 0.04323 0.02194 0.01771
0 0.39263 0.00313 0.01097 0.00625
0 0.41262 0.00807 0.03370 0.01615
0 0.43064 0.01172 0.03213 0.02344
0 0.44397 0.00417 0.01803 0.00833
0 0.44710 0.02344 0.02900 0.02292
0 0.46121 0.01146 0.02900 0.02292
0 0.48707 0.00885 0.03213 0.01771
0 0.47688 0.06979 0.01019 0.00937
0 0.46512 0.06068 0.02900 0.01615
0 0.46983 0.05313 0.03213 0.01875
0 0.46003 0.03620 0.02821 0.02240
0 0.48433 0.04635 0.03292 0.02292
0 0.47570 0.02552 0.02821 0.02083
0 0.57328 0.06562 0.03056 0.02396
0 0.54741 0.07318 0.02273 0.01406
0 0.51646 0.07682 0.02351 0.00885
0 0.49373 0.07266 0.02821 0.01094
0 0.49686 0.06068 0.03448 0.02135
0 0.52390 0.06849 0.03213 0.01927
0 0.53409 0.05651 0.04467 0.02448
0 0.50392 0.04036 0.03292 0.02344
0 0.50509 0.02005 0.03527 0.02552
0 0.51959 0.00911 0.03605 0.01823
0 0.54937 0.00911 0.02665 0.01823
0 0.55525 0.02187 0.03840 0.01875
0 0.52782 0.03177 0.03213 0.02708
0 0.58895 0.03594 0.01176 0.01979
0 0.57484 0.03646 0.02429 0.02396
0 0.54820 0.04089 0.03370 0.02448
0 0.88558 0.03594 0.02978 0.00521
0 0.86560 0.03802 0.01803 0.00937
0 0.84287 0.04453 0.03056 0.00781
0 0.81035 0.04635 0.01567 0.00625
0 0.79467 0.05104 0.01411 0.00521
0 0.82484 0.04974 0.03056 0.01302
0 0.77625 0.05573 0.03527 0.01042
0 0.80682 0.05807 0.02586 0.01823
0 0.74647 0.06302 0.01332 0.00625
0 0.76136 0.06250 0.01959 0.01042
0 0.72962 0.07005 0.02821 0.01510
0 0.74804 0.07344 0.02116 0.01667
0 0.74373 0.09036 0.02508 0.01719
0 0.73237 0.07969 0.02429 0.01667
0 0.75901 0.08411 0.02743 0.01615
0 0.76959 0.07526 0.02978 0.01927
0 0.78919 0.06615 0.03762 0.02187
0 0.71081 0.07396 0.01724 0.00729
0 0.69710 0.07812 0.01803 0.00729
0 0.67868 0.08438 0.02665 0.01354
0 0.71473 0.08359 0.02665 0.01302
0 0.72492 0.09505 0.01881 0.01719
0 0.69984 0.08958 0.03135 0.01667
0 0.91183 0.04557 0.03683 0.01719
0 0.88754 0.04583 0.03997 0.01771
0 0.86638 0.05078 0.03527 0.01823
0 0.84835 0.05833 0.03370 0.01979
0 0.82876 0.06380 0.03370 0.01615
0 0.81622 0.07500 0.02900 0.01667
0 0.80016 0.08333 0.03448 0.01979
0 0.78291 0.09427 0.02978 0.01979
0 0.94475 0.05990 0.02273 0.01979
0 0.92555 0.05937 0.03292 0.01979
0 0.90008 0.06302 0.03527 0.02083
0 0.87853 0.06953 0.03292 0.02344
0 0.85854 0.07604 0.02900 0.02188
0 0.84483 0.08307 0.03605 0.02552
0 0.83150 0.09453 0.03605 0.02760
0 0.94749 0.07630 0.01724 0.01927
0 0.92868 0.07969 0.03448 0.02500
0 0.90517 0.08307 0.03135 0.02344
0 0.88519 0.09089 0.03683 0.02344
0 0.86873 0.09896 0.03213 0.02500
0 0.85698 0.10938 0.03370 0.02604
0 0.84209 0.12005 0.03056 0.02552
0 0.94867 0.13490 0.01803 0.01562
0 0.93378 0.14297 0.02586 0.02135
0 0.91301 0.15417 0.02351 0.01562
0 0.89381 0.16536 0.02273 0.01510
0 0.87382 0.17344 0.01881 0.01458
0 0.94201 0.12005 0.02508 0.02240
0 0.92437 0.12708 0.02900 0.02396
0 0.90635 0.13516 0.03056 0.02448
0 0.89342 0.14609 0.02821 0.02448
0 0.87500 0.15677 0.02743 0.02187
0 0.93652 0.09818 0.02978 0.02760
0 0.91732 0.10443 0.03370 0.02448
0 0.89929 0.11224 0.03056 0.02656
0 0.88480 0.12083 0.02508 0.02396
0 0.86951 0.13385 0.03056 0.02604
0 0.85384 0.14531 0.03370 0.02813
0 0.83660 0.15182 0.03056 0.02656
0 0.85462 0.18021 0.02273 0.01354
0 0.83503 0.18594 0.01959 0.01042
0 0.85580 0.16693 0.02508 0.01615
0 0.83699 0.17188 0.02665 0.01771
0 0.81544 0.19193 0.02116 0.00990
0 0.79741 0.19297 0.01646 0.01719
0 0.77900 0.20182 0.02194 0.01094
0 0.75784 0.20964 0.02194 0.00990
0 0.81975 0.17865 0.02508 0.01875
0 0.80251 0.18516 0.02194 0.01510
0 0.78174 0.19141 0.02273 0.01510
0 0.76332 0.19818 0.01724 0.01615
0 0.74765 0.20391 0.01724 0.01302
0 0.73433 0.21042 0.02508 0.01562
0 0.70768 0.22370 0.01097 0.00885
0 0.71317 0.21745 0.01567 0.01094
0 0.69553 0.22474 0.01803 0.00990
0 0.67908 0.23021 0.01959 0.01354
0 0.81740 0.15833 0.02821 0.02292
0 0.80016 0.16719 0.02821 0.02188
0 0.78331 0.17370 0.02743 0.02240
0 0.76607 0.17917 0.02429 0.02083
0 0.74961 0.18750 0.02900 0.02396
0 0.73315 0.19297 0.01959 0.02031
0 0.71787 0.20026 0.02508 0.02031
0 0.70063 0.20990 0.02821 0.02083
0 0.68378 0.21615 0.02743 0.01979
0 0.65831 0.23594 0.01724 0.01250
0 0.61599 0.24297 0.02194 0.00990
0 0.64812 0.23177 0.02038 0.01771
0 0.63166 0.23698 0.02508 0.01979
0 0.58151 0.25417 0.02508 0.01667
0 0.59875 0.24635 0.02038 0.01458
0 0.56270 0.26068 0.01724 0.00677
0 0.54389 0.25755 0.02508 0.01406
0 0.56113 0.25052 0.02508 0.01562
0 0.57876 0.24088 0.02429 0.01823
0 0.59326 0.23359 0.01567 0.01510
0 0.66771 0.22057 0.02351 0.02240
0 0.62578 0.21979 0.02586 0.02188
0 0.61246 0.23021 0.02273 0.02188
0 0.64303 0.21224 0.02900 0.02344
0 0.65713 0.20208 0.02900 0.02188
0 0.67320 0.19635 0.03605 0.02396
0 0.69161 0.18906 0.03840 0.02500
0 0.70846 0.17943 0.03448 0.02656
0 0.72257 0.17031 0.03135 0.02708
0 0.74060 0.16406 0.02821 0.02813
0 0.75744 0.15703 0.03370 0.02760
0 0.77351 0.15156 0.02821 0.02708
0 0.79154 0.14505 0.02665 0.02865
0 0.80799 0.13568 0.03292 0.02865
0 0.82328 0.12630 0.03370 0.02760
0 0.81270 0.10234 0.03762 0.02344
0 0.79585 0.11172 0.02900 0.02552
0 0.77978 0.12057 0.02978 0.02344
0 0.76372 0.12839 0.03370 0.02344
0 0.74765 0.13333 0.02978 0.02292
0 0.73080 0.13906 0.03213 0.02708
0 0.71317 0.14583 0.03135 0.02708
0 0.69828 0.15391 0.02978 0.02552
0 0.68378 0.16406 0.03213 0.02708
0 0.66458 0.17109 0.03135 0.02760
0 0.64929 0.17812 0.03056 0.02813
0 0.63597 0.18542 0.02586 0.02708
0 0.62343 0.19609 0.03056 0.02552
0 0.59287 0.21432 0.02743 0.02552
0 0.60658 0.20443 0.02978 0.02552
0 0.65948 0.08984 0.02116 0.00990
0 0.64067 0.09531 0.02429 0.00937
0 0.62578 0.10078 0.01803 0.00885
0 0.60737 0.10625 0.01881 0.01042
0 0.59287 0.11328 0.02429 0.01198
0 0.57524 0.11875 0.01881 0.01250
0 0.56034 0.12396 0.02665 0.01458
0 0.68103 0.09557 0.03292 0.01094
0 0.66458 0.10078 0.03448 0.01510
0 0.64342 0.10703 0.02821 0.01510
0 0.62696 0.11276 0.03292 0.01615
0 0.61050 0.11823 0.02665 0.01458
0 0.59013 0.12552 0.03135 0.01458
0 0.57524 0.13359 0.03135 0.01719
0 0.70886 0.10208 0.02429 0.01771
0 0.69318 0.10703 0.02586 0.01927
0 0.67516 0.11302 0.03527 0.01979
0 0.65713 0.12135 0.02743 0.02292
0 0.63832 0.12734 0.03056 0.02240
0 0.62187 0.13385 0.03370 0.02396
0 0.60384 0.14219 0.02900 0.02292
0 0.76803 0.10130 0.02978 0.02031
0 0.74882 0.10963 0.03527 0.02448
0 0.73041 0.11458 0.02821 0.02396
0 0.71473 0.12109 0.02821 0.02344
0 0.69867 0.12630 0.02743 0.02240
0 0.68260 0.13411 0.02978 0.02656
0 0.66536 0.14245 0.03135 0.02448
0 0.64851 0.15026 0.02900 0.02552
0 0.63127 0.15573 0.03056 0.02396
0 0.61834 0.16302 0.03448 0.02396
0 0.60423 0.17135 0.04232 0.02708
0 0.59013 0.17891 0.03605 0.02865
0 0.57759 0.19141 0.03448 0.02552
0 0.53840 0.12396 0.01881 0.00833
0 0.52429 0.12917 0.02351 0.00833
0 0.50901 0.13594 0.02273 0.00729
0 0.49255 0.14010 0.02429 0.01042
0 0.45611 0.14896 0.01254 0.00521
0 0.47531 0.14818 0.02743 0.01302
0 0.43887 0.15495 0.01881 0.00781
0 0.42476 0.16146 0.02351 0.01042
0 0.54663 0.13255 0.02429 0.01510
0 0.53096 0.13802 0.02429 0.01354
0 0.51489 0.14453 0.02508 0.01719
0 0.49961 0.15286 0.02586 0.02031
0 0.56465 0.14141 0.03370 0.02031
0 0.58777 0.15286 0.02978 0.02240
0 0.55094 0.14896 0.02821 0.01875
0 0.56857 0.16510 0.03056 0.02813
0 0.53644 0.15521 0.03370 0.02188
0 0.55251 0.17500 0.03292 0.02604
0 0.52155 0.16406 0.03213 0.02292
0 0.45768 0.15547 0.02508 0.01094
0 0.44044 0.16458 0.02821 0.01250
0 0.48276 0.16172 0.03292 0.01927
0 0.53723 0.18516 0.03056 0.02656
0 0.50823 0.17370 0.02900 0.02240
0 0.46787 0.17109 0.03135 0.02448
0 0.49295 0.18229 0.03292 0.02396
0 0.38793 0.17266 0.01097 0.00469
0 0.40596 0.16927 0.02508 0.01042
0 0.45180 0.17995 0.02900 0.02031
0 0.42751 0.17292 0.02586 0.01562
0 0.36325 0.18307 0.01646 0.00885
0 0.38009 0.18151 0.02508 0.01510
0 0.40596 0.18307 0.03292 0.02344
0 0.48668 0.27474 0.02038 0.01302
0 0.50274 0.26693 0.03370 0.01615
0 0.52116 0.26224 0.02194 0.01927
0 0.47884 0.19505 0.03605 0.02552
0 0.57484 0.22214 0.03213 0.02240
0 0.56191 0.20026 0.03292 0.02552
0 0.54428 0.23984 0.02273 0.02240
0 0.55760 0.23073 0.02743 0.02292
0 0.52625 0.24922 0.02429 0.02031
0 0.50313 0.25495 0.02821 0.01823
0 0.46787 0.28151 0.01567 0.00781
0 0.42790 0.28750 0.01881 0.01146
0 0.44984 0.27995 0.03135 0.01719
0 0.47610 0.27005 0.02743 0.01823
0 0.45180 0.26615 0.02900 0.01562
0 0.53135 0.21745 0.02978 0.02552
0 0.54389 0.20833 0.03448 0.02604
0 0.52194 0.19349 0.02665 0.02344
0 0.50784 0.20312 0.02821 0.02500
0 0.51842 0.22813 0.03370 0.02708
0 0.49295 0.21458 0.02665 0.02500
0 0.50314 0.23724 0.03135 0.02135
0 0.48589 0.24818 0.02665 0.02135
0 0.47061 0.25547 0.03213 0.02240
0 0.41223 0.27708 0.02978 0.02187
0 0.42868 0.27370 0.03605 0.01823
0 0.39812 0.29036 0.03135 0.01823
0 0.38793 0.27812 0.02194 0.01667
0 0.36716 0.30234 0.02900 0.01094
0 0.37343 0.29349 0.02743 0.01615
0 0.33777 0.29896 0.02351 0.01250
0 0.31348 0.30078 0.02665 0.01406
0 0.34679 0.29010 0.03213 0.02083
0 0.36834 0.27552 0.02821 0.02292
0 0.39263 0.25990 0.04075 0.02187
0 0.39851 0.24609 0.03213 0.02240
0 0.42712 0.25547 0.03135 0.02344
0 0.43613 0.18880 0.02900 0.02552
0 0.46277 0.20260 0.03213 0.02708
0 0.47884 0.22396 0.02821 0.02708
0 0.46042 0.23151 0.02743 0.02865
0 0.44436 0.24557 0.02665 0.02448
0 0.44514 0.20937 0.03292 0.02188
0 0.41536 0.20052 0.02978 0.01979
0 0.35933 0.19453 0.02586 0.01406
0 0.38558 0.19323 0.03292 0.01667
0 0.36951 0.20625 0.03056 0.02604
0 0.42868 0.22344 0.04075 0.02917
0 0.40831 0.23516 0.04232 0.02448
0 0.39538 0.21354 0.03056 0.02708
0 0.37343 0.23568 0.03056 0.02969
0 0.36325 0.21354 0.03056 0.02500
0 0.33542 0.19479 0.02665 0.01250
0 0.31348 0.20651 0.02351 0.01823
0 0.33660 0.20833 0.03213 0.02187
0 0.29232 0.21354 0.02978 0.01354
0 0.27077 0.22708 0.02743 0.01771
0 0.29585 0.22448 0.02900 0.02188
0 0.32092 0.22422 0.02900 0.02240
0 0.30133 0.23958 0.03056 0.02292
0 0.31857 0.28438 0.03840 0.02604
0 0.33895 0.26849 0.03213 0.02656
0 0.35933 0.25234 0.03213 0.02865
0 0.34718 0.22917 0.02978 0.02396
0 0.32915 0.24740 0.03292 0.02812
0 0.30603 0.26224 0.03840 0.02656
0 0.26607 0.29713 0.04154 0.02344
0 0.28644 0.29036 0.03683 0.02240
0 0.28801 0.27318 0.03370 0.02344
0 0.23158 0.25521 0.02429 0.01875
0 0.25274 0.24766 0.02900 0.02760
0 0.27547 0.24818 0.03370 0.02969
0 0.25901 0.26979 0.03056 0.02604
0 0.24177 0.28412 0.04154 0.02656
0 0.00627 0.25885 0.01254 0.00833
0 0.01763 0.26484 0.02429 0.01406
0 0.03487 0.26693 0.02116 0.00990
0 0.05133 0.27318 0.02743 0.01302
0 0.07171 0.27786 0.02273 0.00781
0 0.08542 0.28151 0.01411 0.00573
0 0.00549 0.26771 0.01097 0.01042
0 0.01215 0.27318 0.02429 0.01510
0 0.02900 0.27838 0.02665 0.01510
0 0.04781 0.28229 0.02351 0.01562
0 0.06661 0.28672 0.02508 0.01615
0 0.10031 0.28359 0.02194 0.00781
0 0.20572 0.31172 0.01332 0.00573
0 0.19083 0.30729 0.01646 0.00729
0 0.17398 0.30338 0.01881 0.00781
0 0.15596 0.30000 0.01881 0.00938
0 0.13754 0.29453 0.01959 0.00781
0 0.11677 0.28932 0.02194 0.00781
0 0.08386 0.29089 0.02351 0.01615
0 0.09796 0.29427 0.02508 0.01562
0 0.11716 0.29896 0.02429 0.01667
0 0.13401 0.30286 0.02821 0.01615
0 0.15008 0.30703 0.02586 0.01510
0 0.17006 0.31146 0.02821 0.01562
0 0.18848 0.31510 0.02273 0.01458
0 0.20376 0.32005 0.02194 0.01406
0 0.22179 0.32292 0.02351 0.01562
0 0.24099 0.32787 0.02586 0.01406
0 0.25940 0.33516 0.01881 0.01302
0 0.27625 0.34036 0.02116 0.01198
0 0.29506 0.34427 0.02743 0.01146
0 0.31270 0.35052 0.01724 0.00937
0 0.33190 0.35677 0.01646 0.01042
0 0.34914 0.36094 0.01332 0.00521
0 0.00509 0.39714 0.01019 0.00885
0 0.02077 0.40182 0.02116 0.00990
0 0.03919 0.40443 0.01724 0.00990
0 0.05447 0.41120 0.01959 0.01198
0 0.07171 0.41380 0.01176 0.00990
0 0.08503 0.41641 0.01803 0.00990
0 0.10227 0.42083 0.01646 0.00938
0 0.11638 0.42240 0.01332 0.00833
0 0.13205 0.42786 0.01803 0.01302
0 0.15047 0.43333 0.02194 0.01250
0 0.16967 0.43411 0.02116 0.01198
0 0.18652 0.43828 0.01881 0.01510
0 0.20494 0.44245 0.01959 0.01510
0 0.22335 0.44557 0.01724 0.01510
0 0.23981 0.44922 0.01881 0.01615
0 0.29389 0.46484 0.02038 0.00573
0 0.27900 0.46094 0.02508 0.01042
0 0.25901 0.45156 0.02429 0.01667
0 0.28017 0.45417 0.02273 0.01667
0 0.00823 0.38854 0.01646 0.01667
0 0.02351 0.39037 0.01724 0.01927
0 0.04154 0.39557 0.02351 0.02031
0 0.05799 0.39948 0.01881 0.02083
0 0.07719 0.40260 0.02429 0.02083
0 0.09130 0.40677 0.01959 0.02083
0 0.10933 0.40911 0.01959 0.02135
0 0.12500 0.41328 0.01959 0.02240
0 0.14263 0.41667 0.01724 0.02187
0 0.16066 0.41823 0.02351 0.02396
0 0.17947 0.42135 0.02194 0.02187
0 0.19671 0.42396 0.02038 0.02292
0 0.21317 0.42838 0.02038 0.02344
0 0.00431 0.36901 0.00862 0.02344
0 0.01332 0.37005 0.02351 0.02448
0 0.02939 0.37344 0.02429 0.02813
0 0.04820 0.37734 0.02586 0.02448
0 0.06505 0.38021 0.02351 0.02813
0 0.08229 0.38411 0.02351 0.02448
0 0.10031 0.38906 0.02351 0.02500
0 0.06583 0.36510 0.13166 0.07500
0 0.01332 0.34479 0.02665 0.03021
0 0.03096 0.34714 0.02743 0.02969
0 0.05055 0.35182 0.03056 0.02969
0 0.00784 0.28828 0.01567 0.02135
0 0.01842 0.29219 0.02900 0.02187
0 0.03409 0.29713 0.02586 0.02344
0 0.05368 0.30052 0.03370 0.02500
0 0.07171 0.30417 0.02586 0.01979
0 0.08425 0.30911 0.02743 0.02135
0 0.10149 0.31406 0.03056 0.02604
0 0.12187 0.31719 0.02743 0.02083
0 0.13676 0.32083 0.02743 0.02188
0 0.00470 0.30729 0.00940 0.01771
0 0.01293 0.31641 0.02586 0.02969
0 0.02821 0.32031 0.02821 0.02500
0 0.04702 0.32396 0.02821 0.02604
0 0.06230 0.32656 0.02743 0.02708
0 0.07837 0.33229 0.02821 0.02708
0 0.09522 0.33828 0.02743 0.02760
0 0.11246 0.34115 0.03056 0.02917
0 0.13245 0.34427 0.03292 0.02917
0 0.15556 0.32448 0.02273 0.02292
0 0.17241 0.32760 0.02821 0.01979
0 0.19161 0.33099 0.02743 0.02135
0 0.21042 0.33411 0.02429 0.01927
0 0.22767 0.34036 0.02429 0.02135
0 0.24726 0.34271 0.02429 0.01979
0 0.26724 0.34662 0.02194 0.01719
0 0.15125 0.34792 0.02821 0.02604
0 0.16889 0.34974 0.02743 0.02760
0 0.18691 0.35391 0.02900 0.02760
0 0.20533 0.35651 0.02821 0.02865
0 0.22453 0.36172 0.03370 0.02760
0 0.24569 0.36458 0.02900 0.02708
0 0.06779 0.35729 0.02743 0.02604
0 0.08346 0.36016 0.02586 0.02552
0 0.09953 0.36458 0.02821 0.02708
0 0.11755 0.36849 0.02508 0.02552
0 0.13519 0.39245 0.02743 0.03073
0 0.13715 0.36953 0.02038 0.02448
0 0.15596 0.37240 0.02508 0.02812
0 0.15439 0.39687 0.02508 0.02812
0 0.17241 0.39740 0.02665 0.03021
0 0.17437 0.37526 0.02273 0.02552
0 0.19005 0.40130 0.02743 0.02760
0 0.19397 0.37839 0.02743 0.02344
0 0.21317 0.38203 0.02821 0.02552
0 0.23119 0.38516 0.02351 0.02240
0 0.21003 0.40677 0.03135 0.02604
0 0.23393 0.43073 0.02429 0.02604
0 0.30486 0.35651 0.01881 0.01510
0 0.28801 0.35391 0.02429 0.01927
0 0.32053 0.36224 0.02351 0.01719
0 0.26450 0.36432 0.02743 0.02135
0 0.23080 0.40859 0.03056 0.02865
0 0.24922 0.41224 0.02508 0.02448
0 0.25666 0.43177 0.02586 0.02917
0 0.26763 0.41042 0.02116 0.02500
0 0.25627 0.38750 0.03292 0.02604
0 0.28135 0.37057 0.02821 0.02344
0 0.29820 0.37370 0.02900 0.02240
0 0.28096 0.39219 0.02743 0.02604
0 0.28448 0.41484 0.03292 0.02448
0 0.27430 0.43724 0.02665 0.02240
0 0.34130 0.46901 0.02743 0.01302
0 0.31661 0.46797 0.02508 0.01094
0 0.30603 0.45625 0.03056 0.01875
0 0.33738 0.36719 0.02273 0.01562
0 0.31897 0.37839 0.02665 0.01927
0 0.30290 0.39583 0.02273 0.02604
0 0.30368 0.41797 0.02900 0.02344
0 0.29349 0.43802 0.02273 0.02292
0 0.31505 0.44036 0.02665 0.02552
0 0.36089 0.36901 0.03056 0.01510
0 0.34404 0.38021 0.03292 0.02083
0 0.32759 0.39583 0.03135 0.02604
0 0.32641 0.41875 0.03527 0.02813
0 0.33582 0.45964 0.03683 0.01510
0 0.38950 0.46797 0.02508 0.01719
0 0.36795 0.47162 0.02900 0.01198
0 0.40556 0.39010 0.01646 0.00625
0 0.38675 0.38255 0.02116 0.01615
0 0.36873 0.38437 0.03213 0.01979
0 0.35658 0.39792 0.03135 0.02188
0 0.44005 0.41849 0.01803 0.02344
0 0.42359 0.40521 0.02273 0.02604
0 0.37226 0.46094 0.04075 0.01979
0 0.34209 0.44219 0.03213 0.02500
0 0.37265 0.44635 0.03683 0.01979
0 0.40831 0.40339 0.02665 0.02344
0 0.38401 0.39583 0.02978 0.01771
0 0.38675 0.41406 0.03370 0.02500
0 0.37618 0.42656 0.03762 0.02604
0 0.35423 0.41953 0.03448 0.02760
0 0.41262 0.42500 0.03683 0.02500
0 0.40556 0.44531 0.03840 0.02396
