0 0.77000 0.12550 0.02200 0.01700
0 0.76450 0.13475 0.03000 0.01950
0 0.76225 0.15150 0.03550 0.02400
0 0.73825 0.16900 0.01450 0.01300
0 0.73525 0.18100 0.01450 0.01600
0 0.72325 0.20100 0.01850 0.01800
0 0.72075 0.21350 0.01850 0.02100
0 0.71600 0.22825 0.01800 0.01750
0 0.70925 0.24500 0.02350 0.02300
0 0.70325 0.26275 0.02150 0.01950
0 0.69700 0.27975 0.02200 0.01950
0 0.69125 0.29725 0.01850 0.01850
0 0.75725 0.16725 0.03050 0.02250
0 0.74725 0.18675 0.03650 0.02450
0 0.74500 0.20075 0.03200 0.02250
0 0.74025 0.21975 0.03550 0.01950
0 0.73675 0.23350 0.03450 0.01900
0 0.73000 0.24875 0.03400 0.02050
0 0.72400 0.26625 0.03300 0.01850
0 0.71725 0.28300 0.03750 0.02100
0 0.68300 0.31675 0.02100 0.02150
0 0.67625 0.33450 0.01650 0.01600
0 0.67200 0.35000 0.01700 0.02300
0 0.66850 0.36525 0.01400 0.01350
0 0.66225 0.38300 0.01950 0.02300
0 0.65550 0.40225 0.02000 0.01850
0 0.65150 0.42025 0.01800 0.02050
0 0.64500 0.44050 0.02000 0.02100
0 0.64150 0.45725 0.01500 0.01650
0 0.63425 0.47350 0.01550 0.01900
0 0.63150 0.48850 0.01800 0.02200
0 0.62925 0.50675 0.02450 0.02450
0 0.62375 0.52675 0.02350 0.02450
0 0.70825 0.30075 0.03750 0.02450
0 0.70175 0.32150 0.03850 0.02000
0 0.69775 0.33650 0.03650 0.02000
0 0.69200 0.35325 0.03700 0.02150
0 0.68475 0.37100 0.03350 0.02300
0 0.68000 0.39175 0.03500 0.02150
0 0.67575 0.40950 0.03750 0.02300
0 0.67125 0.42900 0.03650 0.01900
0 0.66450 0.44825 0.03900 0.02050
0 0.65900 0.46675 0.03900 0.01950
0 0.65600 0.48350 0.03900 0.02500
0 0.65375 0.50450 0.04250 0.02100
0 0.65050 0.52225 0.04200 0.02350
0 0.79600 0.13250 0.03300 0.02000
0 0.79250 0.14825 0.04000 0.03150
0 0.78525 0.17350 0.03950 0.02400
0 0.78100 0.19175 0.04600 0.02450
0 0.77800 0.20950 0.04700 0.02300
0 0.77275 0.22775 0.04950 0.02550
0 0.76450 0.25500 0.05300 0.02900
0 0.75800 0.27650 0.05100 0.02800
0 0.75150 0.29325 0.05100 0.02550
0 0.74675 0.30900 0.05750 0.02200
0 0.74125 0.32900 0.05350 0.02400
0 0.87175 0.15625 0.01150 0.03050
0 0.87125 0.17925 0.00750 0.02050
0 0.86700 0.20000 0.01600 0.03100
0 0.84000 0.12350 0.02000 0.01000
0 0.85450 0.13900 0.03100 0.02700
0 0.85775 0.16125 0.02950 0.03150
0 0.82575 0.13200 0.03550 0.02800
0 0.82775 0.15175 0.03650 0.02750
0 0.85250 0.17575 0.03100 0.03150
0 0.85200 0.19500 0.02500 0.03200
0 0.86225 0.22400 0.02050 0.03100
0 0.86125 0.24275 0.01450 0.02850
0 0.84675 0.21975 0.02450 0.02850
0 0.82250 0.16875 0.03700 0.02150
0 0.82200 0.18175 0.04000 0.02250
0 0.82150 0.19650 0.04100 0.02600
0 0.81850 0.21450 0.04200 0.02700
0 0.81400 0.23225 0.04100 0.02550
0 0.80650 0.24950 0.04500 0.02800
0 0.86100 0.26450 0.01300 0.03000
0 0.85525 0.28050 0.01950 0.02900
0 0.84475 0.24150 0.02750 0.03200
0 0.84025 0.25775 0.02950 0.03150
0 0.85375 0.30150 0.02550 0.02600
0 0.85025 0.32175 0.02750 0.03050
0 0.84725 0.34025 0.02150 0.02750
0 0.83350 0.27350 0.03200 0.02900
0 0.82775 0.29025 0.03850 0.03250
0 0.82250 0.30675 0.03700 0.03850
0 0.84300 0.35950 0.02300 0.03200
0 0.81775 0.33125 0.04050 0.04050
0 0.80000 0.27300 0.03800 0.03300
0 0.79300 0.30150 0.03800 0.03500
0 0.78550 0.32825 0.04600 0.03150
0 0.85025 0.38800 0.00850 0.02000
0 0.83900 0.37200 0.02000 0.02300
0 0.83950 0.38875 0.01900 0.01750
0 0.84575 0.40875 0.01150 0.02550
0 0.83950 0.44050 0.00900 0.01400
0 0.84225 0.42550 0.00850 0.01700
0 0.83325 0.40350 0.02250 0.03400
0 0.83025 0.42625 0.02450 0.02750
0 0.82725 0.45075 0.02650 0.03850
0 0.82475 0.47325 0.02250 0.02950
0 0.82000 0.49075 0.02400 0.02850
0 0.81675 0.51075 0.02450 0.02850
0 0.81375 0.53000 0.02550 0.02900
0 0.81000 0.55075 0.02700 0.02950
0 0.80450 0.57125 0.02700 0.02550
0 0.80175 0.58850 0.02550 0.02700
0 0.79675 0.61675 0.02850 0.05150
0 0.81825 0.35850 0.03050 0.03500
0 0.81100 0.37550 0.03800 0.03700
0 0.80825 0.39525 0.03750 0.03450
0 0.80325 0.41375 0.03850 0.03550
0 0.80250 0.43425 0.03700 0.03150
0 0.79775 0.45400 0.03950 0.03400
0 0.79400 0.47300 0.04200 0.03400
0 0.78950 0.49100 0.04300 0.03500
0 0.78500 0.51225 0.04500 0.02950
0 0.78275 0.53175 0.04350 0.03350
0 0.77725 0.55150 0.04450 0.03100
0 0.77325 0.57175 0.04750 0.03150
0 0.76950 0.59200 0.04600 0.03000
0 0.73175 0.34575 0.04850 0.02450
0 0.72475 0.36325 0.05150 0.02650
0 0.72000 0.38250 0.05600 0.02700
0 0.71675 0.40275 0.04950 0.02450
0 0.70900 0.42125 0.05300 0.02450
0 0.70625 0.44025 0.05450 0.02350
0 0.70300 0.46075 0.05400 0.02550
0 0.70075 0.47850 0.05450 0.02500
0 0.69825 0.49600 0.05850 0.02500
0 0.69425 0.51800 0.04850 0.02300
0 0.68775 0.54000 0.05350 0.03200
0 0.77950 0.34825 0.05200 0.02850
0 0.77175 0.36975 0.04950 0.03050
0 0.76600 0.38900 0.05200 0.02800
0 0.76300 0.40850 0.05100 0.03000
0 0.76075 0.42925 0.05450 0.02850
0 0.75575 0.44925 0.05150 0.02750
0 0.75150 0.46875 0.05100 0.02850
0 0.74775 0.48775 0.05050 0.03150
0 0.74100 0.50700 0.05000 0.02800
0 0.73925 0.52650 0.05450 0.03100
0 0.73300 0.54625 0.04900 0.02950
0 0.79200 0.64375 0.02500 0.03350
0 0.78400 0.66300 0.03200 0.03400
0 0.77800 0.68275 0.03000 0.03350
0 0.77600 0.70525 0.03000 0.03050
0 0.76475 0.61000 0.04750 0.03600
0 0.75975 0.63100 0.04950 0.03600
0 0.75075 0.64950 0.04850 0.03300
0 0.74950 0.67075 0.04800 0.03450
0 0.74300 0.69225 0.05000 0.03550
0 0.77025 0.72575 0.02950 0.03150
0 0.76600 0.74650 0.03400 0.03500
0 0.76475 0.77025 0.02750 0.02650
0 0.76100 0.78800 0.02900 0.02800
0 0.75375 0.80825 0.03550 0.03150
0 0.75200 0.82800 0.03200 0.04000
0 0.74625 0.85825 0.03450 0.03550
0 0.73800 0.71275 0.04600 0.03350
0 0.73150 0.73375 0.05300 0.03250
0 0.72950 0.75875 0.05300 0.03450
0 0.72275 0.77875 0.05550 0.03250
0 0.61675 0.54700 0.01850 0.01800
0 0.61350 0.56450 0.01800 0.02000
0 0.60850 0.58525 0.01900 0.02150
0 0.59200 0.58650 0.01200 0.02000
0 0.60400 0.60250 0.02000 0.02200
0 0.64225 0.54400 0.03950 0.02100
0 0.63925 0.56375 0.04350 0.02250
0 0.63400 0.58225 0.04000 0.02050
0 0.63025 0.60200 0.03750 0.02400
0 0.61950 0.62150 0.04100 0.02600
0 0.61675 0.64075 0.03750 0.03050
0 0.61000 0.65925 0.03400 0.02850
0 0.60950 0.68350 0.03200 0.02400
0 0.68175 0.55850 0.05350 0.03100
0 0.67325 0.57900 0.05550 0.02900
0 0.66975 0.60250 0.05350 0.03200
0 0.66075 0.62150 0.04950 0.02800
0 0.73125 0.56700 0.04950 0.03200
0 0.72475 0.58550 0.05150 0.03400
0 0.71900 0.60700 0.05100 0.03000
0 0.71150 0.62625 0.05600 0.03150
0 0.70525 0.64675 0.05350 0.03050
0 0.70100 0.66575 0.06000 0.03450
0 0.65575 0.64200 0.04950 0.03000
0 0.64975 0.66250 0.04750 0.02700
0 0.64450 0.68025 0.04800 0.02950
0 0.63950 0.70250 0.04600 0.02900
0 0.69600 0.69150 0.06000 0.03300
0 0.69075 0.70925 0.05250 0.03050
0 0.68275 0.73100 0.05550 0.03100
0 0.67775 0.75700 0.05350 0.03700
0 0.63100 0.71875 0.05100 0.02850
0 0.62700 0.74300 0.05700 0.03500
0 0.61025 0.75950 0.05350 0.03500
0 0.66600 0.77425 0.06100 0.03850
0 0.71575 0.80000 0.05750 0.03600
0 0.71525 0.82925 0.05250 0.03350
0 0.67625 0.81175 0.04950 0.03750
0 0.63675 0.78925 0.05250 0.03650
0 0.62700 0.81675 0.06000 0.03450
0 0.70875 0.85775 0.05250 0.03750
0 0.66925 0.84375 0.04950 0.04250
0 0.62400 0.84950 0.05500 0.04600
0 0.61525 0.88550 0.06150 0.05200
0 0.70675 0.89375 0.04050 0.04850
0 0.66600 0.88475 0.04900 0.05050
0 0.60050 0.69775 0.02500 0.02150
0 0.60075 0.72200 0.01250 0.02200
0 0.60250 0.78375 0.01900 0.03050
0 0.59775 0.81000 0.01950 0.03100
0 0.59350 0.84325 0.00900 0.03550
0 0.59125 0.87375 0.01250 0.03350
0 0.58900 0.91200 0.03300 0.04500
0 0.75150 0.89350 0.01700 0.03700
0 0.73825 0.88700 0.02650 0.04200
0 0.73675 0.92450 0.02050 0.03600
0 0.72000 0.91800 0.03900 0.03400
0 0.70675 0.94125 0.04650 0.03550
0 0.67600 0.91900 0.05100 0.04000
0 0.62700 0.91775 0.05100 0.03150
0 0.29625 0.92725 0.02550 0.02850
0 0.31625 0.92300 0.02750 0.03600
0 0.33150 0.88950 0.04300 0.04900
0 0.32975 0.85250 0.04250 0.04000
0 0.34500 0.81650 0.01900 0.03500
0 0.27200 0.87300 0.01700 0.02700
0 0.26875 0.84650 0.02050 0.03000
0 0.27075 0.82075 0.03250 0.03850
0 0.26975 0.79125 0.02650 0.03650
0 0.29300 0.90400 0.03800 0.02700
0 0.29625 0.89525 0.03750 0.02850
0 0.29250 0.86825 0.04400 0.04050
0 0.29250 0.83250 0.03600 0.04400
0 0.31825 0.81525 0.04550 0.04850
0 0.30600 0.78675 0.05000 0.04950
0 0.28250 0.76450 0.04600 0.04700
0 0.24900 0.74450 0.01400 0.03200
0 0.26625 0.75250 0.03350 0.03400
0 0.24700 0.71075 0.02300 0.03650
0 0.26350 0.72175 0.03200 0.03450
0 0.26450 0.68900 0.03000 0.03800
0 0.25200 0.67675 0.02900 0.03350
0 0.34325 0.78225 0.02950 0.03750
0 0.33725 0.75175 0.04650 0.05150
0 0.31675 0.73925 0.05650 0.04850
0 0.29950 0.72375 0.05000 0.03550
0 0.30375 0.69125 0.06050 0.03250
0 0.35950 0.72625 0.01400 0.02450
0 0.34175 0.70425 0.03950 0.04650
0 0.35800 0.68025 0.03000 0.03050
0 0.36850 0.65650 0.02100 0.02600
0 0.37225 0.61025 0.01850 0.02650
0 0.37475 0.56475 0.02150 0.03150
0 0.38200 0.53800 0.02600 0.03600
0 0.38150 0.48500 0.01900 0.02900
0 0.37150 0.50700 0.03000 0.03400
0 0.36050 0.47350 0.03500 0.03400
0 0.36100 0.42025 0.01200 0.02750
0 0.35600 0.44375 0.02800 0.03350
0 0.33675 0.37475 0.02750 0.02350
0 0.33425 0.38950 0.03750 0.02800
0 0.34425 0.41475 0.02950 0.02950
0 0.20175 0.52250 0.01450 0.01200
0 0.21025 0.53025 0.02350 0.02550
0 0.23225 0.62025 0.01550 0.03050
0 0.23825 0.65150 0.02350 0.03600
0 0.24425 0.61375 0.02750 0.03850
0 0.25450 0.64075 0.03600 0.04150
0 0.28325 0.65475 0.04150 0.04450
0 0.31800 0.67075 0.05600 0.03850
0 0.35100 0.64000 0.04600 0.05200
0 0.34975 0.59500 0.05750 0.04400
0 0.32125 0.63200 0.05250 0.04200
0 0.30350 0.61700 0.05400 0.04000
0 0.27050 0.61075 0.03500 0.03750
0 0.23675 0.58875 0.03650 0.03350
0 0.22100 0.55300 0.03000 0.03300
0 0.23950 0.55850 0.03800 0.03600
0 0.27375 0.57900 0.04850 0.03400
0 0.34375 0.56325 0.05650 0.03650
0 0.34525 0.53225 0.05650 0.03450
0 0.33875 0.49350 0.05250 0.04100
0 0.31700 0.43375 0.05600 0.03250
0 0.32125 0.45650 0.05850 0.02800
0 0.31775 0.48125 0.05150 0.03550
0 0.32975 0.52075 0.05150 0.03950
0 0.28025 0.50850 0.05450 0.03400
0 0.27150 0.53425 0.05400 0.03050
0 0.28675 0.54900 0.06250 0.03300
0 0.30825 0.58075 0.05050 0.04350
0 0.18325 0.46075 0.01050 0.01650
0 0.17700 0.43975 0.01900 0.02550
0 0.19125 0.48875 0.00850 0.01250
0 0.20025 0.50200 0.02450 0.03200
0 0.23150 0.52375 0.04500 0.03850
0 0.19550 0.47100 0.02500 0.02800
0 0.20050 0.44625 0.03700 0.02650
0 0.21000 0.47875 0.03000 0.03550
0 0.22400 0.48800 0.03800 0.04300
0 0.26500 0.49650 0.05500 0.03200
0 0.26975 0.47125 0.05750 0.02750
0 0.27225 0.44575 0.05050 0.02650
0 0.23875 0.45075 0.04250 0.03450
0 0.25375 0.42050 0.06250 0.03000
0 0.30850 0.40900 0.04900 0.04000
0 0.32950 0.33875 0.01800 0.02050
0 0.32850 0.36100 0.02500 0.03200
0 0.31175 0.29625 0.02550 0.02050
0 0.31700 0.31625 0.02400 0.03050
0 0.30450 0.33425 0.03700 0.02350
0 0.29550 0.34950 0.05000 0.03300
0 0.28975 0.37175 0.05850 0.02850
0 0.28975 0.39625 0.05250 0.03250
0 0.28100 0.30225 0.05000 0.02450
0 0.28675 0.32000 0.04750 0.03000
0 0.30250 0.27475 0.02100 0.03050
0 0.29325 0.23075 0.01150 0.01650
0 0.29550 0.24725 0.02000 0.02750
0 0.27675 0.24775 0.03550 0.02650
0 0.27100 0.26250 0.04500 0.02200
0 0.27975 0.28125 0.04950 0.02650
0 0.23775 0.38400 0.05750 0.02300
0 0.23900 0.40400 0.05800 0.03600
0 0.16800 0.40400 0.00900 0.02800
0 0.18150 0.41600 0.02700 0.03300
0 0.19900 0.41875 0.03600 0.03150
0 0.16000 0.37225 0.01800 0.03250
0 0.18175 0.37575 0.03150 0.02850
0 0.19150 0.39025 0.04000 0.03150
0 0.15125 0.33950 0.01750 0.03400
0 0.17000 0.34575 0.03000 0.03550
0 0.19050 0.34850 0.04000 0.03500
0 0.23550 0.36275 0.05700 0.02750
0 0.24725 0.34500 0.05150 0.03400
0 0.23700 0.32900 0.05800 0.03700
0 0.23150 0.30525 0.05500 0.02650
0 0.22625 0.28500 0.06150 0.02800
0 0.21925 0.27250 0.06150 0.03500
0 0.22375 0.24825 0.05250 0.02450
0 0.27800 0.19525 0.02200 0.02050
0 0.27600 0.20825 0.03000 0.02950
0 0.27550 0.22500 0.02900 0.02900
0 0.26650 0.17700 0.01900 0.02500
0 0.24600 0.18150 0.04400 0.03100
0 0.23950 0.19575 0.05200 0.02950
0 0.25125 0.23300 0.04850 0.03200
0 0.23725 0.21575 0.04850 0.02950
0 0.23425 0.13450 0.03250 0.02300
0 0.25100 0.15450 0.02500 0.02700
0 0.23100 0.16275 0.04300 0.03450
0 0.21775 0.14225 0.04150 0.02950
0 0.14000 0.29450 0.01500 0.02100
0 0.14575 0.30525 0.01950 0.03550
0 0.18375 0.31450 0.04750 0.03700
0 0.16800 0.30750 0.03600 0.03500
0 0.13375 0.26125 0.00550 0.01150
0 0.13000 0.24100 0.01500 0.02400
0 0.15025 0.24250 0.03750 0.03000
0 0.14750 0.26550 0.02700 0.04000
0 0.16275 0.26850 0.03250 0.04600
0 0.17425 0.27900 0.04050 0.03100
0 0.19525 0.24700 0.04750 0.03300
0 0.14750 0.21775 0.04100 0.02550
0 0.19100 0.22750 0.05700 0.02800
0 0.18825 0.20925 0.05050 0.02050
0 0.19400 0.18625 0.05300 0.03350
0 0.13200 0.16075 0.03400 0.03950
0 0.12500 0.19675 0.02100 0.03050
0 0.13950 0.18325 0.03700 0.04450
0 0.15075 0.19050 0.03650 0.03100
0 0.18475 0.16750 0.05550 0.03500
0 0.17300 0.15125 0.05100 0.03750
0 0.16875 0.13250 0.05050 0.03100
0 0.13450 0.13200 0.03800 0.02800
0 0.22250 0.11700 0.02300 0.02100
0 0.20025 0.09950 0.02250 0.01500
0 0.16800 0.11300 0.03800 0.02200
0 0.13725 0.11275 0.02950 0.02050
0 0.20250 0.12575 0.02900 0.02150
0 0.19625 0.11050 0.03150 0.02300
0 0.43850 0.15575 0.01800 0.02450
0 0.43750 0.17725 0.02100 0.03350
0 0.43650 0.19625 0.02000 0.01850
0 0.43350 0.21000 0.02500 0.02500
0 0.42850 0.23250 0.02400 0.03000
0 0.42675 0.25075 0.02250 0.02750
0 0.42675 0.26500 0.02050 0.02700
0 0.42175 0.28650 0.02250 0.02700
0 0.42325 0.30775 0.02850 0.02850
0 0.42275 0.32600 0.02450 0.02300
0 0.41875 0.34650 0.02450 0.03000
0 0.42075 0.35850 0.02250 0.02700
0 0.41675 0.38075 0.02150 0.02750
0 0.41425 0.43925 0.01150 0.02350
0 0.41400 0.40725 0.01900 0.02650
0 0.41500 0.45725 0.00700 0.01550
0 0.40875 0.47925 0.01350 0.02850
0 0.40550 0.50575 0.01900 0.02750
0 0.40250 0.52825 0.01700 0.02350
0 0.39900 0.55000 0.02100 0.02800
0 0.39700 0.57075 0.02000 0.02350
0 0.39225 0.59250 0.02250 0.02700
0 0.38625 0.61725 0.01850 0.02750
0 0.46500 0.15050 0.03900 0.02400
0 0.46375 0.16800 0.04050 0.03300
0 0.46375 0.18975 0.03850 0.02950
0 0.45900 0.21475 0.04200 0.03450
0 0.45600 0.23550 0.03900 0.02800
0 0.45325 0.25725 0.04050 0.02750
0 0.45225 0.28050 0.04350 0.03300
0 0.45000 0.30750 0.03900 0.03700
0 0.44775 0.33425 0.03750 0.03650
0 0.44800 0.35875 0.04500 0.03250
0 0.44300 0.38375 0.04700 0.03250
0 0.43950 0.40450 0.04300 0.02800
0 0.43825 0.42500 0.04650 0.02800
0 0.43675 0.44550 0.04350 0.03000
0 0.43425 0.46725 0.04150 0.02550
0 0.43175 0.48625 0.04150 0.03050
0 0.43050 0.50800 0.04500 0.02900
0 0.42725 0.52775 0.04150 0.02350
0 0.42175 0.54850 0.04450 0.03300
0 0.41950 0.57150 0.04300 0.03200
0 0.41575 0.59875 0.04850 0.03250
0 0.38250 0.64125 0.01100 0.01450
0 0.37750 0.65975 0.01500 0.02450
0 0.37400 0.68150 0.01400 0.02400
0 0.36800 0.70525 0.00900 0.02350
0 0.36725 0.72700 0.01150 0.02100
0 0.40550 0.62575 0.04000 0.03050
0 0.40400 0.64800 0.04000 0.02700
0 0.40025 0.67275 0.04550 0.02750
0 0.39775 0.69700 0.05950 0.02800
0 0.39050 0.72100 0.04800 0.03100
0 0.36175 0.74950 0.01450 0.02500
0 0.38000 0.74800 0.03500 0.02600
0 0.36025 0.77400 0.01350 0.02700
0 0.37975 0.77175 0.04450 0.03150
0 0.35650 0.79950 0.01300 0.02500
0 0.35200 0.82700 0.00800 0.02100
0 0.37500 0.80225 0.04600 0.03250
0 0.35200 0.85125 0.01300 0.03150
0 0.37225 0.83050 0.03750 0.03300
0 0.36500 0.91625 0.02200 0.01950
0 0.35275 0.88650 0.01650 0.03800
0 0.37200 0.90200 0.03300 0.03800
0 0.36325 0.86675 0.02850 0.04150
0 0.59350 0.67225 0.01300 0.02350
0 0.59225 0.71300 0.01350 0.02700
0 0.59175 0.73975 0.01450 0.02750
0 0.59000 0.76250 0.01500 0.02300
0 0.58750 0.78450 0.01800 0.02700
0 0.58650 0.81800 0.02100 0.04200
0 0.57575 0.85150 0.03150 0.03600
0 0.57200 0.88775 0.02800 0.04450
0 0.55850 0.07775 0.00600 0.01250
0 0.56375 0.09300 0.00950 0.01700
0 0.56825 0.10975 0.01450 0.02350
0 0.57100 0.12650 0.01600 0.02800
0 0.57000 0.14200 0.01800 0.02200
0 0.53900 0.03400 0.02700 0.03300
0 0.53850 0.04350 0.03000 0.02900
0 0.53600 0.06150 0.04100 0.02800
0 0.54200 0.07675 0.03600 0.02750
0 0.54525 0.09250 0.03450 0.02900
0 0.54625 0.10850 0.03750 0.03100
0 0.54550 0.12575 0.03900 0.03650
0 0.50625 0.11375 0.04350 0.02850
0 0.50350 0.13375 0.04600 0.02550
0 0.50475 0.15375 0.04950 0.02550
0 0.50375 0.17025 0.04750 0.02250
0 0.50425 0.18975 0.05250 0.02750
0 0.50200 0.20750 0.05100 0.02700
0 0.49875 0.22475 0.05350 0.02750
0 0.49650 0.24375 0.05200 0.02750
0 0.49700 0.26300 0.05200 0.02300
0 0.49150 0.28525 0.05200 0.02850
0 0.49300 0.30475 0.05500 0.02750
0 0.49050 0.32725 0.05900 0.03150
0 0.48950 0.35025 0.05500 0.03050
0 0.49000 0.37300 0.05300 0.03200
0 0.48525 0.39475 0.05650 0.03050
0 0.59500 0.44450 0.00500 0.01100
0 0.59475 0.42875 0.00850 0.01750
0 0.59550 0.41300 0.00700 0.01700
0 0.59625 0.39150 0.00550 0.01700
0 0.59600 0.35425 0.00600 0.01650
0 0.59500 0.33400 0.00800 0.02400
0 0.57125 0.15625 0.01850 0.02250
0 0.57225 0.17375 0.02050 0.02750
0 0.57250 0.19050 0.02200 0.02600
0 0.57575 0.21125 0.02350 0.02450
0 0.57725 0.22675 0.02150 0.02650
0 0.57575 0.23900 0.02550 0.02800
0 0.57825 0.25700 0.02750 0.02600
0 0.58000 0.27675 0.03300 0.03150
0 0.57700 0.29400 0.03200 0.03200
0 0.57750 0.31425 0.03100 0.02850
0 0.57975 0.33350 0.03150 0.02700
0 0.57950 0.35175 0.03200 0.03450
0 0.57850 0.37150 0.03600 0.03400
0 0.57875 0.39125 0.03350 0.03450
0 0.57575 0.40650 0.03450 0.03400
0 0.57825 0.42750 0.03550 0.03300
0 0.54225 0.13750 0.04150 0.03200
0 0.54350 0.15475 0.04000 0.03250
0 0.54400 0.17075 0.03900 0.02750
0 0.54550 0.18925 0.04100 0.02750
0 0.54725 0.21000 0.04350 0.03500
0 0.54350 0.22450 0.04300 0.03000
0 0.54225 0.24275 0.04650 0.03150
0 0.54125 0.26250 0.04850 0.03100
0 0.53975 0.28125 0.04950 0.03250
0 0.53900 0.29925 0.04800 0.02850
0 0.54100 0.31825 0.04800 0.02850
0 0.54000 0.33675 0.05200 0.02950
0 0.53875 0.35575 0.05250 0.03150
0 0.53850 0.37300 0.04900 0.02800
0 0.53625 0.39000 0.05550 0.03400
0 0.53525 0.41100 0.05450 0.03400
0 0.59625 0.47850 0.00950 0.02500
0 0.59375 0.50225 0.01050 0.02350
0 0.58925 0.60725 0.01550 0.02550
0 0.59200 0.56750 0.00600 0.01500
0 0.59300 0.54650 0.00800 0.01900
0 0.59375 0.52500 0.00950 0.02500
0 0.57550 0.44875 0.04200 0.03450
0 0.57700 0.46950 0.03300 0.02700
0 0.57775 0.48775 0.03350 0.03750
0 0.57275 0.50675 0.03750 0.03250
0 0.57475 0.53025 0.03650 0.03050
0 0.57400 0.55250 0.03800 0.03500
0 0.48650 0.41525 0.05700 0.02850
0 0.53475 0.43300 0.05650 0.03000
0 0.53450 0.45450 0.05500 0.02700
0 0.48475 0.43750 0.05850 0.02900
0 0.48350 0.45850 0.06400 0.02900
0 0.53750 0.47725 0.05600 0.03850
0 0.52700 0.48875 0.05500 0.02650
0 0.48000 0.48050 0.06100 0.03200
0 0.53325 0.51425 0.05650 0.02950
0 0.47975 0.50225 0.05950 0.02950
0 0.53100 0.53725 0.05900 0.03550
0 0.47675 0.52250 0.06150 0.03100
0 0.47200 0.54125 0.06500 0.02750
0 0.47150 0.56500 0.06600 0.03000
0 0.46650 0.58975 0.06100 0.03650
0 0.45425 0.60750 0.06550 0.03000
0 0.45400 0.63050 0.06300 0.03000
0 0.44725 0.65250 0.06450 0.02800
0 0.44675 0.67725 0.06050 0.03150
0 0.57050 0.57500 0.04400 0.04100
0 0.56750 0.60325 0.03800 0.04350
0 0.56250 0.63350 0.04200 0.04100
0 0.56050 0.65750 0.04600 0.04500
0 0.55450 0.68025 0.05000 0.04050
0 0.55425 0.70650 0.04750 0.03000
0 0.55000 0.72625 0.05600 0.04050
0 0.52575 0.55350 0.05150 0.03000
0 0.52525 0.57725 0.05850 0.03750
0 0.52250 0.60400 0.05800 0.03700
0 0.51300 0.62350 0.06000 0.04100
0 0.50875 0.64800 0.06050 0.03800
0 0.50500 0.67275 0.06100 0.03750
0 0.50150 0.69850 0.06600 0.03900
0 0.49675 0.72750 0.06750 0.04100
0 0.54550 0.75425 0.05500 0.03750
0 0.53725 0.77300 0.06450 0.04200
0 0.53850 0.80400 0.05100 0.04000
0 0.53125 0.83075 0.05350 0.04650
0 0.52175 0.86200 0.05450 0.05600
0 0.55825 0.89875 0.03650 0.06050
0 0.43875 0.72650 0.06450 0.04100
0 0.42550 0.74650 0.06500 0.03400
0 0.48825 0.75525 0.06150 0.03750
0 0.42425 0.77575 0.06650 0.03650
0 0.48350 0.79000 0.06200 0.04500
0 0.41850 0.79975 0.06800 0.03150
0 0.47600 0.81925 0.06200 0.04250
0 0.41350 0.83350 0.07000 0.04100
0 0.46675 0.85750 0.06450 0.05100
0 0.50125 0.90025 0.06050 0.05350
0 0.45300 0.88950 0.05400 0.05900
0 0.40400 0.86700 0.06800 0.04900
0 0.40950 0.90675 0.05900 0.04050
0 0.50950 0.07150 0.04300 0.02500
0 0.50900 0.09025 0.04500 0.02750
0 0.50675 0.04475 0.04150 0.02650
0 0.48050 0.08250 0.02300 0.02500
0 0.47500 0.06350 0.03200 0.03300
0 0.47775 0.02000 0.03450 0.02300
0 0.50900 0.02325 0.04200 0.02550
