0 0.98307 0.54531 0.03385 0.13750
0 0.98672 0.41875 0.02656 0.11719
0 0.96068 0.44023 0.05885 0.13672
0 0.98880 0.25898 0.02240 0.08984
0 0.97266 0.31367 0.05469 0.12734
0 0.93307 0.33320 0.05781 0.12734
0 0.89688 0.36289 0.05312 0.12266
0 0.99245 0.17891 0.01510 0.07969
0 0.97083 0.09492 0.05833 0.13672
0 0.99089 0.04180 0.01823 0.08359
0 0.97552 0.01523 0.04583 0.03047
0 0.92969 0.02539 0.05417 0.05078
0 0.88880 0.03945 0.05260 0.07891
0 0.93776 0.10859 0.06719 0.12656
0 0.95078 0.21211 0.07448 0.11953
0 0.89427 0.24219 0.06562 0.12656
0 0.84948 0.26484 0.06458 0.12031
0 0.89349 0.12305 0.06406 0.11953
0 0.82474 0.02187 0.04948 0.04375
0 0.78385 0.04336 0.04271 0.04141
0 0.84792 0.05469 0.06042 0.09844
0 0.85417 0.15547 0.05937 0.12031
0 0.81276 0.18203 0.05990 0.12188
0 0.81068 0.08242 0.05365 0.09766
0 0.74453 0.07539 0.04010 0.05703
0 0.77240 0.10664 0.05104 0.09609
0 0.67162 0.11953 0.03698 0.03594
0 0.70729 0.10234 0.03438 0.05000
0 0.73385 0.13320 0.05104 0.09297
0 0.77969 0.19922 0.05729 0.10000
0 0.74713 0.22773 0.05677 0.10859
0 0.80130 0.28789 0.06406 0.11641
0 0.85130 0.37617 0.05885 0.12109
0 0.95417 0.61016 0.03646 0.03594
0 0.94766 0.55391 0.04844 0.10000
0 0.91588 0.46445 0.05156 0.12422
0 0.87760 0.48164 0.05729 0.11953
0 0.90833 0.56367 0.04792 0.08203
0 0.91745 0.62148 0.04115 0.04922
0 0.88333 0.64492 0.03333 0.03672
0 0.87604 0.59180 0.05000 0.08984
0 0.83802 0.51250 0.05833 0.12188
0 0.78958 0.52344 0.05104 0.11250
0 0.81068 0.40234 0.05885 0.11719
0 0.76146 0.32148 0.05729 0.09297
0 0.76797 0.41836 0.05573 0.10547
0 0.73854 0.44453 0.06042 0.11562
0 0.69818 0.46758 0.06302 0.13047
0 0.71641 0.34844 0.06302 0.11094
0 0.70912 0.24727 0.06094 0.11016
0 0.66693 0.27148 0.06510 0.10859
0 0.69531 0.15937 0.06146 0.09375
0 0.63463 0.14531 0.04115 0.05156
0 0.65937 0.17969 0.05208 0.09219
0 0.59609 0.17109 0.04010 0.04531
0 0.62292 0.20625 0.05208 0.09219
0 0.55833 0.20234 0.03125 0.04375
0 0.58646 0.23047 0.05417 0.08750
0 0.52109 0.22266 0.04323 0.03906
0 0.54375 0.25313 0.05937 0.07969
0 0.63177 0.29844 0.05312 0.10313
0 0.67188 0.37383 0.05729 0.11328
0 0.59531 0.32187 0.06250 0.11562
0 0.63073 0.39492 0.05937 0.11797
0 0.66719 0.48867 0.05625 0.11641
0 0.74922 0.55039 0.06510 0.11484
0 0.83906 0.61328 0.04479 0.08281
0 0.84271 0.66367 0.05000 0.05703
0 0.79766 0.62148 0.04115 0.09297
0 0.80547 0.68828 0.03906 0.05000
0 0.75885 0.64648 0.05625 0.08672
0 0.76510 0.69453 0.04375 0.07344
0 0.72526 0.72930 0.04635 0.05859
0 0.72240 0.66562 0.05000 0.09688
0 0.68021 0.74648 0.04896 0.05391
0 0.68203 0.68281 0.04635 0.09531
0 0.69479 0.58164 0.06771 0.11016
0 0.64609 0.60625 0.06302 0.11406
0 0.63750 0.69648 0.04896 0.09453
0 0.63776 0.75898 0.04323 0.04609
0 0.59766 0.77852 0.04323 0.05859
0 0.59453 0.70820 0.05781 0.09766
0 0.55729 0.75352 0.07500 0.11016
0 0.53021 0.80664 0.06979 0.06953
0 0.59531 0.62695 0.06146 0.10234
0 0.55287 0.65820 0.05365 0.10703
0 0.63099 0.50586 0.05469 0.11016
0 0.58854 0.42031 0.05833 0.11250
0 0.55208 0.34062 0.06354 0.10938
0 0.47630 0.26719 0.02448 0.05000
0 0.50807 0.27891 0.04740 0.08437
0 0.43698 0.29922 0.03125 0.06719
0 0.46771 0.30430 0.05521 0.07266
0 0.51172 0.36797 0.05885 0.10937
0 0.54531 0.45039 0.06667 0.12891
0 0.58516 0.52852 0.06406 0.11484
0 0.54427 0.55742 0.05521 0.10547
0 0.51146 0.58359 0.05833 0.10625
0 0.49661 0.66836 0.06302 0.11328
0 0.50417 0.73945 0.07083 0.08203
0 0.47995 0.80937 0.05260 0.09375
0 0.36641 0.83672 0.06302 0.05156
0 0.42526 0.82969 0.05885 0.07812
0 0.38698 0.78281 0.05000 0.06719
0 0.44323 0.76445 0.05833 0.08203
0 0.44740 0.68438 0.05312 0.11250
0 0.42031 0.34258 0.05938 0.07891
0 0.46849 0.38906 0.05781 0.11250
0 0.50391 0.47578 0.05260 0.11719
0 0.46250 0.49531 0.05729 0.11875
0 0.45911 0.58984 0.05365 0.09375
0 0.41406 0.60703 0.05833 0.10000
0 0.39766 0.70703 0.06510 0.11094
0 0.31797 0.64023 0.05781 0.09297
0 0.36693 0.62617 0.05781 0.09766
0 0.37266 0.54258 0.05469 0.08828
0 0.41719 0.51172 0.06458 0.10781
0 0.42370 0.41719 0.05781 0.10312
0 0.37109 0.38203 0.05990 0.09219
0 0.37865 0.45039 0.06146 0.10391
0 0.32552 0.43516 0.04688 0.08750
0 0.33724 0.49648 0.07031 0.10078
0 0.31406 0.53711 0.05938 0.06953
0 0.27630 0.49336 0.06406 0.09609
