0 0.64609 0.12373 0.01615 0.02873
0 0.66016 0.13716 0.02135 0.02224
0 0.36615 0.73216 0.02188 0.01854
0 0.38568 0.71779 0.00885 0.00649
0 0.38932 0.70714 0.01302 0.01483
0 0.37318 0.71409 0.02031 0.02502
0 0.42135 0.64829 0.00521 0.01390
0 0.41354 0.66311 0.01146 0.01761
0 0.40573 0.67470 0.01250 0.02039
0 0.39714 0.69463 0.01302 0.01946
0 0.38516 0.69694 0.01719 0.01668
0 0.39088 0.68211 0.01823 0.02224
0 0.40052 0.66682 0.01458 0.01946
0 0.41042 0.65014 0.01979 0.02688
0 0.42448 0.63160 0.02500 0.02132
0 0.42865 0.61260 0.01771 0.02039
0 0.43750 0.59453 0.01979 0.02688
0 0.45234 0.59639 0.01302 0.01946
0 0.44349 0.61121 0.01510 0.01946
0 0.42344 0.60334 0.00729 0.01854
0 0.43021 0.58712 0.01146 0.02132
0 0.46198 0.57785 0.01250 0.01761
0 0.44818 0.58063 0.02240 0.02688
0 0.46562 0.39944 0.00938 0.02780
0 0.47656 0.38508 0.01458 0.03058
0 0.51849 0.48888 0.01615 0.01761
0 0.53099 0.47266 0.02031 0.02039
0 0.54245 0.45459 0.01823 0.02132
0 0.44089 0.56580 0.01823 0.03244
0 0.46146 0.56163 0.02604 0.02224
0 0.45156 0.54773 0.02292 0.03336
0 0.48724 0.53939 0.00677 0.01668
0 0.47344 0.54309 0.02396 0.02780
0 0.46276 0.53105 0.02344 0.02595
0 0.45052 0.51251 0.01979 0.04078
0 0.48516 0.52363 0.02240 0.02039
0 0.49740 0.50973 0.01250 0.00927
0 0.47813 0.51020 0.02917 0.03244
0 0.46068 0.50139 0.02552 0.03336
0 0.45391 0.46478 0.01823 0.04356
0 0.47188 0.48517 0.02604 0.03985
0 0.49818 0.48980 0.02656 0.03244
0 0.51120 0.47220 0.02448 0.02873
0 0.52240 0.45691 0.02500 0.02595
0 0.46302 0.44347 0.02292 0.04912
0 0.48594 0.46849 0.02604 0.03800
0 0.49479 0.45134 0.03021 0.04263
0 0.50625 0.43327 0.02604 0.04171
0 0.47526 0.42400 0.02865 0.04356
0 0.48516 0.40918 0.02969 0.04356
0 0.55417 0.43744 0.01667 0.01483
0 0.53203 0.44022 0.02969 0.02966
0 0.51693 0.41705 0.02656 0.04634
0 0.49193 0.36098 0.02031 0.04541
0 0.49714 0.39157 0.02656 0.04541
0 0.56484 0.42215 0.02031 0.01761
0 0.54427 0.42122 0.02500 0.02873
0 0.57787 0.40454 0.02240 0.02688
0 0.55495 0.40593 0.02552 0.03151
0 0.52760 0.40037 0.02917 0.05005
0 0.51120 0.37118 0.02656 0.04541
0 0.50208 0.32669 0.02188 0.05097
0 0.52162 0.35357 0.02656 0.04356
0 0.53984 0.38091 0.02760 0.04449
0 0.56563 0.38832 0.02396 0.03892
0 0.59088 0.38230 0.01406 0.02132
0 0.57943 0.37257 0.02448 0.03892
0 0.60781 0.36562 0.01146 0.01761
0 0.59714 0.35728 0.02552 0.03429
0 0.60521 0.33689 0.01146 0.01205
0 0.55365 0.36145 0.02708 0.04263
0 0.56927 0.34430 0.02917 0.03800
0 0.50651 0.27850 0.02240 0.05653
0 0.53255 0.33596 0.02552 0.04912
0 0.51302 0.31186 0.02396 0.04356
0 0.51641 0.24931 0.02240 0.06487
0 0.52917 0.28916 0.02396 0.05005
0 0.52344 0.18258 0.01667 0.03336
0 0.52448 0.20436 0.01875 0.03429
0 0.53307 0.24050 0.02760 0.05283
0 0.54505 0.27665 0.02552 0.04912
0 0.54062 0.14226 0.01250 0.00834
0 0.53724 0.16358 0.02240 0.04171
0 0.54349 0.19323 0.02552 0.04912
0 0.55339 0.22892 0.02344 0.05005
0 0.56406 0.26135 0.02708 0.05190
0 0.55859 0.14597 0.02656 0.05097
0 0.56328 0.17702 0.02552 0.04263
0 0.57161 0.20899 0.03073 0.05653
0 0.58333 0.24004 0.02604 0.05005
0 0.58490 0.28823 0.03021 0.05190
0 0.63255 0.32113 0.01510 0.02688
0 0.64531 0.30213 0.01458 0.01668
0 0.62578 0.30445 0.02448 0.04912
0 0.60338 0.31279 0.02865 0.04912
0 0.60781 0.26784 0.02813 0.04634
0 0.58932 0.10843 0.01302 0.01297
0 0.57891 0.12187 0.02656 0.03058
0 0.58047 0.13670 0.02344 0.04727
0 0.58542 0.16636 0.02396 0.04171
0 0.66901 0.18953 0.01927 0.04356
0 0.65729 0.27386 0.01771 0.03985
0 0.63932 0.28730 0.02135 0.02780
0 0.66016 0.24235 0.02344 0.03985
0 0.63594 0.26645 0.02812 0.05097
0 0.65885 0.20899 0.02708 0.04727
0 0.60625 0.10426 0.02604 0.02317
0 0.62734 0.12002 0.02760 0.03985
0 0.60338 0.13253 0.02969 0.04449
0 0.61016 0.16080 0.02656 0.04727
0 0.66068 0.16080 0.02344 0.04356
0 0.64766 0.18026 0.02448 0.04541
0 0.62578 0.23679 0.02552 0.05097
0 0.59323 0.19277 0.02604 0.04449
0 0.60365 0.22660 0.02604 0.04912
0 0.62318 0.19138 0.02552 0.04727
