0 0.86782 0.89164 0.19540 0.05573
0 0.95977 0.84675 0.08046 0.03406
0 0.94253 0.82353 0.11494 0.03715
0 0.84483 0.85139 0.14942 0.03715
0 0.78161 0.87461 0.13793 0.04644
0 0.71264 0.91022 0.11494 0.03096
0 0.59770 0.91641 0.11494 0.03715
0 0.49425 0.91951 0.11494 0.03715
0 0.40805 0.92879 0.12644 0.02477
0 0.97126 0.59133 0.05747 0.02477
0 0.97126 0.61610 0.05747 0.02477
0 0.97701 0.65789 0.04598 0.02167
0 0.94253 0.79567 0.09195 0.03096
0 0.95402 0.77090 0.09195 0.02477
0 0.94828 0.74923 0.08046 0.02477
0 0.95402 0.72136 0.06897 0.03096
0 0.94253 0.69350 0.09195 0.03096
0 0.95977 0.56347 0.05747 0.02477
0 0.92529 0.67028 0.10345 0.02786
0 0.92529 0.64551 0.08046 0.02167
0 0.91954 0.62848 0.09195 0.02477
0 0.91954 0.60372 0.09195 0.02477
0 0.91379 0.57895 0.10345 0.02477
0 0.83333 0.81889 0.14942 0.03406
0 0.83908 0.79102 0.16092 0.02786
0 0.84483 0.76935 0.14942 0.02167
0 0.83908 0.75077 0.13793 0.02786
0 0.84483 0.72601 0.17241 0.02786
0 0.86207 0.70124 0.16092 0.02786
0 0.81609 0.68421 0.16092 0.02477
0 0.82759 0.66099 0.13793 0.02167
0 0.83333 0.63932 0.12644 0.02786
0 0.82184 0.61610 0.12644 0.02477
0 0.83333 0.59443 0.12644 0.02477
0 0.81035 0.57585 0.12644 0.01858
0 0.09195 0.76935 0.09195 0.02167
0 0.08046 0.74923 0.09195 0.01858
0 0.07471 0.72601 0.08046 0.03406
0 0.08046 0.70279 0.06897 0.01858
0 0.08046 0.67957 0.09195 0.03406
0 0.07471 0.65635 0.05747 0.02477
0 0.06897 0.63622 0.06897 0.02167
0 0.06322 0.61765 0.08046 0.02167
0 0.06897 0.60372 0.06897 0.01858
0 0.05747 0.58359 0.09195 0.02786
0 0.16667 0.78328 0.10345 0.03096
0 0.16092 0.76006 0.11494 0.02167
0 0.17241 0.73994 0.11494 0.02477
0 0.16092 0.71827 0.11494 0.02477
0 0.15517 0.69350 0.10345 0.02477
0 0.13793 0.67028 0.09195 0.02167
0 0.14368 0.65016 0.10345 0.02477
0 0.14942 0.63003 0.11494 0.02167
0 0.14368 0.61455 0.10345 0.02167
0 0.14368 0.59133 0.12644 0.02477
0 0.28161 0.90557 0.12644 0.03406
0 0.25862 0.88081 0.12644 0.03406
0 0.23563 0.85139 0.12644 0.03096
0 0.24713 0.82198 0.14942 0.02786
0 0.27012 0.79567 0.12644 0.02477
0 0.26437 0.76935 0.13793 0.02786
0 0.28161 0.74768 0.14942 0.02167
0 0.28161 0.72446 0.14942 0.02477
0 0.26437 0.69969 0.16092 0.02477
0 0.28161 0.68112 0.14942 0.02477
0 0.27586 0.65944 0.18391 0.02477
0 0.27586 0.63932 0.16092 0.02167
0 0.27586 0.61919 0.16092 0.02477
0 0.27012 0.59907 0.14942 0.02786
0 0.39655 0.90093 0.14942 0.03715
0 0.39081 0.86842 0.18391 0.03406
0 0.40230 0.83901 0.18391 0.03096
0 0.41379 0.81115 0.18391 0.02477
0 0.43103 0.78793 0.17241 0.02786
0 0.41379 0.76161 0.16092 0.02477
0 0.42529 0.73529 0.16092 0.02786
0 0.43103 0.71207 0.17241 0.02477
0 0.42529 0.68731 0.16092 0.02477
0 0.41954 0.66718 0.14943 0.02786
0 0.42529 0.64396 0.13793 0.02477
0 0.40805 0.62229 0.14942 0.02477
0 0.41379 0.59907 0.16092 0.02786
0 0.66092 0.88700 0.12644 0.03406
0 0.67816 0.85449 0.13793 0.03715
0 0.71264 0.82972 0.13793 0.02477
0 0.69540 0.80341 0.14942 0.02786
0 0.69540 0.77864 0.14942 0.02786
0 0.69540 0.75232 0.14942 0.02477
0 0.69540 0.72910 0.14942 0.02786
0 0.70690 0.70743 0.17241 0.02786
0 0.67241 0.68885 0.12644 0.02167
0 0.70690 0.67183 0.14942 0.02477
0 0.70115 0.64706 0.16092 0.02477
0 0.70115 0.62384 0.16092 0.02786
0 0.69540 0.60217 0.14942 0.02167
0 0.70115 0.58359 0.16092 0.02786
0 0.52299 0.88545 0.14942 0.03715
0 0.54023 0.85449 0.13793 0.03715
0 0.57471 0.82508 0.16092 0.02786
0 0.56897 0.79876 0.14942 0.03096
0 0.55172 0.77399 0.11494 0.02477
0 0.56322 0.75077 0.13793 0.03406
0 0.57471 0.72291 0.11494 0.02786
0 0.56897 0.69969 0.12644 0.03096
0 0.56897 0.67028 0.12644 0.02786
0 0.56897 0.64706 0.12644 0.02477
0 0.56322 0.62539 0.13793 0.02477
0 0.55172 0.60526 0.13793 0.02167
0 0.54598 0.58359 0.14942 0.02786
0 0.89655 0.55263 0.09195 0.02786
0 0.81035 0.55418 0.12644 0.02477
0 0.69540 0.55882 0.14942 0.02786
0 0.90805 0.53406 0.09195 0.02167
0 0.93678 0.49690 0.08046 0.02167
0 0.90805 0.51238 0.09195 0.02786
0 0.80460 0.53251 0.11494 0.02477
0 0.81035 0.51393 0.12644 0.01858
0 0.82184 0.49381 0.14942 0.02786
0 0.91379 0.47678 0.10345 0.02477
0 0.90805 0.45511 0.09195 0.02477
0 0.90230 0.43344 0.08046 0.02477
0 0.81609 0.47214 0.11494 0.02167
0 0.81609 0.45511 0.13793 0.01858
0 0.82184 0.43499 0.12644 0.02786
0 0.90230 0.40867 0.08046 0.02477
0 0.81609 0.41022 0.11494 0.02786
0 0.90230 0.36223 0.10345 0.02477
0 0.89081 0.38390 0.08046 0.03096
0 0.79885 0.38854 0.12644 0.02167
0 0.80460 0.36687 0.13793 0.02786
0 0.90805 0.34210 0.06897 0.02167
0 0.89655 0.32043 0.06897 0.02786
0 0.80460 0.34520 0.13793 0.02167
0 0.80460 0.32198 0.13793 0.03096
0 0.87356 0.29876 0.09195 0.02786
0 0.79885 0.29721 0.10345 0.01858
0 0.84483 0.27399 0.08046 0.02786
0 0.77586 0.27709 0.10345 0.02167
0 0.82184 0.25387 0.08046 0.03096
0 0.75862 0.25542 0.09195 0.02786
0 0.77012 0.23375 0.09195 0.02786
0 0.54598 0.55728 0.14942 0.02477
0 0.41954 0.57585 0.14943 0.02477
0 0.27586 0.57275 0.16092 0.02477
0 0.05172 0.55418 0.08046 0.03096
0 0.13218 0.56811 0.10345 0.02786
0 0.40805 0.55263 0.14942 0.02786
0 0.24713 0.55418 0.12644 0.02477
0 0.13218 0.54489 0.10345 0.02477
0 0.04598 0.52941 0.09195 0.02477
0 0.04598 0.49690 0.06897 0.04025
0 0.06322 0.45975 0.08046 0.04644
0 0.06897 0.42879 0.09195 0.02167
0 0.05747 0.40712 0.09195 0.02786
0 0.06322 0.37771 0.08046 0.02477
0 0.07471 0.35294 0.08046 0.02477
0 0.08046 0.32972 0.09195 0.02786
0 0.10345 0.31115 0.04598 0.02167
0 0.12069 0.28638 0.08046 0.02786
0 0.68966 0.53715 0.13793 0.02786
0 0.68391 0.51238 0.14943 0.02786
0 0.68391 0.49536 0.14943 0.02477
0 0.68391 0.47523 0.14943 0.02167
0 0.68391 0.45666 0.14943 0.02786
0 0.70115 0.43498 0.13793 0.02167
0 0.69540 0.41486 0.14942 0.02477
0 0.67816 0.39783 0.16092 0.02167
0 0.66667 0.37926 0.13793 0.02786
0 0.68391 0.36068 0.12644 0.02167
0 0.67241 0.33901 0.14943 0.02786
0 0.68966 0.32043 0.13793 0.02167
0 0.68966 0.29876 0.13793 0.02786
0 0.66667 0.27864 0.13793 0.02477
0 0.12069 0.52632 0.10345 0.02477
0 0.12644 0.50310 0.11494 0.02786
0 0.11494 0.48297 0.09195 0.02477
0 0.13218 0.46285 0.10345 0.02167
0 0.14942 0.43963 0.11494 0.02477
0 0.15517 0.41641 0.12644 0.02167
0 0.15517 0.39938 0.12644 0.02477
0 0.14368 0.38235 0.12644 0.02786
0 0.14942 0.35913 0.11494 0.02477
0 0.16092 0.34056 0.11494 0.02477
0 0.17241 0.31888 0.11494 0.02477
0 0.17816 0.29721 0.12644 0.02477
0 0.21264 0.27554 0.12644 0.02477
0 0.24713 0.53251 0.14942 0.02477
0 0.24713 0.51084 0.14942 0.02477
0 0.24713 0.49071 0.14942 0.02167
0 0.24713 0.47059 0.14942 0.02477
0 0.25287 0.45201 0.13793 0.02477
0 0.27012 0.43034 0.14942 0.02477
0 0.28736 0.41022 0.13793 0.02167
0 0.27012 0.38700 0.14942 0.02477
0 0.27012 0.36533 0.14942 0.02477
0 0.28161 0.34675 0.12644 0.02477
0 0.27586 0.32662 0.13793 0.02786
0 0.29310 0.30341 0.14942 0.03096
0 0.32184 0.28019 0.11494 0.02786
0 0.54023 0.53560 0.13793 0.01858
0 0.54598 0.51703 0.14942 0.02477
0 0.54023 0.49536 0.13793 0.02477
0 0.54598 0.47368 0.14942 0.02477
0 0.55172 0.45201 0.13793 0.02477
0 0.56322 0.43189 0.13793 0.02786
0 0.55172 0.40712 0.13793 0.02786
0 0.54023 0.38700 0.11494 0.02477
0 0.54023 0.36687 0.11494 0.02167
0 0.56322 0.34520 0.13793 0.02786
0 0.55172 0.31888 0.13793 0.02477
0 0.55747 0.29721 0.12644 0.02477
0 0.55172 0.27709 0.13793 0.02167
0 0.66667 0.25697 0.13793 0.02477
0 0.53448 0.25697 0.12644 0.03096
0 0.39655 0.52941 0.14942 0.02477
0 0.39655 0.50619 0.14942 0.02167
0 0.39081 0.48297 0.16092 0.02477
0 0.40805 0.46130 0.14942 0.02477
0 0.40805 0.43963 0.14942 0.02477
0 0.41379 0.41641 0.13793 0.02167
0 0.41954 0.39628 0.12644 0.02477
0 0.41954 0.37461 0.12644 0.02477
0 0.41379 0.35294 0.16092 0.02477
0 0.41954 0.33127 0.14943 0.02477
0 0.42529 0.30805 0.13793 0.02167
0 0.42529 0.28638 0.11494 0.02167
0 0.42529 0.26471 0.11494 0.02167
0 0.43678 0.24768 0.11494 0.01858
0 0.32184 0.25542 0.09195 0.02786
