0 0.91992 0.94010 0.16016 0.11979
0 0.90195 0.82995 0.19609 0.10677
0 0.80625 0.89115 0.24062 0.17083
0 0.88398 0.73906 0.23203 0.10521
0 0.86602 0.63672 0.26797 0.12031
0 0.87969 0.52865 0.24063 0.11354
0 0.90625 0.44010 0.18750 0.10833
0 0.88789 0.33411 0.22422 0.12135
0 0.89023 0.23359 0.21953 0.12865
0 0.90117 0.14427 0.19766 0.09167
0 0.89922 0.05755 0.20156 0.11510
0 0.01680 0.53542 0.03359 0.09062
0 0.03047 0.44115 0.06094 0.10625
0 0.04180 0.33932 0.08359 0.08906
0 0.05039 0.23984 0.10078 0.11510
0 0.03008 0.14531 0.06016 0.07708
0 0.04531 0.05573 0.09063 0.11146
0 0.24570 0.01901 0.35234 0.03802
0 0.27305 0.08620 0.36172 0.13177
0 0.22461 0.18568 0.38828 0.14844
0 0.21602 0.31016 0.35547 0.13073
0 0.21523 0.43021 0.39141 0.12083
0 0.19219 0.54245 0.36875 0.12656
0 0.18086 0.65104 0.36172 0.11667
0 0.18477 0.75052 0.36953 0.11875
0 0.19414 0.86016 0.38828 0.12031
0 0.17031 0.94609 0.34062 0.10781
0 0.40156 0.97526 0.19219 0.04948
0 0.74023 0.97213 0.23516 0.05573
0 0.51250 0.91953 0.37656 0.16094
0 0.58477 0.81588 0.41797 0.14010
0 0.56992 0.60885 0.41797 0.11563
0 0.57070 0.71224 0.41953 0.11406
0 0.58203 0.51250 0.42656 0.12813
0 0.61133 0.41458 0.42422 0.12500
0 0.58945 0.30859 0.42266 0.12760
0 0.61211 0.21276 0.40391 0.10990
0 0.63828 0.11797 0.42969 0.12448
0 0.63164 0.03594 0.39922 0.07187
