0 0.49427 0.08682 0.01458 0.03651
0 0.50755 0.05254 0.01302 0.01781
0 0.50755 0.07614 0.01823 0.03829
0 0.53854 0.03028 0.01667 0.01069
0 0.52604 0.04853 0.02604 0.03651
0 0.51797 0.14915 0.02448 0.02760
0 0.50755 0.11888 0.02448 0.04898
0 0.52500 0.11532 0.02708 0.04185
0 0.52552 0.08103 0.02187 0.04096
0 0.58776 0.05076 0.01302 0.02315
0 0.57187 0.04942 0.02292 0.03117
0 0.54870 0.05031 0.02969 0.05076
0 0.54010 0.09127 0.02396 0.04363
0 0.53255 0.13713 0.01823 0.03918
0 0.54766 0.13624 0.02344 0.03740
0 0.54688 0.10329 0.01979 0.03918
0 0.56615 0.06901 0.02188 0.03473
0 0.59453 0.06233 0.01615 0.02137
0 0.58464 0.07435 0.02240 0.02404
0 0.56797 0.10597 0.02760 0.05343
0 0.55990 0.14648 0.02083 0.02760
0 0.57604 0.11799 0.02083 0.04363
0 0.60755 0.06857 0.02031 0.02671
0 0.59271 0.09083 0.02500 0.03206
0 0.60573 0.09617 0.02188 0.03206
0 0.58854 0.12422 0.02188 0.03651
0 0.57344 0.15272 0.01979 0.02760
0 0.62474 0.09662 0.02865 0.03829
0 0.65365 0.09706 0.01875 0.02137
0 0.66953 0.10819 0.02135 0.02404
0 0.68333 0.11843 0.01667 0.02850
0 0.64010 0.10641 0.01979 0.02582
0 0.64792 0.11888 0.02292 0.03295
0 0.65443 0.12511 0.02031 0.02760
0 0.70208 0.13224 0.01979 0.02226
0 0.71719 0.14248 0.01771 0.01959
0 0.66641 0.13135 0.02031 0.02939
0 0.67995 0.14070 0.01823 0.03028
0 0.69349 0.15005 0.02135 0.03473
0 0.70443 0.16162 0.02135 0.03829
0 0.65833 0.24087 0.01979 0.02404
0 0.67031 0.26937 0.02083 0.04007
0 0.68828 0.28540 0.02552 0.05076
0 0.70521 0.29742 0.02396 0.05165
0 0.59037 0.15672 0.02240 0.03562
0 0.60312 0.13135 0.01979 0.04719
0 0.60807 0.17275 0.02760 0.03740
0 0.62240 0.13713 0.02812 0.04809
0 0.62526 0.19546 0.02344 0.04007
0 0.63203 0.15761 0.02240 0.05521
0 0.64557 0.20837 0.02760 0.04809
0 0.66588 0.20926 0.02135 0.04809
0 0.64870 0.16251 0.02448 0.05432
0 0.66406 0.16696 0.02708 0.04720
0 0.67917 0.17854 0.02500 0.04898
0 0.68672 0.18834 0.02344 0.04363
0 0.73463 0.14915 0.01615 0.01692
0 0.72318 0.16785 0.02760 0.04363
0 0.74375 0.16874 0.03125 0.04363
0 0.75755 0.18700 0.03490 0.04452
0 0.71042 0.19679 0.03021 0.05165
0 0.73047 0.21149 0.03490 0.04720
0 0.76927 0.19279 0.03333 0.03295
0 0.79010 0.20481 0.03021 0.03384
0 0.81068 0.21282 0.03073 0.03384
0 0.76146 0.22707 0.03854 0.04630
0 0.78385 0.24265 0.03125 0.04541
0 0.72187 0.36955 0.02083 0.05521
0 0.72083 0.31033 0.02813 0.05254
0 0.73854 0.32547 0.03958 0.07035
0 0.68359 0.23597 0.03281 0.05877
0 0.70651 0.24666 0.02969 0.05343
0 0.72578 0.25779 0.03385 0.05966
0 0.73958 0.26670 0.03333 0.05610
0 0.82630 0.22796 0.02760 0.03206
0 0.80677 0.25289 0.03333 0.04809
0 0.87135 0.23998 0.01667 0.01692
0 0.90651 0.27026 0.02760 0.03117
0 0.88099 0.25913 0.02969 0.03740
0 0.85208 0.24755 0.03125 0.03384
0 0.82031 0.26581 0.03021 0.04719
0 0.84167 0.27338 0.03125 0.05165
0 0.86016 0.28851 0.03281 0.05165
0 0.76302 0.27961 0.03646 0.06411
0 0.78776 0.29386 0.03802 0.05877
0 0.80677 0.31612 0.03438 0.06233
0 0.82734 0.32591 0.03385 0.07124
0 0.76276 0.33170 0.02656 0.04898
0 0.73776 0.38157 0.02135 0.05966
0 0.75208 0.37934 0.02292 0.05165
0 0.76458 0.38780 0.02500 0.04185
0 0.77865 0.35352 0.03333 0.06768
0 0.78333 0.40606 0.01979 0.03206
0 0.79870 0.41941 0.02135 0.03384
0 0.83620 0.43455 0.01719 0.01603
0 0.81693 0.42698 0.02240 0.02760
0 0.79531 0.37266 0.02917 0.06144
0 0.81042 0.38468 0.02917 0.06411
0 0.84766 0.33882 0.03385 0.06679
0 0.83151 0.39448 0.03385 0.06768
0 0.93047 0.28673 0.03698 0.03740
0 0.95651 0.29653 0.02969 0.03384
0 0.87995 0.30009 0.03281 0.05343
0 0.90052 0.30588 0.03021 0.04541
0 0.91380 0.32057 0.03490 0.04987
0 0.93568 0.32502 0.03385 0.04630
0 0.97891 0.30721 0.03490 0.03206
0 0.96406 0.33215 0.03542 0.04987
0 0.86484 0.35396 0.02969 0.06679
0 0.88516 0.35797 0.03177 0.06589
0 0.85208 0.40828 0.03021 0.06857
0 0.87396 0.41541 0.02812 0.06144
0 0.90182 0.36554 0.03281 0.06144
0 0.92422 0.37311 0.03281 0.06411
0 0.95026 0.38112 0.03594 0.06768
0 0.89557 0.41986 0.03281 0.05254
0 0.91745 0.42876 0.03490 0.05432
0 0.93854 0.47907 0.01562 0.02850
0 0.95156 0.48887 0.01562 0.03918
0 0.94167 0.44167 0.03229 0.06055
0 0.99115 0.58326 0.01771 0.02850
0 0.98594 0.54764 0.02292 0.05521
0 0.99193 0.43678 0.01615 0.26447
0 0.98438 0.34817 0.03125 0.05165
0 0.97396 0.39403 0.03542 0.05432
0 0.97057 0.50000 0.02865 0.05254
0 0.98932 0.43188 0.02135 0.05343
0 0.98880 0.49020 0.02240 0.06857
0 0.97161 0.44880 0.04010 0.05877
0 0.99583 0.73063 0.00833 0.03651
0 0.97734 0.82992 0.01198 0.03384
0 0.97370 0.85797 0.01198 0.03295
0 0.99635 0.75646 0.00729 0.01692
0 0.99323 0.77471 0.01354 0.02671
0 0.99115 0.80543 0.01771 0.04363
0 0.98880 0.81968 0.01719 0.02404
0 0.99766 0.83615 0.00469 0.02137
0 0.98776 0.84194 0.02240 0.03295
0 0.97213 0.88246 0.01094 0.03740
0 0.98516 0.86598 0.01927 0.02760
0 0.99714 0.85752 0.00573 0.02315
0 0.98412 0.88735 0.01927 0.03295
0 0.99531 0.88157 0.00937 0.03206
0 0.97188 0.92253 0.01771 0.04630
0 0.98490 0.91541 0.02188 0.03918
0 0.99583 0.91362 0.00833 0.03740
0 0.97109 0.95637 0.01927 0.04274
0 0.98463 0.95459 0.02240 0.04630
0 0.99583 0.94924 0.00833 0.03740
0 0.96354 0.98887 0.00625 0.02226
0 0.97656 0.98531 0.02292 0.02939
0 0.99297 0.98397 0.01406 0.03206
0 0.91615 0.81834 0.01146 0.04096
0 0.90547 0.84684 0.01510 0.04809
0 0.94115 0.74933 0.01667 0.04720
0 0.90208 0.72841 0.02917 0.04987
0 0.92839 0.75334 0.01823 0.04630
0 0.91641 0.76803 0.02344 0.05610
0 0.90547 0.79519 0.02031 0.05877
0 0.89505 0.80944 0.02240 0.05343
0 0.89375 0.74933 0.02396 0.04898
0 0.88229 0.76803 0.02396 0.05610
0 0.89531 0.85797 0.01042 0.03829
0 0.88906 0.87756 0.01146 0.03829
0 0.88620 0.83259 0.02344 0.05165
0 0.86797 0.78985 0.03281 0.06055
0 0.85885 0.80276 0.03125 0.05966
0 0.87318 0.84817 0.02448 0.05076
0 0.87891 0.89092 0.01198 0.04007
0 0.86875 0.90828 0.01354 0.03384
0 0.85833 0.92386 0.01562 0.04185
0 0.84479 0.94390 0.01979 0.04630
0 0.83724 0.96260 0.01406 0.04274
0 0.82917 0.98887 0.00937 0.01692
0 0.82812 0.96438 0.01354 0.03028
0 0.82370 0.97507 0.01510 0.03918
0 0.81432 0.98753 0.01719 0.02493
0 0.80339 0.99377 0.01198 0.01247
0 0.86302 0.86465 0.02917 0.06411
0 0.85000 0.88602 0.02500 0.05165
0 0.83854 0.89448 0.02708 0.06144
0 0.82943 0.91095 0.02760 0.05165
0 0.81901 0.92921 0.02656 0.05254
0 0.80651 0.94924 0.02865 0.06233
0 0.79193 0.96572 0.03177 0.04898
0 0.84245 0.81701 0.03490 0.06144
0 0.83359 0.83304 0.03281 0.05966
0 0.82187 0.84951 0.02917 0.05699
0 0.80729 0.86999 0.03229 0.06589
0 0.79557 0.89047 0.03490 0.05699
0 0.78490 0.91229 0.03125 0.05966
0 0.77240 0.92431 0.02917 0.05521
0 0.89505 0.68299 0.01927 0.02671
0 0.87578 0.70347 0.02135 0.02671
0 0.86120 0.71772 0.02448 0.04452
0 0.84479 0.73642 0.03229 0.05699
0 0.83490 0.76046 0.03021 0.05877
0 0.81901 0.77115 0.02865 0.06411
0 0.82109 0.72618 0.01615 0.02582
0 0.80703 0.73598 0.02344 0.03473
0 0.78411 0.75022 0.04010 0.04898
0 0.75287 0.75111 0.02552 0.02939
0 0.71510 0.76313 0.01667 0.01959
0 0.73724 0.77026 0.03698 0.04809
0 0.70781 0.78139 0.02187 0.02404
0 0.69792 0.80142 0.02083 0.02315
0 0.68672 0.82324 0.02031 0.02760
0 0.72630 0.79118 0.03594 0.03651
0 0.71536 0.81300 0.02969 0.03562
0 0.77370 0.77649 0.03698 0.04987
0 0.75963 0.80276 0.03177 0.04541
0 0.74479 0.82324 0.03438 0.04898
0 0.80521 0.79386 0.03125 0.05610
0 0.79193 0.81612 0.03490 0.05076
0 0.77708 0.84194 0.03125 0.05254
0 0.76276 0.86732 0.03073 0.05165
0 0.74245 0.89537 0.03385 0.05254
0 0.78203 0.97863 0.03281 0.04274
0 0.77031 0.99243 0.01771 0.01514
0 0.75911 0.94390 0.03385 0.06055
0 0.74661 0.97195 0.03906 0.05610
0 0.73412 0.98353 0.03281 0.03295
0 0.73047 0.84595 0.03177 0.04987
0 0.69896 0.83259 0.03229 0.03918
0 0.71849 0.87489 0.03177 0.04898
0 0.67266 0.84283 0.02031 0.02048
0 0.66458 0.86287 0.02292 0.03384
0 0.65182 0.88869 0.01823 0.02493
0 0.64037 0.91006 0.01719 0.02671
0 0.69479 0.85307 0.03229 0.03918
0 0.68385 0.87177 0.03750 0.03918
0 0.66615 0.89760 0.03229 0.03562
0 0.65052 0.91986 0.02917 0.03740
0 0.69818 0.90071 0.03177 0.05076
0 0.68047 0.92743 0.03281 0.05254
0 0.66927 0.95147 0.03542 0.04541
0 0.72734 0.92565 0.03281 0.06322
0 0.71042 0.94880 0.03438 0.05966
0 0.69870 0.97551 0.03385 0.04898
0 0.68151 0.98486 0.03177 0.03028
0 0.62630 0.93500 0.02031 0.03384
0 0.63802 0.94746 0.03125 0.03740
0 0.64896 0.97596 0.03438 0.04630
0 0.71901 0.99377 0.01510 0.01247
0 0.65703 0.99332 0.02656 0.01336
0 0.61224 0.96794 0.02344 0.03740
0 0.62031 0.97640 0.02604 0.03117
0 0.60599 0.99288 0.02552 0.01425
0 0.62708 0.99377 0.02292 0.01247
0 0.63620 0.86554 0.02865 0.05343
0 0.62448 0.88647 0.03021 0.05966
0 0.60912 0.89938 0.02760 0.05877
0 0.59375 0.91986 0.03125 0.06055
0 0.58125 0.94078 0.03021 0.05966
0 0.56797 0.96438 0.03385 0.05343
0 0.55703 0.98130 0.03906 0.03740
0 0.53463 0.99199 0.02240 0.01603
0 0.62448 0.81077 0.02604 0.05254
0 0.61458 0.83081 0.03021 0.05521
0 0.59766 0.84595 0.03281 0.05699
0 0.58307 0.86109 0.03385 0.06411
0 0.56927 0.88201 0.03229 0.06144
0 0.55573 0.90294 0.03333 0.07124
0 0.54245 0.92832 0.03490 0.06857
0 0.53177 0.94568 0.03437 0.06055
0 0.43490 0.89403 0.01667 0.02671
0 0.44271 0.86598 0.02917 0.04185
0 0.46328 0.84862 0.02552 0.03562
0 0.46042 0.82280 0.02396 0.01781
0 0.43698 0.83615 0.02708 0.03206
0 0.42057 0.85708 0.02031 0.04185
0 0.48203 0.81389 0.02135 0.02493
0 0.44948 0.88602 0.00938 0.01781
0 0.49922 0.82369 0.02552 0.02850
0 0.48516 0.84595 0.02031 0.02493
0 0.46849 0.86554 0.02031 0.02493
0 0.53828 0.81033 0.01615 0.02671
0 0.52370 0.82191 0.02344 0.03740
0 0.51068 0.83882 0.02865 0.04096
0 0.49740 0.85886 0.03229 0.04185
0 0.48307 0.88023 0.03177 0.04541
0 0.58464 0.80677 0.02344 0.03918
0 0.56589 0.81879 0.03177 0.04719
0 0.55078 0.83660 0.03281 0.05254
0 0.45859 0.88735 0.02031 0.02404
0 0.44740 0.90561 0.01875 0.02493
0 0.43698 0.92119 0.01146 0.01692
0 0.43047 0.93544 0.02031 0.03295
0 0.41771 0.95726 0.01875 0.02315
0 0.40547 0.97640 0.02760 0.02760
0 0.47318 0.90427 0.03385 0.04363
0 0.45781 0.93188 0.03438 0.05076
0 0.44219 0.95859 0.03229 0.04363
0 0.42682 0.98353 0.02760 0.03295
0 0.45495 0.98486 0.03385 0.03028
0 0.40078 0.99243 0.02656 0.01514
0 0.53854 0.85619 0.03021 0.04898
0 0.52578 0.87934 0.03073 0.05788
0 0.51042 0.90605 0.03229 0.06500
0 0.49713 0.92921 0.03490 0.05966
0 0.48516 0.95102 0.03698 0.05343
0 0.52083 0.97151 0.03438 0.05165
0 0.50443 0.98442 0.03490 0.03117
0 0.47266 0.97596 0.03385 0.04809
0 0.91068 0.45859 0.01615 0.01603
0 0.92344 0.46483 0.01562 0.01603
0 0.92135 0.48442 0.02917 0.03740
0 0.88385 0.45013 0.02708 0.02226
0 0.89766 0.47685 0.02865 0.05432
0 0.86016 0.44969 0.01823 0.01959
0 0.87318 0.46883 0.02448 0.04007
0 0.83828 0.44390 0.00885 0.01158
0 0.82370 0.44969 0.02760 0.02671
0 0.84479 0.46527 0.03229 0.04363
0 0.79948 0.44924 0.02500 0.02582
0 0.81693 0.47150 0.02760 0.04007
0 0.83412 0.50223 0.02656 0.05877
0 0.88906 0.50089 0.03021 0.04898
0 0.86016 0.50267 0.03177 0.05254
0 0.87969 0.67898 0.02917 0.03117
0 0.83542 0.70525 0.01771 0.01959
0 0.85234 0.69546 0.02552 0.02850
0 0.79323 0.71772 0.02708 0.02850
0 0.81484 0.70258 0.03177 0.03384
0 0.77292 0.71950 0.01979 0.03562
0 0.75469 0.72395 0.02083 0.03384
0 0.73880 0.73286 0.01823 0.02850
0 0.70000 0.75067 0.02604 0.02137
0 0.71953 0.74443 0.02240 0.02137
0 0.83333 0.67498 0.02292 0.04809
0 0.85417 0.66251 0.03438 0.05343
0 0.92630 0.63936 0.02344 0.04096
0 0.90260 0.65450 0.02813 0.03206
0 0.92630 0.60908 0.02031 0.04452
0 0.87917 0.64292 0.02917 0.04809
0 0.90026 0.62021 0.03281 0.05610
0 0.91302 0.57836 0.03958 0.05254
0 0.91927 0.52493 0.03646 0.05788
0 0.90078 0.54497 0.02865 0.06055
0 0.88047 0.59395 0.03073 0.06233
0 0.85807 0.61443 0.03073 0.06233
0 0.83203 0.61843 0.02552 0.06679
0 0.87786 0.54319 0.02031 0.05343
0 0.85885 0.55387 0.03333 0.06589
0 0.83307 0.56055 0.02760 0.06500
0 0.81302 0.66741 0.03437 0.05788
0 0.78724 0.68611 0.03073 0.04719
0 0.76016 0.68789 0.02865 0.04541
0 0.73854 0.70169 0.02708 0.03918
0 0.72005 0.71950 0.02552 0.04274
0 0.69583 0.72262 0.02604 0.05432
0 0.67865 0.73687 0.02187 0.04363
0 0.65885 0.74443 0.02396 0.03918
0 0.58359 0.77560 0.02344 0.04274
0 0.64271 0.75556 0.01875 0.03651
0 0.62266 0.76002 0.02240 0.04541
0 0.60130 0.76981 0.02448 0.03473
0 0.73932 0.46126 0.01302 0.01425
0 0.76302 0.44969 0.00625 0.00534
0 0.77682 0.45414 0.02344 0.02850
0 0.75573 0.46394 0.02917 0.03384
0 0.79141 0.47507 0.02552 0.04541
0 0.77083 0.48353 0.02604 0.04630
0 0.72292 0.46215 0.02292 0.01959
0 0.67734 0.47329 0.02552 0.01870
0 0.65260 0.47640 0.02500 0.02137
0 0.71927 0.47551 0.01562 0.01959
0 0.72995 0.48531 0.02448 0.03918
0 0.74583 0.48931 0.02812 0.04007
0 0.70052 0.48709 0.02500 0.05165
0 0.71146 0.50891 0.02812 0.04898
0 0.72526 0.53384 0.02344 0.05966
0 0.81771 0.51870 0.03125 0.05610
0 0.79141 0.52004 0.02552 0.06233
0 0.77292 0.52894 0.02812 0.06233
0 0.74974 0.53339 0.03177 0.06589
0 0.80885 0.56857 0.03125 0.05610
0 0.78307 0.57614 0.03073 0.05877
0 0.80755 0.61843 0.03281 0.06144
0 0.78802 0.63535 0.02708 0.06322
0 0.76693 0.63669 0.02240 0.06946
0 0.76224 0.58281 0.02448 0.05610
0 0.74583 0.63713 0.02396 0.06144
0 0.73828 0.58326 0.03073 0.05699
0 0.67969 0.49154 0.02187 0.04096
0 0.68542 0.52849 0.03125 0.05610
0 0.70703 0.56189 0.03490 0.06411
0 0.65963 0.49866 0.02656 0.04809
0 0.63047 0.47996 0.02135 0.02493
0 0.60938 0.48085 0.02188 0.03384
0 0.56901 0.49243 0.02135 0.03206
0 0.58828 0.48887 0.02448 0.03384
0 0.64323 0.50935 0.01979 0.04809
0 0.62370 0.51024 0.02240 0.05343
0 0.60208 0.51469 0.02292 0.05165
0 0.57891 0.52182 0.02448 0.05343
0 0.66224 0.54141 0.02656 0.05343
0 0.63828 0.55076 0.02865 0.05610
0 0.61771 0.56055 0.02917 0.06679
0 0.59010 0.56411 0.03229 0.06679
0 0.73281 0.65761 0.03021 0.06144
0 0.72448 0.60285 0.02812 0.05699
0 0.71328 0.67097 0.02865 0.06500
0 0.69193 0.67542 0.01927 0.05432
0 0.67344 0.68744 0.03333 0.06233
0 0.65573 0.70303 0.02708 0.06144
0 0.63255 0.71772 0.03177 0.05699
0 0.60391 0.72841 0.03385 0.05343
0 0.70287 0.62155 0.03073 0.06589
0 0.61016 0.67498 0.03281 0.06233
0 0.64062 0.66563 0.03646 0.05610
0 0.67318 0.63669 0.03698 0.05877
0 0.68463 0.58237 0.02969 0.06055
0 0.66016 0.59395 0.02865 0.06411
0 0.64219 0.60730 0.02813 0.06768
0 0.62318 0.62021 0.02552 0.06857
0 0.60078 0.61754 0.02344 0.06679
0 0.58672 0.68655 0.02760 0.06411
0 0.57656 0.73642 0.02813 0.05877
0 0.56615 0.78139 0.01979 0.03829
0 0.54818 0.78807 0.01927 0.03384
0 0.52839 0.79430 0.02240 0.02493
0 0.51068 0.79786 0.01927 0.02671
0 0.49010 0.79786 0.02396 0.03562
0 0.56276 0.69501 0.02760 0.06857
0 0.55208 0.74978 0.02917 0.06233
0 0.52943 0.75957 0.02344 0.05699
0 0.54036 0.70704 0.02969 0.06946
0 0.50677 0.76180 0.02396 0.05610
0 0.46641 0.79297 0.02344 0.04898
0 0.47995 0.77026 0.03073 0.03918
0 0.44922 0.80321 0.01927 0.04096
0 0.40130 0.83615 0.01719 0.01425
0 0.42891 0.81745 0.02240 0.03740
0 0.40625 0.82012 0.02500 0.03028
0 0.37682 0.83838 0.01927 0.00980
0 0.38281 0.82502 0.02604 0.02939
0 0.43906 0.78406 0.03333 0.05076
0 0.40990 0.78762 0.02813 0.05254
0 0.35391 0.82280 0.03490 0.03384
0 0.32838 0.80142 0.03281 0.04096
0 0.35677 0.79697 0.03021 0.04452
0 0.30651 0.75245 0.02448 0.06768
0 0.38333 0.79252 0.03125 0.05165
0 0.32865 0.75557 0.03021 0.06679
0 0.35521 0.75468 0.03333 0.05432
0 0.37917 0.74488 0.02917 0.05610
0 0.40443 0.74577 0.02760 0.05788
0 0.42917 0.74132 0.02812 0.05788
0 0.45729 0.74221 0.03437 0.05610
0 0.48776 0.72885 0.03281 0.05432
0 0.51615 0.71149 0.03021 0.06411
0 0.54453 0.49866 0.02552 0.03562
0 0.55573 0.50668 0.02292 0.02671
0 0.55755 0.53072 0.02240 0.04452
0 0.52188 0.49109 0.02083 0.01692
0 0.50521 0.49777 0.01875 0.02315
0 0.52292 0.50712 0.02292 0.02939
0 0.48463 0.50178 0.02448 0.02760
0 0.50000 0.52048 0.02708 0.03651
0 0.51797 0.54764 0.02552 0.05699
0 0.54010 0.54408 0.02917 0.06055
0 0.56615 0.57614 0.03333 0.06055
0 0.53984 0.59395 0.03073 0.05343
0 0.58333 0.62378 0.02917 0.06500
0 0.56328 0.63268 0.02656 0.06679
0 0.54479 0.64381 0.02500 0.06768
0 0.46432 0.50356 0.02240 0.02582
0 0.47760 0.52627 0.02396 0.03918
0 0.49583 0.55877 0.02708 0.06500
0 0.52370 0.64737 0.02240 0.06946
0 0.51198 0.59795 0.03021 0.06144
0 0.44323 0.50712 0.02083 0.02760
0 0.42422 0.50980 0.02031 0.02939
0 0.40234 0.51024 0.02760 0.02137
0 0.38021 0.51870 0.02083 0.01336
0 0.40417 0.52760 0.03333 0.03295
0 0.45260 0.52805 0.03021 0.03918
0 0.43021 0.54274 0.02917 0.04541
0 0.31953 0.55031 0.01719 0.01959
0 0.33802 0.54185 0.02604 0.03651
0 0.35963 0.53785 0.02865 0.03918
0 0.37995 0.54808 0.02552 0.05076
0 0.39974 0.55610 0.03385 0.04363
0 0.31432 0.58192 0.02448 0.05076
0 0.36641 0.57257 0.02969 0.03740
0 0.33828 0.57480 0.03177 0.05076
0 0.29141 0.63713 0.02552 0.05610
0 0.29740 0.66474 0.02604 0.05788
0 0.30078 0.71015 0.02552 0.04541
0 0.31094 0.68655 0.02396 0.06589
0 0.47474 0.56857 0.02552 0.05966
0 0.44922 0.57168 0.03073 0.06233
0 0.50729 0.65895 0.02500 0.06768
0 0.48880 0.67676 0.02865 0.06589
0 0.46823 0.68522 0.02187 0.06679
0 0.45078 0.68744 0.02031 0.06411
0 0.33073 0.71193 0.02604 0.05076
0 0.35807 0.71015 0.03490 0.05432
0 0.38698 0.70080 0.02708 0.05521
0 0.40912 0.69190 0.02656 0.06411
0 0.43099 0.68789 0.02656 0.06679
0 0.42057 0.57881 0.03177 0.05699
0 0.39297 0.59483 0.03385 0.05165
0 0.36458 0.61710 0.02604 0.06589
0 0.34167 0.61532 0.02917 0.05699
0 0.31536 0.62378 0.02552 0.05966
0 0.32448 0.66385 0.02396 0.06144
0 0.34662 0.66474 0.02656 0.05610
0 0.49036 0.61532 0.02760 0.06233
0 0.47005 0.62556 0.02865 0.06679
0 0.44766 0.62778 0.02448 0.06233
0 0.42786 0.62956 0.02135 0.06768
0 0.40859 0.63402 0.02448 0.06233
0 0.38620 0.64515 0.02969 0.06144
0 0.36745 0.67231 0.02552 0.04987
