0 0.80938 0.36354 0.02031 0.02917
0 0.78828 0.36250 0.02969 0.03958
0 0.79727 0.33021 0.02734 0.05000
0 0.78086 0.29948 0.02578 0.03438
0 0.76445 0.35521 0.02578 0.03333
0 0.77109 0.32135 0.03906 0.04896
0 0.44063 0.10312 0.02656 0.01250
0 0.46719 0.10729 0.02969 0.01458
0 0.67109 0.16927 0.02188 0.02396
0 0.65195 0.16354 0.02578 0.02292
0 0.62813 0.15417 0.02344 0.02292
0 0.60469 0.14687 0.02812 0.02292
0 0.58281 0.14167 0.02344 0.02083
0 0.56250 0.13750 0.02344 0.02500
0 0.54375 0.13490 0.02500 0.02604
0 0.51914 0.12969 0.02734 0.02813
0 0.49531 0.12552 0.02500 0.02812
0 0.47773 0.12396 0.02422 0.02708
0 0.45469 0.11719 0.02656 0.02396
0 0.68164 0.19844 0.02266 0.04062
0 0.66406 0.19167 0.02187 0.03958
0 0.64180 0.18177 0.02578 0.03646
0 0.61836 0.17552 0.02578 0.04271
0 0.59414 0.16719 0.02578 0.03854
0 0.57344 0.16510 0.02188 0.03854
0 0.55469 0.16250 0.02500 0.03542
0 0.53281 0.15781 0.02344 0.03438
0 0.50937 0.15365 0.02656 0.04062
0 0.48477 0.15000 0.02578 0.03542
0 0.46094 0.14479 0.02812 0.04167
0 0.76445 0.26875 0.02266 0.05000
0 0.74531 0.26354 0.02344 0.04375
0 0.71680 0.24844 0.01016 0.04062
0 0.70234 0.24219 0.02500 0.04062
0 0.68008 0.23125 0.02891 0.04583
0 0.65859 0.22188 0.02500 0.04792
0 0.63945 0.21510 0.02422 0.04479
0 0.61680 0.20573 0.02422 0.04688
0 0.59336 0.20104 0.02734 0.04792
0 0.56992 0.19740 0.02422 0.04688
0 0.54688 0.19219 0.02500 0.04896
0 0.52461 0.19010 0.02266 0.04896
0 0.50156 0.19010 0.02500 0.05521
0 0.47930 0.18698 0.02578 0.05312
0 0.45469 0.18229 0.02813 0.05000
0 0.43828 0.33698 0.02188 0.01562
0 0.56641 0.35052 0.02656 0.02604
0 0.54336 0.34948 0.02578 0.03437
0 0.52109 0.34063 0.02187 0.02292
0 0.50117 0.33333 0.02578 0.02500
0 0.46836 0.32917 0.04453 0.03125
0 0.43789 0.32031 0.02734 0.03021
0 0.66484 0.34688 0.03281 0.01875
0 0.63789 0.34115 0.02891 0.02812
0 0.61289 0.33698 0.02891 0.04062
0 0.59297 0.33542 0.03125 0.05000
0 0.57031 0.32500 0.02969 0.04792
0 0.54609 0.32083 0.02813 0.04583
0 0.52539 0.31510 0.02734 0.04271
0 0.50703 0.30625 0.02656 0.04375
0 0.48672 0.30365 0.02344 0.04062
0 0.46289 0.30104 0.02891 0.03542
0 0.44102 0.29688 0.02578 0.03542
0 0.73984 0.34844 0.03438 0.03854
0 0.72148 0.34219 0.03203 0.04479
0 0.69883 0.33594 0.03516 0.04896
0 0.67734 0.32500 0.03281 0.05208
0 0.65781 0.31719 0.02969 0.04896
0 0.63594 0.30833 0.03281 0.05208
0 0.61445 0.29583 0.03047 0.05208
0 0.59102 0.29010 0.02734 0.05104
0 0.56758 0.28177 0.02891 0.05312
0 0.54414 0.27969 0.02578 0.04688
0 0.52539 0.27135 0.03516 0.04896
0 0.50430 0.26198 0.02891 0.05104
0 0.47695 0.26562 0.02891 0.04792
0 0.45625 0.26198 0.02344 0.04688
0 0.74766 0.30677 0.03281 0.05104
0 0.72578 0.29323 0.03438 0.05521
0 0.70352 0.28646 0.03203 0.05208
0 0.68359 0.27604 0.03125 0.05208
0 0.66250 0.26979 0.02969 0.05000
0 0.64102 0.25990 0.03203 0.05104
0 0.61875 0.25052 0.02969 0.04896
0 0.59805 0.24479 0.02734 0.05000
0 0.57617 0.23906 0.02734 0.04688
0 0.54922 0.23490 0.03125 0.04688
0 0.52461 0.22813 0.03359 0.04167
0 0.49336 0.22552 0.03359 0.04479
0 0.46562 0.22552 0.02656 0.04896
0 0.44219 0.22135 0.02500 0.05104
0 0.41484 0.31875 0.02187 0.02917
0 0.39414 0.31354 0.02109 0.02083
0 0.43164 0.26198 0.02734 0.04896
0 0.41719 0.29427 0.02813 0.03229
0 0.40742 0.26354 0.02578 0.03750
0 0.39336 0.28490 0.02422 0.04063
0 0.37734 0.30365 0.02031 0.02604
0 0.35898 0.29479 0.02109 0.02917
0 0.33984 0.28750 0.02656 0.02917
0 0.31836 0.28333 0.02422 0.02083
0 0.37422 0.27552 0.02656 0.03646
0 0.35156 0.26823 0.02500 0.03854
0 0.33008 0.26302 0.02578 0.03437
0 0.41719 0.22188 0.02813 0.05208
0 0.39570 0.24115 0.02578 0.04896
0 0.37383 0.23646 0.02734 0.05000
0 0.35430 0.23125 0.02734 0.04583
0 0.33320 0.22500 0.02578 0.04792
0 0.41680 0.09896 0.02266 0.01458
0 0.39453 0.09635 0.02344 0.01562
0 0.37227 0.09167 0.02266 0.01667
0 0.35078 0.09063 0.02500 0.02500
0 0.32891 0.08698 0.02031 0.02396
0 0.29766 0.07396 0.01250 0.00833
0 0.30898 0.08542 0.02578 0.02500
0 0.43047 0.11667 0.02656 0.02917
0 0.40820 0.11562 0.02266 0.03125
0 0.38711 0.11458 0.02578 0.03750
0 0.36484 0.11302 0.02656 0.04063
0 0.34141 0.11510 0.02344 0.04271
0 0.31953 0.11354 0.02656 0.04375
0 0.43906 0.14479 0.02500 0.04167
0 0.41719 0.14740 0.02813 0.04479
0 0.39453 0.14896 0.02344 0.04792
0 0.37227 0.14844 0.02422 0.04896
0 0.34727 0.14583 0.02734 0.04583
0 0.32578 0.14740 0.02031 0.04063
0 0.42734 0.18125 0.02969 0.05208
0 0.40469 0.19427 0.02656 0.05521
0 0.38359 0.19375 0.02344 0.05625
0 0.36172 0.19062 0.02344 0.05417
0 0.34023 0.18750 0.02266 0.04792
0 0.31836 0.18333 0.02578 0.05208
0 0.29375 0.18698 0.02813 0.05521
0 0.30742 0.22656 0.02891 0.04688
0 0.30781 0.25990 0.02656 0.03229
0 0.29688 0.27344 0.02188 0.02604
0 0.27734 0.26458 0.02344 0.02917
0 0.28555 0.25156 0.02734 0.03229
0 0.28047 0.22240 0.03281 0.04063
0 0.23711 0.25000 0.01328 0.01042
0 0.25586 0.25885 0.02578 0.02188
0 0.26523 0.23281 0.01953 0.04271
0 0.24570 0.23281 0.02578 0.04271
0 0.27344 0.07292 0.01719 0.00833
0 0.28477 0.08437 0.02891 0.02708
0 0.25703 0.08281 0.03281 0.02396
0 0.29570 0.11146 0.02734 0.04167
0 0.30312 0.14583 0.02812 0.04375
0 0.26914 0.18698 0.02422 0.04688
0 0.27930 0.14531 0.02266 0.04687
0 0.27422 0.10990 0.01875 0.03646
0 0.25234 0.10417 0.02500 0.04167
0 0.21563 0.24375 0.03125 0.01667
0 0.22305 0.23229 0.02578 0.02917
0 0.25820 0.14271 0.02734 0.04792
0 0.23711 0.13750 0.02266 0.04583
0 0.23672 0.08073 0.00937 0.01146
0 0.23047 0.09948 0.02187 0.03854
0 0.22031 0.07708 0.02656 0.02500
0 0.17070 0.08177 0.02734 0.02187
0 0.19219 0.08437 0.02969 0.02500
0 0.20352 0.09687 0.03516 0.03125
0 0.21562 0.12760 0.02813 0.04479
0 0.18945 0.22604 0.02266 0.02292
0 0.20195 0.22135 0.03047 0.03021
0 0.17578 0.19896 0.02969 0.03750
0 0.15625 0.18281 0.03281 0.03854
0 0.13789 0.15417 0.02578 0.03750
0 0.15156 0.10625 0.02656 0.03333
0 0.15117 0.14115 0.03203 0.04479
0 0.17500 0.11458 0.03281 0.05000
0 0.17070 0.15729 0.03516 0.04583
0 0.19336 0.13281 0.03516 0.04687
0 0.19102 0.17552 0.02734 0.04271
0 0.20508 0.20000 0.02891 0.03750
0 0.23398 0.20677 0.03516 0.03854
0 0.24570 0.18177 0.03203 0.04688
0 0.21914 0.16927 0.03672 0.04271
0 0.42695 0.90260 0.02422 0.02396
0 0.44609 0.90833 0.02344 0.02917
0 0.40117 0.91719 0.02734 0.03021
0 0.38086 0.92344 0.02109 0.01979
0 0.35703 0.93698 0.02344 0.02188
0 0.33867 0.96719 0.02891 0.03854
0 0.36016 0.95781 0.02344 0.03854
0 0.38203 0.94375 0.02656 0.03750
0 0.40664 0.93438 0.02578 0.04167
0 0.42930 0.92240 0.02578 0.03021
0 0.43789 0.94219 0.02266 0.04479
0 0.42344 0.95833 0.02813 0.04375
0 0.40078 0.97031 0.03438 0.04688
0 0.38008 0.97917 0.03047 0.04167
0 0.35430 0.98594 0.03359 0.02812
0 0.28906 0.97448 0.02187 0.02604
0 0.31484 0.97448 0.02813 0.04063
0 0.29414 0.98646 0.02266 0.02708
0 0.26367 0.98438 0.02578 0.01667
0 0.24648 0.99427 0.02109 0.01146
0 0.27070 0.99167 0.03047 0.01667
0 0.42500 0.98698 0.02656 0.02604
0 0.40469 0.99427 0.01875 0.01146
0 0.30742 0.99687 0.02109 0.00625
0 0.32969 0.99271 0.02344 0.01458
