0 0.46536 0.55820 0.01823 0.04922
0 0.58307 0.51523 0.02031 0.04453
0 0.56588 0.51523 0.02031 0.04609
0 0.55078 0.51680 0.01823 0.04453
0 0.53437 0.51484 0.01875 0.04062
0 0.51771 0.51719 0.01771 0.04063
0 0.50104 0.51914 0.01875 0.03828
0 0.48490 0.51992 0.02187 0.03984
0 0.46875 0.52266 0.02083 0.04375
0 0.54792 0.53750 0.01354 0.01250
0 0.56510 0.54141 0.02083 0.02344
0 0.58568 0.54609 0.02344 0.02813
0 0.77604 0.53242 0.02292 0.04609
0 0.75859 0.53789 0.02448 0.04297
0 0.73958 0.54922 0.02708 0.03750
0 0.79818 0.48438 0.01719 0.03125
0 0.78099 0.49336 0.02448 0.04297
0 0.76172 0.50078 0.02344 0.04688
0 0.74115 0.50430 0.02708 0.05703
0 0.70990 0.50820 0.02500 0.05703
0 0.69062 0.51484 0.02083 0.05781
0 0.67266 0.51680 0.02135 0.05703
0 0.65234 0.51406 0.02448 0.05469
0 0.63568 0.51875 0.02031 0.05625
0 0.61745 0.51992 0.02135 0.05859
0 0.59870 0.51719 0.02344 0.06094
0 0.83568 0.44844 0.02448 0.01875
0 0.81406 0.45859 0.02500 0.03281
0 0.79479 0.46016 0.02292 0.03438
0 0.77422 0.46406 0.02552 0.03281
0 0.75495 0.46836 0.02656 0.03047
0 0.73698 0.47148 0.02396 0.02422
0 0.71901 0.48086 0.02344 0.04297
0 0.69948 0.47305 0.02083 0.03203
0 0.68021 0.47500 0.02396 0.03750
0 0.66328 0.47891 0.02448 0.02969
0 0.64427 0.47969 0.02292 0.02969
0 0.62578 0.48281 0.02240 0.02813
0 0.60938 0.48477 0.01771 0.02266
0 0.59141 0.48477 0.02031 0.02266
0 0.57422 0.48984 0.01823 0.02344
0 0.55651 0.48867 0.01927 0.02109
0 0.54141 0.49258 0.01823 0.02422
0 0.52318 0.49219 0.02031 0.02031
0 0.50573 0.49492 0.01875 0.02109
0 0.48776 0.49609 0.02031 0.02188
0 0.46901 0.49805 0.02240 0.02109
0 0.26042 0.54336 0.00833 0.01484
0 0.27396 0.54141 0.00521 0.01719
0 0.28359 0.54492 0.01615 0.02734
0 0.29713 0.54375 0.01406 0.03750
0 0.31146 0.54297 0.01771 0.03750
0 0.32838 0.53906 0.01823 0.04219
0 0.34818 0.53516 0.02135 0.04375
0 0.31016 0.60312 0.01510 0.03750
0 0.33490 0.64141 0.02188 0.04688
0 0.51562 0.55859 0.01875 0.05469
0 0.49974 0.55703 0.01823 0.05000
0 0.48281 0.55703 0.02083 0.05000
0 0.50443 0.60391 0.01823 0.05156
0 0.48646 0.60312 0.02187 0.04844
0 0.46745 0.60312 0.02031 0.05156
0 0.43177 0.64922 0.02083 0.05312
0 0.44740 0.60078 0.02083 0.05000
0 0.45104 0.53047 0.01771 0.05938
0 0.43568 0.53086 0.01927 0.05391
0 0.41901 0.53125 0.01823 0.05313
0 0.40104 0.53164 0.01979 0.05078
0 0.38177 0.53672 0.02500 0.05000
0 0.37552 0.59883 0.01979 0.05234
0 0.31641 0.64141 0.01719 0.04688
0 0.51302 0.65234 0.01771 0.04844
0 0.49635 0.65313 0.01667 0.05156
0 0.48073 0.65117 0.01771 0.04766
0 0.46380 0.65313 0.01615 0.05000
0 0.44870 0.65195 0.01615 0.05234
