0 0.98500 0.77485 0.03000 0.01754
0 0.98000 0.75877 0.04000 0.02047
0 0.97500 0.73830 0.05000 0.01462
0 0.97500 0.72076 0.05000 0.02047
0 0.97000 0.70322 0.06000 0.02047
0 0.97000 0.68421 0.06000 0.01754
0 0.97500 0.66667 0.05000 0.01754
0 0.97500 0.65058 0.05000 0.01462
0 0.97000 0.63450 0.06000 0.02339
0 0.94000 0.53216 0.04000 0.02924
0 0.93000 0.50439 0.04000 0.03216
0 0.92500 0.47661 0.05000 0.02339
0 0.93500 0.45614 0.05000 0.02339
0 0.93500 0.43714 0.07000 0.02047
0 0.93500 0.41374 0.05000 0.03216
0 0.93500 0.39035 0.03000 0.02632
0 0.94000 0.36404 0.06000 0.03216
0 0.97000 0.61257 0.06000 0.02632
0 0.97000 0.59064 0.06000 0.02339
0 0.97000 0.57017 0.06000 0.01754
0 0.96500 0.55409 0.07000 0.02047
0 0.97500 0.52778 0.05000 0.03801
0 0.97500 0.50292 0.05000 0.01754
0 0.97000 0.48099 0.06000 0.03216
0 0.97000 0.45029 0.06000 0.02924
0 0.97500 0.41520 0.05000 0.02924
0 0.97500 0.38889 0.05000 0.02924
0 0.97500 0.36257 0.05000 0.02339
0 0.97000 0.33626 0.06000 0.02924
0 0.38500 0.92690 0.07000 0.01754
0 0.21000 0.92398 0.08000 0.02924
0 0.28500 0.92398 0.11000 0.02924
0 0.87000 0.94444 0.08000 0.02924
0 0.91000 0.91521 0.08000 0.02924
0 0.77500 0.94152 0.13000 0.03509
0 0.65000 0.93860 0.12000 0.02339
0 0.55000 0.92544 0.10000 0.03216
0 0.17000 0.89912 0.06000 0.03216
0 0.15000 0.87573 0.06000 0.02632
0 0.13500 0.85234 0.07000 0.02632
0 0.13000 0.82895 0.06000 0.02632
0 0.13000 0.80848 0.08000 0.02047
0 0.14000 0.78947 0.08000 0.01754
0 0.25000 0.90058 0.10000 0.02924
0 0.23000 0.87427 0.10000 0.02924
0 0.21500 0.85088 0.11000 0.02339
0 0.21000 0.83041 0.12000 0.02339
0 0.21500 0.80848 0.13000 0.02047
0 0.21000 0.78801 0.10000 0.02047
0 0.34500 0.90790 0.11000 0.03216
0 0.33000 0.88158 0.10000 0.02632
0 0.31000 0.85819 0.10000 0.02632
0 0.31500 0.83626 0.11000 0.01754
0 0.30000 0.81725 0.12000 0.02047
0 0.30500 0.79678 0.13000 0.02047
0 0.82000 0.91813 0.14000 0.02924
0 0.93000 0.88743 0.08000 0.03216
0 0.93500 0.86257 0.11000 0.02924
0 0.92000 0.84064 0.10000 0.02047
0 0.92000 0.82164 0.08000 0.02339
0 0.92500 0.80117 0.07000 0.01754
0 0.92000 0.78070 0.08000 0.02924
0 0.84500 0.89181 0.11000 0.02924
0 0.84500 0.87135 0.11000 0.02339
0 0.84500 0.84942 0.09000 0.02632
0 0.83500 0.82456 0.11000 0.02924
0 0.84000 0.80263 0.12000 0.02047
0 0.70000 0.92251 0.12000 0.02632
0 0.73000 0.89766 0.14000 0.02924
0 0.74000 0.87135 0.16000 0.02339
0 0.74000 0.84942 0.14000 0.02632
0 0.73500 0.82749 0.13000 0.02339
0 0.73500 0.80263 0.13000 0.02632
0 0.64000 0.90936 0.12000 0.02924
0 0.62000 0.87866 0.12000 0.02632
0 0.62500 0.85526 0.13000 0.02632
0 0.62500 0.83333 0.13000 0.02339
0 0.63000 0.81433 0.12000 0.02047
0 0.64000 0.79386 0.12000 0.02047
0 0.45000 0.91228 0.12000 0.02924
0 0.52000 0.89912 0.10000 0.03216
0 0.52000 0.86988 0.10000 0.03216
0 0.51500 0.84357 0.11000 0.02632
0 0.52500 0.82017 0.11000 0.02047
0 0.53500 0.80263 0.11000 0.02047
0 0.42000 0.88012 0.08000 0.02924
0 0.40500 0.85526 0.09000 0.02632
0 0.40000 0.83187 0.08000 0.02632
0 0.40000 0.81433 0.10000 0.02047
0 0.41000 0.79386 0.10000 0.02047
0 0.88500 0.48538 0.05000 0.01754
0 0.87000 0.46930 0.08000 0.02047
0 0.83000 0.48392 0.06000 0.02047
0 0.85500 0.50146 0.09000 0.02632
0 0.91000 0.56433 0.04000 0.02339
0 0.90000 0.54386 0.06000 0.02924
0 0.90000 0.52193 0.04000 0.02047
0 0.86000 0.52193 0.08000 0.02632
0 0.85500 0.54386 0.07000 0.02339
0 0.85500 0.56579 0.09000 0.02047
0 0.87500 0.58187 0.09000 0.01754
0 0.87500 0.59795 0.09000 0.02047
0 0.88500 0.61404 0.07000 0.01754
0 0.89000 0.63158 0.08000 0.01754
0 0.90000 0.64912 0.10000 0.02339
0 0.90000 0.66959 0.10000 0.01754
0 0.90500 0.68713 0.09000 0.02339
0 0.90000 0.70322 0.08000 0.01462
0 0.90500 0.71930 0.09000 0.01754
0 0.91500 0.73684 0.07000 0.02339
0 0.91000 0.75731 0.08000 0.02339
0 0.84500 0.78070 0.11000 0.02339
0 0.84000 0.76316 0.10000 0.02339
0 0.84500 0.74123 0.11000 0.02047
0 0.82500 0.72807 0.11000 0.01754
0 0.82500 0.71053 0.11000 0.02339
0 0.82500 0.69152 0.09000 0.02632
0 0.81000 0.67105 0.08000 0.02047
0 0.82000 0.65351 0.08000 0.02047
0 0.80500 0.63304 0.11000 0.02047
0 0.80500 0.61550 0.09000 0.02047
0 0.78500 0.59795 0.09000 0.02047
0 0.77500 0.57748 0.11000 0.02047
0 0.78000 0.55848 0.12000 0.01754
0 0.77500 0.54094 0.11000 0.01754
0 0.77500 0.52339 0.11000 0.01754
0 0.77000 0.50585 0.12000 0.01754
0 0.76000 0.48977 0.10000 0.02047
0 0.76500 0.47222 0.11000 0.02047
0 0.75000 0.78509 0.10000 0.02047
0 0.74500 0.76608 0.11000 0.01754
0 0.74500 0.75000 0.11000 0.02047
0 0.74000 0.72953 0.12000 0.02047
0 0.73000 0.71053 0.12000 0.02339
0 0.72500 0.69006 0.11000 0.02339
0 0.72000 0.66959 0.12000 0.02339
0 0.72500 0.65351 0.13000 0.02047
0 0.71000 0.63596 0.12000 0.02632
0 0.70500 0.61550 0.11000 0.02047
0 0.69000 0.59942 0.12000 0.01754
0 0.69500 0.58333 0.11000 0.02047
0 0.69000 0.56140 0.10000 0.01754
0 0.68500 0.54240 0.11000 0.02047
0 0.67500 0.52924 0.11000 0.01754
0 0.66500 0.51462 0.11000 0.02339
0 0.66500 0.49415 0.11000 0.02339
0 0.67500 0.47368 0.11000 0.02339
0 0.12500 0.77193 0.07000 0.02339
0 0.12500 0.75292 0.07000 0.02632
0 0.11500 0.73538 0.07000 0.02632
0 0.12000 0.71637 0.06000 0.02339
0 0.11500 0.69737 0.07000 0.02047
0 0.12500 0.68129 0.09000 0.01754
0 0.12500 0.66521 0.07000 0.02632
0 0.11500 0.64035 0.07000 0.02339
0 0.11000 0.62427 0.06000 0.02047
0 0.12000 0.60526 0.06000 0.02339
0 0.12000 0.59064 0.06000 0.01754
0 0.12000 0.57164 0.06000 0.02047
0 0.11500 0.55409 0.05000 0.02047
0 0.11500 0.53509 0.05000 0.02339
0 0.11000 0.51462 0.04000 0.01754
0 0.10500 0.49708 0.05000 0.01754
0 0.10500 0.47807 0.05000 0.02047
0 0.20500 0.77047 0.11000 0.02047
0 0.20000 0.75146 0.10000 0.01754
0 0.19500 0.73538 0.11000 0.02047
0 0.19000 0.71491 0.10000 0.02047
0 0.20000 0.69444 0.10000 0.02047
0 0.21000 0.67690 0.10000 0.01462
0 0.19000 0.66228 0.08000 0.01462
0 0.18500 0.64328 0.09000 0.02339
0 0.18500 0.62135 0.09000 0.02047
0 0.19000 0.60234 0.10000 0.01754
0 0.18000 0.58626 0.10000 0.02047
0 0.18000 0.56725 0.10000 0.01754
0 0.17500 0.54971 0.09000 0.01754
0 0.17000 0.53070 0.10000 0.02047
0 0.16000 0.51462 0.10000 0.01754
0 0.17000 0.50146 0.10000 0.01462
0 0.16500 0.49123 0.09000 0.01754
0 0.16500 0.47515 0.09000 0.02047
0 0.31500 0.77778 0.13000 0.01754
0 0.30500 0.75877 0.13000 0.02047
0 0.28500 0.73830 0.09000 0.02047
0 0.30000 0.71930 0.12000 0.01754
0 0.29500 0.70322 0.13000 0.02047
0 0.29000 0.68275 0.10000 0.02632
0 0.28500 0.66082 0.13000 0.01754
0 0.28000 0.64328 0.12000 0.02924
0 0.28500 0.62281 0.11000 0.01754
0 0.27500 0.60672 0.11000 0.02047
0 0.27500 0.58479 0.11000 0.01754
0 0.27500 0.56725 0.11000 0.01754
0 0.27500 0.54825 0.11000 0.02047
0 0.26500 0.53070 0.11000 0.02047
0 0.26000 0.51316 0.10000 0.01462
0 0.26500 0.49708 0.13000 0.01754
0 0.25500 0.47953 0.11000 0.01754
0 0.53000 0.78363 0.12000 0.02339
0 0.52500 0.76316 0.13000 0.01754
0 0.52000 0.74123 0.14000 0.02632
0 0.53000 0.72076 0.12000 0.02632
0 0.51500 0.70029 0.13000 0.02047
0 0.50000 0.68567 0.14000 0.02047
0 0.49000 0.66521 0.12000 0.02632
0 0.51000 0.64474 0.12000 0.02047
0 0.50000 0.62573 0.12000 0.01754
0 0.49000 0.60672 0.14000 0.02047
0 0.49000 0.58918 0.12000 0.02047
0 0.49500 0.57310 0.13000 0.01754
0 0.48500 0.55556 0.13000 0.02339
0 0.48000 0.53363 0.12000 0.02047
0 0.47500 0.51754 0.13000 0.02339
0 0.47000 0.49708 0.12000 0.01754
0 0.46500 0.48099 0.11000 0.02047
0 0.64000 0.77924 0.12000 0.02047
0 0.64000 0.75877 0.14000 0.02047
0 0.64000 0.73977 0.12000 0.01754
0 0.62500 0.72222 0.11000 0.01754
0 0.62500 0.70614 0.11000 0.02047
0 0.62500 0.68860 0.11000 0.02047
0 0.61500 0.66959 0.11000 0.02339
0 0.61500 0.64620 0.11000 0.02339
0 0.61000 0.62573 0.10000 0.01754
0 0.60500 0.60672 0.11000 0.02047
0 0.60000 0.58626 0.10000 0.02047
0 0.59000 0.56871 0.10000 0.01462
0 0.60000 0.55409 0.10000 0.02047
0 0.59000 0.53509 0.10000 0.01754
0 0.58000 0.51608 0.10000 0.02047
0 0.57500 0.49561 0.11000 0.02047
0 0.56500 0.47661 0.13000 0.02339
0 0.40500 0.77047 0.09000 0.02047
0 0.39000 0.75146 0.12000 0.01754
0 0.38500 0.73538 0.11000 0.02632
0 0.40000 0.71491 0.10000 0.02047
0 0.38500 0.69591 0.11000 0.01754
0 0.38500 0.67836 0.11000 0.02339
0 0.38500 0.65789 0.11000 0.01754
0 0.39500 0.64035 0.11000 0.01754
0 0.38500 0.62427 0.11000 0.02047
0 0.37500 0.60526 0.11000 0.01754
0 0.38000 0.58772 0.12000 0.01754
0 0.37000 0.57017 0.12000 0.02339
0 0.37500 0.54971 0.11000 0.02339
0 0.37000 0.52924 0.12000 0.02339
0 0.35500 0.51023 0.11000 0.02047
0 0.35500 0.49269 0.11000 0.02047
0 0.36000 0.47515 0.10000 0.02047
0 0.72000 0.22515 0.06000 0.01754
0 0.66000 0.21930 0.08000 0.01170
0 0.60000 0.22368 0.10000 0.01462
0 0.67500 0.22807 0.07000 0.01170
0 0.12000 0.45906 0.06000 0.02339
0 0.11000 0.43860 0.06000 0.02339
0 0.11500 0.41959 0.05000 0.02047
0 0.11500 0.40205 0.05000 0.02047
0 0.12000 0.38450 0.06000 0.02047
0 0.13000 0.36404 0.04000 0.02047
0 0.14000 0.35234 0.04000 0.01462
0 0.17000 0.28070 0.04000 0.01754
0 0.16000 0.29678 0.06000 0.01462
0 0.15000 0.31140 0.06000 0.02047
0 0.13500 0.33333 0.07000 0.02339
0 0.17000 0.45614 0.08000 0.01754
0 0.17000 0.43860 0.10000 0.01754
0 0.17500 0.42105 0.09000 0.01754
0 0.18000 0.40205 0.10000 0.02047
0 0.18000 0.38743 0.10000 0.02047
0 0.18000 0.36988 0.10000 0.02047
0 0.19500 0.34942 0.09000 0.02047
0 0.20500 0.33187 0.09000 0.02632
0 0.20500 0.30848 0.09000 0.02047
0 0.22000 0.28801 0.08000 0.02047
0 0.22000 0.26901 0.08000 0.01754
0 0.26500 0.46053 0.11000 0.02632
0 0.26500 0.44006 0.11000 0.02047
0 0.27000 0.42690 0.10000 0.01754
0 0.27000 0.40936 0.12000 0.02339
0 0.27000 0.38889 0.12000 0.01754
0 0.27500 0.37281 0.11000 0.02047
0 0.28000 0.35526 0.12000 0.02047
0 0.27500 0.33479 0.11000 0.02047
0 0.28500 0.31725 0.11000 0.02047
0 0.28500 0.29678 0.11000 0.02632
0 0.29000 0.27778 0.10000 0.01754
0 0.30000 0.25877 0.10000 0.02047
0 0.85500 0.45175 0.07000 0.02047
0 0.85000 0.43421 0.08000 0.01462
0 0.85000 0.42105 0.08000 0.01754
0 0.85000 0.40351 0.10000 0.01754
0 0.84500 0.38743 0.09000 0.02047
0 0.84000 0.36696 0.08000 0.02632
0 0.82500 0.34942 0.09000 0.02632
0 0.83000 0.33333 0.06000 0.02339
0 0.81500 0.31287 0.05000 0.02339
0 0.81000 0.29386 0.04000 0.02047
0 0.78000 0.45468 0.10000 0.02047
0 0.77500 0.43860 0.09000 0.01754
0 0.77000 0.41959 0.10000 0.02632
0 0.76500 0.39620 0.11000 0.02047
0 0.76500 0.37866 0.09000 0.02047
0 0.76500 0.35819 0.09000 0.02632
0 0.76000 0.33333 0.10000 0.02924
0 0.75500 0.31140 0.09000 0.02632
0 0.74500 0.29094 0.09000 0.02047
0 0.74000 0.24415 0.06000 0.02047
0 0.76500 0.26462 0.05000 0.02047
0 0.67000 0.45468 0.12000 0.02632
0 0.68500 0.43567 0.11000 0.02339
0 0.68000 0.41521 0.10000 0.02339
0 0.67500 0.39620 0.11000 0.02047
0 0.67500 0.37866 0.09000 0.02047
0 0.68000 0.35819 0.10000 0.02632
0 0.67000 0.33333 0.12000 0.02339
0 0.67000 0.31140 0.12000 0.02632
0 0.66500 0.28947 0.11000 0.02339
0 0.70000 0.26170 0.10000 0.02632
0 0.63500 0.26901 0.11000 0.02339
0 0.57000 0.45468 0.10000 0.02632
0 0.57500 0.43275 0.11000 0.02339
0 0.58500 0.41228 0.11000 0.02339
0 0.57500 0.39035 0.13000 0.02047
0 0.59000 0.37281 0.12000 0.02047
0 0.59000 0.35673 0.12000 0.01754
0 0.57500 0.33918 0.13000 0.02339
0 0.58000 0.32017 0.10000 0.02047
0 0.57000 0.30117 0.12000 0.02339
0 0.55000 0.28070 0.12000 0.02339
0 0.62500 0.25146 0.09000 0.01754
0 0.68000 0.24123 0.08000 0.02047
0 0.61000 0.23538 0.08000 0.02047
0 0.47000 0.46345 0.12000 0.02047
0 0.46500 0.44883 0.13000 0.02047
0 0.46500 0.43129 0.13000 0.02632
0 0.47000 0.41228 0.12000 0.02339
0 0.46500 0.39328 0.11000 0.02047
0 0.47500 0.35526 0.11000 0.02047
0 0.47000 0.37573 0.12000 0.02047
0 0.36500 0.45614 0.11000 0.01754
0 0.36000 0.43860 0.10000 0.01754
0 0.36500 0.42251 0.11000 0.02047
0 0.37000 0.40351 0.10000 0.01754
0 0.36500 0.38450 0.11000 0.02047
0 0.38000 0.36696 0.10000 0.02047
0 0.38000 0.35234 0.10000 0.01462
0 0.38500 0.33187 0.11000 0.02632
0 0.37000 0.31140 0.08000 0.02047
0 0.39500 0.29240 0.09000 0.01754
0 0.38500 0.27339 0.09000 0.02047
0 0.38000 0.25439 0.10000 0.01754
0 0.50000 0.31871 0.06000 0.01754
0 0.50000 0.33626 0.06000 0.01754
0 0.49500 0.30994 0.03000 0.01170
0 0.48000 0.29532 0.08000 0.01754
0 0.47000 0.27485 0.08000 0.01754
0 0.47000 0.25731 0.08000 0.01754
0 0.55000 0.26023 0.08000 0.01754
0 0.53000 0.24561 0.08000 0.01754
0 0.46000 0.23977 0.08000 0.01754
