0 0.60306 0.85622 0.03753 0.01906
0 0.60162 0.83629 0.03118 0.02079
0 0.59469 0.82135 0.02887 0.01602
0 0.57968 0.84236 0.00924 0.01386
0 0.56813 0.82590 0.02656 0.01559
0 0.60479 0.77999 0.01559 0.01386
0 0.60335 0.76635 0.02194 0.01602
0 0.61923 0.75141 0.00982 0.01039
0 0.44515 0.78995 0.00808 0.01126
0 0.44284 0.77999 0.01155 0.01213
0 0.44082 0.76787 0.01212 0.01299
0 0.43736 0.75595 0.01328 0.01083
0 0.43389 0.74556 0.01328 0.01083
0 0.43014 0.73452 0.01270 0.01299
0 0.42898 0.72347 0.01039 0.00823
0 0.42523 0.71243 0.01328 0.01386
0 0.45901 0.79861 0.02309 0.01039
0 0.45583 0.78974 0.02136 0.01429
0 0.45179 0.77653 0.02252 0.01646
0 0.44804 0.76353 0.02309 0.01213
0 0.44602 0.75097 0.02136 0.01386
0 0.44399 0.74166 0.01963 0.00996
0 0.44024 0.73235 0.02021 0.01126
0 0.43764 0.72066 0.01963 0.01472
0 0.43418 0.70875 0.01732 0.00996
0 0.45496 0.71026 0.03002 0.01732
0 0.45843 0.72456 0.02656 0.01473
0 0.46420 0.73560 0.02656 0.01689
0 0.46709 0.75076 0.02771 0.01602
0 0.46969 0.76418 0.02829 0.01516
0 0.47373 0.77891 0.02829 0.01602
0 0.47979 0.79039 0.02771 0.01386
0 0.48297 0.80208 0.03406 0.01299
0 0.52223 0.81312 0.01905 0.00736
0 0.51963 0.80489 0.02425 0.01083
0 0.51270 0.79147 0.03349 0.02122
0 0.50606 0.77544 0.03753 0.01862
0 0.50058 0.76224 0.03349 0.01819
0 0.49682 0.74859 0.03291 0.01689
0 0.48990 0.73690 0.03637 0.01689
0 0.49076 0.72456 0.03233 0.01213
0 0.48643 0.71286 0.03753 0.01559
0 0.55369 0.81096 0.03580 0.01343
0 0.55254 0.79732 0.04042 0.01646
0 0.54879 0.78454 0.03753 0.01602
0 0.54273 0.77328 0.03811 0.02122
0 0.53666 0.75812 0.03522 0.01862
0 0.53118 0.74426 0.03580 0.02036
0 0.52656 0.72889 0.03349 0.01992
0 0.52194 0.71568 0.03233 0.01429
0 0.60075 0.75639 0.02714 0.01689
0 0.59093 0.73084 0.02483 0.01169
0 0.59527 0.74145 0.02656 0.01732
0 0.59065 0.80489 0.02771 0.02209
0 0.58458 0.78887 0.02945 0.01949
0 0.57996 0.77220 0.02829 0.02079
0 0.57304 0.75530 0.03406 0.01992
0 0.56640 0.74296 0.03233 0.01343
0 0.56005 0.73084 0.03464 0.01689
0 0.55572 0.71741 0.03753 0.01689
0 0.58776 0.71741 0.02771 0.01689
0 0.61778 0.73863 0.01732 0.01602
0 0.61143 0.72694 0.01848 0.01083
0 0.60855 0.69446 0.00924 0.00823
0 0.60652 0.68320 0.00751 0.01169
0 0.61028 0.71525 0.01848 0.01256
0 0.60450 0.70312 0.02309 0.01516
0 0.60104 0.69034 0.01617 0.01213
0 0.60219 0.67345 0.00808 0.01039
0 0.59584 0.67995 0.01963 0.01386
0 0.59873 0.66003 0.00693 0.00866
0 0.59180 0.66739 0.02194 0.01386
0 0.59065 0.64768 0.01501 0.00909
0 0.58776 0.65526 0.02194 0.01386
0 0.58343 0.70572 0.02367 0.01343
0 0.58025 0.69294 0.02887 0.01819
0 0.57563 0.67865 0.02771 0.01646
0 0.57333 0.66479 0.02540 0.01646
0 0.56813 0.65136 0.02309 0.01299
0 0.55543 0.70290 0.03464 0.01646
0 0.55023 0.69099 0.03233 0.01602
0 0.54734 0.67843 0.03118 0.01516
0 0.54446 0.65548 0.02771 0.01169
0 0.54677 0.66501 0.03464 0.01602
0 0.42292 0.69987 0.01328 0.01213
0 0.42927 0.69684 0.01674 0.01386
0 0.42783 0.68255 0.01732 0.01386
0 0.41830 0.68926 0.00982 0.01169
0 0.41715 0.67713 0.00982 0.00996
0 0.41426 0.66544 0.01097 0.01083
0 0.42523 0.67064 0.01559 0.01256
0 0.45266 0.69640 0.03118 0.01646
0 0.45121 0.68320 0.03406 0.01862
0 0.44775 0.67129 0.03291 0.01472
0 0.48470 0.70030 0.03060 0.01559
0 0.48383 0.68731 0.03464 0.01992
0 0.47950 0.67518 0.03291 0.01819
0 0.47633 0.66241 0.03118 0.01602
0 0.51848 0.70204 0.03464 0.01906
0 0.51559 0.68861 0.03580 0.01819
0 0.51415 0.67453 0.03753 0.01776
0 0.50981 0.66176 0.03926 0.01732
0 0.59007 0.63815 0.00808 0.01083
0 0.58083 0.62343 0.01501 0.00823
0 0.41311 0.65093 0.01212 0.01906
0 0.42321 0.65938 0.01732 0.01256
0 0.43274 0.64682 0.05947 0.04028
0 0.40502 0.61022 0.01212 0.00953
0 0.40993 0.62018 0.01617 0.01299
0 0.55601 0.55652 0.01963 0.01126
0 0.56005 0.56756 0.01848 0.01169
0 0.56438 0.57839 0.01790 0.01083
0 0.56899 0.58922 0.01790 0.01256
0 0.57217 0.60026 0.01732 0.01213
0 0.57563 0.61044 0.01617 0.01256
0 0.57708 0.62126 0.01328 0.01169
0 0.58170 0.63101 0.01674 0.01213
0 0.58372 0.64270 0.01732 0.01299
0 0.56438 0.63794 0.02714 0.01732
0 0.53897 0.64357 0.03522 0.01559
0 0.56149 0.62300 0.02483 0.01516
0 0.55803 0.61065 0.02483 0.01126
0 0.55572 0.59918 0.02367 0.01169
0 0.55225 0.58835 0.02252 0.01429
0 0.54619 0.57622 0.02540 0.01689
0 0.54330 0.56258 0.01963 0.01559
0 0.54157 0.63014 0.02540 0.01386
0 0.53695 0.61693 0.02771 0.01602
0 0.53175 0.60286 0.02656 0.01386
0 0.52656 0.58900 0.03118 0.01646
0 0.52165 0.57731 0.02598 0.01039
0 0.52107 0.56821 0.03060 0.01386
0 0.39867 0.58770 0.01097 0.00953
0 0.40300 0.59918 0.01732 0.01429
0 0.41368 0.59290 0.01443 0.01039
0 0.39607 0.57731 0.01039 0.01213
0 0.40387 0.56063 0.01559 0.01169
0 0.40733 0.56973 0.01790 0.01516
0 0.40733 0.58380 0.02021 0.01646
0 0.41426 0.60351 0.01674 0.01256
0 0.41570 0.61455 0.01617 0.01126
0 0.41715 0.62668 0.01790 0.01213
0 0.42177 0.63642 0.02136 0.01343
0 0.42581 0.64638 0.02136 0.01429
0 0.44861 0.64573 0.02887 0.01472
0 0.44602 0.63512 0.02945 0.01516
0 0.44284 0.62321 0.03349 0.01819
0 0.43620 0.61347 0.02714 0.01516
0 0.43418 0.60286 0.02887 0.01386
0 0.50722 0.64920 0.03060 0.01559
0 0.50837 0.63686 0.03291 0.01256
0 0.50577 0.62473 0.03464 0.01343
0 0.50404 0.61325 0.03580 0.01386
0 0.50087 0.60134 0.03406 0.01602
0 0.49596 0.59095 0.03464 0.01602
0 0.49278 0.57969 0.03060 0.01429
0 0.48788 0.56864 0.03118 0.01299
0 0.47546 0.64812 0.03176 0.01776
0 0.47460 0.63361 0.02887 0.01646
0 0.47084 0.62062 0.02483 0.01386
0 0.46767 0.60632 0.03002 0.01732
0 0.46420 0.59333 0.02887 0.01559
0 0.46247 0.58164 0.02887 0.01559
0 0.45641 0.57081 0.02829 0.01386
0 0.43447 0.58922 0.02945 0.01602
0 0.43043 0.57882 0.02829 0.01602
0 0.42754 0.56670 0.02829 0.01602
0 0.39145 0.55630 0.01155 0.01256
0 0.39001 0.54526 0.00751 0.01126
0 0.38914 0.53508 0.01039 0.00996
0 0.40040 0.55089 0.01212 0.01386
0 0.39867 0.53898 0.01328 0.01343
0 0.39579 0.52750 0.01559 0.01213
0 0.42436 0.55717 0.02887 0.01516
0 0.42004 0.54612 0.02945 0.01646
0 0.41772 0.53573 0.02945 0.01472
0 0.41397 0.52512 0.02656 0.01429
0 0.39319 0.51538 0.01617 0.01213
0 0.40993 0.51386 0.02771 0.01516
0 0.40849 0.50282 0.02367 0.01213
0 0.40473 0.49264 0.02887 0.01776
0 0.38366 0.50108 0.01328 0.01299
0 0.55889 0.54742 0.00808 0.01213
0 0.55485 0.53660 0.00808 0.01213
0 0.54850 0.52144 0.00693 0.00693
0 0.54157 0.51472 0.01386 0.01256
0 0.55139 0.54894 0.01617 0.01083
0 0.54879 0.53876 0.01674 0.01213
0 0.54532 0.52772 0.01443 0.01343
0 0.53955 0.51646 0.01674 0.01083
0 0.53493 0.50520 0.02021 0.01083
0 0.52973 0.49394 0.02021 0.01256
0 0.52367 0.48333 0.01617 0.01039
0 0.51501 0.47185 0.01617 0.00996
0 0.53724 0.55024 0.02021 0.01429
0 0.53175 0.53833 0.01848 0.01299
0 0.52858 0.52599 0.02136 0.01602
0 0.52078 0.51386 0.02425 0.01343
0 0.51530 0.50260 0.02367 0.01169
0 0.51039 0.49220 0.02540 0.01083
0 0.50520 0.48181 0.02771 0.01429
0 0.51501 0.55652 0.03233 0.01559
0 0.51126 0.54461 0.03176 0.01256
0 0.50664 0.53313 0.03176 0.01386
0 0.50231 0.52014 0.03002 0.01646
0 0.49538 0.50910 0.02771 0.01689
0 0.48672 0.49718 0.02887 0.01819
0 0.48239 0.55825 0.03291 0.01646
0 0.47835 0.54634 0.03406 0.01429
0 0.47431 0.53573 0.03060 0.01299
0 0.47113 0.52447 0.03118 0.01646
0 0.46593 0.51299 0.02887 0.01429
0 0.46016 0.50282 0.02887 0.01299
0 0.48008 0.48289 0.03060 0.02165
0 0.45641 0.49199 0.02945 0.01299
0 0.45208 0.48268 0.03464 0.01602
0 0.45266 0.55868 0.02771 0.01559
0 0.44948 0.54807 0.02945 0.01602
0 0.44399 0.53703 0.02656 0.01559
0 0.43938 0.52642 0.02771 0.01516
0 0.43562 0.51516 0.02829 0.01516
0 0.43187 0.50411 0.02771 0.01473
0 0.42985 0.49329 0.02714 0.01299
0 0.42494 0.48224 0.02887 0.01602
0 0.49856 0.47185 0.02252 0.01256
0 0.50837 0.46016 0.01559 0.01256
0 0.49221 0.46102 0.02598 0.01343
0 0.47373 0.46990 0.02829 0.01646
0 0.46882 0.45712 0.02425 0.01343
0 0.46363 0.44543 0.02771 0.01689
0 0.45006 0.47055 0.02829 0.01602
0 0.44457 0.45886 0.03118 0.01862
0 0.43880 0.44630 0.03002 0.01602
0 0.40243 0.47878 0.02425 0.01689
0 0.39925 0.46622 0.02483 0.01689
0 0.42234 0.46990 0.02714 0.01559
0 0.41830 0.45821 0.02367 0.01559
0 0.41542 0.44586 0.02367 0.01429
0 0.43187 0.43504 0.02771 0.01602
0 0.45814 0.43222 0.02598 0.01906
0 0.44746 0.42378 0.02194 0.01516
0 0.45872 0.42009 0.01559 0.00953
0 0.42667 0.42529 0.02309 0.01386
0 0.43649 0.41447 0.02540 0.01472
0 0.12413 0.91771 0.01039 0.00780
0 0.13713 0.92053 0.01097 0.01516
0 0.13251 0.90580 0.01790 0.02036
0 0.11894 0.90537 0.01732 0.02036
0 0.10681 0.90255 0.01155 0.01819
0 0.12991 0.88566 0.01732 0.02425
0 0.11634 0.88437 0.01790 0.02599
0 0.10335 0.88112 0.01848 0.02728
0 0.09065 0.86877 0.01155 0.00606
0 0.07592 0.86856 0.01790 0.00823
0 0.05889 0.87029 0.01963 0.01343
0 0.04936 0.86791 0.01097 0.01126
0 0.02800 0.84539 0.01559 0.01386
0 0.04301 0.84755 0.01905 0.02165
0 0.05600 0.85167 0.02425 0.02902
0 0.07102 0.85210 0.02540 0.02728
0 0.08487 0.85340 0.02656 0.02815
0 0.09960 0.85513 0.02714 0.02902
0 0.11230 0.85838 0.02021 0.02772
0 0.12529 0.85990 0.01848 0.02902
0 0.05687 0.80987 0.01674 0.01472
0 0.08920 0.79645 0.02252 0.01039
0 0.07275 0.80901 0.02309 0.01646
0 0.03753 0.82785 0.01848 0.02122
0 0.10277 0.79710 0.01963 0.00996
0 0.13770 0.79796 0.00866 0.00563
0 0.15098 0.79796 0.02136 0.00823
0 0.16311 0.80208 0.01559 0.01819
0 0.12009 0.79623 0.02771 0.01169
0 0.08805 0.80857 0.02136 0.01732
0 0.10017 0.80923 0.01905 0.01689
0 0.11576 0.80836 0.02714 0.01862
0 0.12991 0.81117 0.02540 0.02165
0 0.08025 0.82741 0.02194 0.02555
0 0.09324 0.82850 0.02136 0.02599
0 0.10739 0.82893 0.02194 0.02685
0 0.12182 0.83088 0.02425 0.02642
0 0.14694 0.81269 0.02829 0.02295
0 0.17696 0.79905 0.02598 0.01472
0 0.20930 0.79342 0.01559 0.00606
0 0.19457 0.79840 0.02656 0.01256
0 0.17263 0.81356 0.02771 0.02122
0 0.13510 0.83586 0.02079 0.02772
0 0.22719 0.79363 0.02367 0.00650
0 0.21478 0.80121 0.02309 0.01646
0 0.24452 0.79602 0.01559 0.00433
0 0.23152 0.80143 0.02425 0.01343
0 0.24971 0.80338 0.02945 0.01559
0 0.26674 0.80489 0.02540 0.01602
0 0.28580 0.80533 0.02540 0.01776
0 0.30658 0.80533 0.02425 0.01516
0 0.20266 0.81485 0.02540 0.02209
0 0.22055 0.81485 0.02771 0.02122
0 0.23557 0.81789 0.02656 0.02209
0 0.25289 0.82048 0.02540 0.02295
0 0.26905 0.82287 0.02771 0.02599
0 0.28984 0.82092 0.02309 0.02555
0 0.14810 0.83716 0.02021 0.02599
0 0.16484 0.83478 0.02367 0.02728
0 0.18129 0.83629 0.02425 0.02945
0 0.20035 0.83694 0.02425 0.02988
0 0.21449 0.83868 0.02483 0.02815
0 0.23297 0.83976 0.02598 0.02858
0 0.25433 0.84149 0.02483 0.02512
0 0.27714 0.84149 0.02887 0.02079
0 0.15416 0.92919 0.01617 0.00650
0 0.14954 0.92053 0.01732 0.01169
0 0.15473 0.90883 0.02771 0.02382
0 0.16686 0.92183 0.01848 0.01862
0 0.18476 0.93157 0.02309 0.01472
0 0.20352 0.93330 0.02367 0.01559
0 0.21651 0.93330 0.01848 0.01213
0 0.23412 0.93504 0.02252 0.01559
0 0.25144 0.93634 0.02136 0.01646
0 0.18331 0.91317 0.02021 0.02642
0 0.19746 0.91555 0.01732 0.02425
0 0.21420 0.91555 0.02309 0.02858
0 0.23297 0.91706 0.02367 0.02728
0 0.14579 0.88783 0.02021 0.02425
0 0.16282 0.88935 0.02079 0.02642
0 0.18043 0.88956 0.01559 0.02599
0 0.19631 0.89151 0.02309 0.02815
0 0.21536 0.89173 0.02079 0.02599
0 0.23326 0.89324 0.02194 0.02728
0 0.13943 0.86163 0.02252 0.02988
0 0.15964 0.86271 0.02598 0.02945
0 0.17350 0.86444 0.02021 0.02772
0 0.19111 0.86509 0.02771 0.02988
0 0.20554 0.86596 0.02079 0.02555
0 0.22546 0.86682 0.02714 0.03075
0 0.24394 0.86682 0.02367 0.03075
0 0.26155 0.86704 0.02425 0.03205
0 0.25260 0.89433 0.02136 0.02512
0 0.25202 0.91901 0.02252 0.02685
0 0.27050 0.93937 0.01790 0.01646
0 0.26905 0.92053 0.02194 0.02642
0 0.26905 0.89498 0.02309 0.03248
0 0.28204 0.86423 0.02483 0.03335
0 0.28609 0.89346 0.02021 0.03118
0 0.28522 0.93937 0.02079 0.01559
0 0.30225 0.94002 0.01905 0.01516
0 0.28580 0.92096 0.02194 0.02555
0 0.32304 0.94348 0.02483 0.01689
0 0.45323 0.96037 0.01039 0.01343
0 0.43216 0.96189 0.01097 0.00606
0 0.34411 0.94651 0.02540 0.01602
0 0.36201 0.94868 0.01732 0.01429
0 0.38048 0.95041 0.02425 0.01776
0 0.39896 0.95236 0.02194 0.01646
0 0.41917 0.95453 0.02425 0.01906
0 0.44342 0.95648 0.02656 0.01776
0 0.46824 0.96081 0.02771 0.01343
0 0.51963 0.96211 0.02194 0.01776
0 0.50144 0.95756 0.04099 0.02599
0 0.47719 0.94586 0.03753 0.02599
0 0.44746 0.94002 0.03580 0.03162
0 0.30456 0.92291 0.02367 0.02858
0 0.32361 0.92443 0.02252 0.03075
0 0.34180 0.92551 0.02309 0.03032
0 0.36085 0.92832 0.02540 0.03248
0 0.38164 0.92919 0.02540 0.03421
0 0.40271 0.93309 0.02367 0.02815
0 0.42234 0.93417 0.02945 0.03118
0 0.30254 0.89541 0.02309 0.03162
0 0.32361 0.89476 0.02483 0.03551
0 0.34296 0.89714 0.02540 0.03595
0 0.32679 0.80576 0.02771 0.01516
0 0.30601 0.82070 0.02194 0.02079
0 0.30139 0.86401 0.02656 0.03291
0 0.30283 0.83889 0.02483 0.02079
0 0.34613 0.80619 0.02136 0.01169
0 0.36490 0.80533 0.02425 0.01083
0 0.38366 0.80663 0.02021 0.01083
0 0.32621 0.81984 0.02656 0.02425
0 0.34758 0.81875 0.02771 0.02209
0 0.36778 0.81832 0.02656 0.02122
0 0.40560 0.80641 0.02829 0.01213
0 0.39059 0.81897 0.02829 0.02079
0 0.42552 0.80922 0.02656 0.01516
0 0.40993 0.82157 0.02771 0.02079
0 0.44544 0.81096 0.03176 0.01602
0 0.43072 0.82503 0.02887 0.02165
0 0.46911 0.80706 0.01559 0.00650
0 0.48816 0.80966 0.02598 0.00563
0 0.46247 0.81420 0.02540 0.01646
0 0.45266 0.82850 0.03002 0.02079
0 0.50779 0.81291 0.02483 0.00780
0 0.48355 0.81919 0.03176 0.01862
0 0.54042 0.82178 0.03349 0.01256
0 0.51068 0.82547 0.03522 0.02079
0 0.47488 0.83369 0.03176 0.02252
0 0.32506 0.83932 0.02540 0.02685
0 0.34584 0.84041 0.02656 0.03075
0 0.36692 0.84106 0.02598 0.03205
0 0.38713 0.84192 0.02714 0.03118
0 0.40618 0.84474 0.02714 0.02988
0 0.42725 0.84669 0.03002 0.02945
0 0.44775 0.85145 0.03176 0.03032
0 0.32044 0.86531 0.02887 0.03032
0 0.33776 0.86682 0.02425 0.03075
0 0.35970 0.86791 0.03002 0.03032
0 0.38048 0.87007 0.02771 0.02772
0 0.39896 0.87354 0.02425 0.02858
0 0.42004 0.87441 0.02367 0.02945
0 0.43822 0.87722 0.03233 0.03075
0 0.47373 0.85253 0.03291 0.02382
0 0.36201 0.89758 0.02540 0.03508
0 0.38048 0.90039 0.02656 0.03378
0 0.40214 0.90407 0.02714 0.03508
0 0.42292 0.90450 0.02483 0.03595
0 0.44948 0.90862 0.03406 0.03551
0 0.47142 0.91685 0.02714 0.03465
0 0.46738 0.87917 0.03406 0.03378
0 0.49856 0.83802 0.03522 0.02079
0 0.56236 0.84127 0.03349 0.03248
0 0.53493 0.83759 0.04099 0.03032
0 0.52887 0.85210 0.03811 0.02209
0 0.49134 0.88653 0.04273 0.03118
0 0.50029 0.86185 0.04330 0.03205
0 0.53580 0.87462 0.03926 0.02902
0 0.50058 0.91100 0.04157 0.02902
