0 0.88932 0.03785 0.12240 0.07569
0 0.97031 0.05764 0.05937 0.11528
0 0.00495 0.06528 0.00990 0.13056
0 0.05156 0.08611 0.09271 0.17222
0 0.13802 0.10139 0.09896 0.20278
0 0.23906 0.10625 0.10938 0.21250
0 0.33594 0.12292 0.11354 0.24583
0 0.44089 0.12396 0.11615 0.24792
0 0.59557 0.03646 0.03906 0.07292
0 0.54297 0.12361 0.11406 0.24722
0 0.78568 0.02431 0.08594 0.04861
0 0.90052 0.06042 0.07083 0.05139
0 0.95703 0.21354 0.08594 0.27708
0 0.86797 0.17083 0.12656 0.28194
0 0.75547 0.14722 0.12865 0.28056
0 0.65964 0.12778 0.14219 0.25556
0 0.93750 0.42222 0.12500 0.24028
0 0.82891 0.40521 0.15260 0.26458
0 0.74375 0.36771 0.12187 0.25903
0 0.66979 0.36701 0.16250 0.28819
0 0.57578 0.35764 0.16094 0.28750
0 0.46354 0.35139 0.17396 0.30278
0 0.37656 0.36528 0.11562 0.25278
0 0.32057 0.33715 0.13281 0.28681
0 0.22474 0.31250 0.13281 0.31111
0 0.03516 0.26701 0.07031 0.30069
0 0.10885 0.29410 0.11667 0.28958
0 0.01615 0.99271 0.03229 0.01458
0 0.43047 0.99167 0.02031 0.01667
0 0.34297 0.99063 0.03281 0.01875
0 0.26667 0.98125 0.07292 0.03750
0 0.17370 0.98542 0.08490 0.02917
0 0.07969 0.98090 0.10208 0.03819
0 0.84010 0.96562 0.12083 0.06875
0 0.94219 0.93958 0.11562 0.08056
0 0.94609 0.80035 0.10781 0.24375
0 0.87057 0.82812 0.14427 0.25486
0 0.75937 0.84931 0.13438 0.30139
0 0.66380 0.85278 0.12448 0.29444
0 0.57474 0.84340 0.12865 0.31319
0 0.49141 0.84896 0.11615 0.30208
0 0.40234 0.83924 0.11302 0.32153
0 0.32552 0.82257 0.11146 0.35486
0 0.24297 0.82431 0.12135 0.33472
0 0.15521 0.83264 0.09479 0.30833
0 0.02031 0.82535 0.04062 0.32014
0 0.07604 0.81910 0.10417 0.33819
0 0.92734 0.62569 0.14531 0.21111
0 0.82187 0.63403 0.11667 0.20833
0 0.71042 0.60625 0.12813 0.24167
0 0.59974 0.60764 0.13698 0.25556
0 0.48490 0.59340 0.11250 0.24236
0 0.38203 0.58681 0.11406 0.23750
0 0.29193 0.56250 0.14323 0.24028
0 0.17839 0.55382 0.15052 0.28125
0 0.00807 0.49722 0.01615 0.17361
0 0.06432 0.54167 0.12865 0.28472
