0 0.73643 0.56778 0.01443 0.01126
0 0.72864 0.52772 0.01617 0.01083
0 0.74567 0.55630 0.02021 0.01429
0 0.87442 0.36596 0.03291 0.01992
0 0.88251 0.39736 0.02252 0.02036
0 0.64232 0.51971 0.02714 0.01126
0 0.65560 0.51407 0.02367 0.00866
0 0.66975 0.50931 0.02194 0.00953
0 0.68303 0.50325 0.02194 0.00953
0 0.69919 0.49762 0.02194 0.01039
0 0.71651 0.49112 0.01963 0.01039
0 0.73152 0.48463 0.01617 0.00953
0 0.75087 0.47575 0.02483 0.01602
0 0.76848 0.46903 0.01848 0.01213
0 0.78724 0.46319 0.02598 0.01429
0 0.80687 0.45279 0.02829 0.01602
0 0.84469 0.43417 0.01732 0.00909
0 0.82535 0.44175 0.02367 0.01386
0 0.85508 0.42183 0.03002 0.01992
0 0.85854 0.40775 0.02771 0.02036
0 0.83054 0.42746 0.03176 0.01819
0 0.80514 0.43720 0.03176 0.01862
0 0.78233 0.44673 0.03580 0.01949
0 0.76443 0.45561 0.03002 0.01906
0 0.74336 0.46362 0.03176 0.01949
0 0.72719 0.47077 0.02945 0.02079
0 0.71103 0.47856 0.02829 0.01906
0 0.69544 0.48484 0.02829 0.02036
0 0.67667 0.49112 0.02771 0.01819
0 0.65907 0.49632 0.02945 0.01992
0 0.67090 0.47012 0.03349 0.02728
0 0.69053 0.46254 0.03349 0.02512
0 0.71045 0.45604 0.03291 0.02599
0 0.72922 0.44868 0.03118 0.02339
0 0.74740 0.44023 0.03176 0.02555
0 0.76732 0.43266 0.03349 0.02599
0 0.78897 0.42551 0.03291 0.02295
0 0.81264 0.41728 0.03291 0.02209
0 0.83372 0.41035 0.02656 0.02122
0 0.75462 0.38480 0.22286 0.04721
0 0.66946 0.35838 0.02021 0.00909
0 0.69053 0.35102 0.01963 0.01083
0 0.70987 0.34495 0.02252 0.00996
0 0.73210 0.33976 0.02425 0.01343
0 0.75462 0.33586 0.02425 0.00996
0 0.78175 0.33066 0.03002 0.00823
0 0.80976 0.32958 0.02714 0.00780
0 0.82188 0.33564 0.02598 0.00780
0 0.79706 0.33673 0.03176 0.01169
0 0.76934 0.34084 0.03406 0.01559
0 0.74509 0.34647 0.02483 0.01472
0 0.72431 0.35427 0.02714 0.01819
0 0.70381 0.35968 0.03118 0.02122
0 0.68043 0.36444 0.02598 0.01949
0 0.66166 0.37181 0.02540 0.01949
0 0.82246 0.34539 0.02714 0.01602
0 0.80052 0.35080 0.03406 0.02079
0 0.77281 0.35643 0.03522 0.02252
0 0.74567 0.36314 0.03406 0.02209
0 0.71709 0.37310 0.03926 0.02295
0 0.68909 0.38047 0.02829 0.02295
0 0.67004 0.38761 0.02829 0.02425
0 0.84007 0.35448 0.04157 0.02295
0 0.81669 0.36401 0.03406 0.02122
0 0.79590 0.37484 0.03522 0.02815
0 0.77194 0.38090 0.03349 0.02902
0 0.75058 0.38631 0.03349 0.02685
0 0.73037 0.39173 0.03118 0.02642
0 0.71045 0.39757 0.03176 0.02772
0 0.69197 0.40624 0.03176 0.02772
0 0.67032 0.41273 0.03580 0.02685
0 0.87471 0.38631 0.02540 0.02512
0 0.85219 0.37332 0.03464 0.02599
0 0.82766 0.38220 0.03176 0.02642
0 0.81207 0.39584 0.03291 0.02339
0 0.78666 0.40126 0.03060 0.02642
0 0.76559 0.40840 0.03118 0.02685
0 0.74249 0.41447 0.03118 0.02945
0 0.72200 0.42356 0.03291 0.02945
0 0.70064 0.43071 0.03060 0.02642
0 0.68274 0.43785 0.03060 0.02772
0 0.66570 0.44543 0.03002 0.02642
0 0.54301 0.56107 0.01559 0.00909
0 0.55774 0.55457 0.01848 0.00996
0 0.57131 0.54851 0.02021 0.01083
0 0.58083 0.54461 0.01155 0.00476
0 0.59122 0.54136 0.01386 0.00953
0 0.59931 0.53768 0.01732 0.00736
0 0.61114 0.53291 0.02252 0.00909
0 0.62615 0.52685 0.02136 0.01169
0 0.64636 0.50260 0.02714 0.02122
0 0.62933 0.50801 0.02540 0.01992
0 0.61663 0.51321 0.02425 0.02165
0 0.65214 0.47531 0.02829 0.02295
0 0.64030 0.48008 0.02887 0.02555
0 0.62356 0.48657 0.02887 0.02295
0 0.60624 0.49134 0.02771 0.02295
0 0.64261 0.45085 0.03349 0.02945
0 0.61865 0.46275 0.03637 0.02988
0 0.59469 0.47077 0.03233 0.02512
0 0.63539 0.37224 0.02252 0.00909
0 0.61490 0.37982 0.01732 0.00953
0 0.59844 0.38783 0.02136 0.01429
0 0.57650 0.39671 0.02136 0.01126
0 0.55601 0.40450 0.02079 0.01039
0 0.64319 0.37852 0.02309 0.01559
0 0.62413 0.38653 0.02540 0.02122
0 0.60421 0.39324 0.02252 0.01819
0 0.58863 0.40191 0.02252 0.01559
0 0.57015 0.41013 0.02367 0.01819
0 0.65012 0.39346 0.02656 0.02555
0 0.63366 0.40147 0.02483 0.02512
0 0.61692 0.40710 0.02598 0.02512
0 0.60104 0.41360 0.02656 0.02425
0 0.58430 0.42291 0.02540 0.02642
0 0.56842 0.43136 0.02829 0.02772
0 0.65473 0.42053 0.03002 0.02772
0 0.63597 0.42551 0.02829 0.02642
0 0.61894 0.43330 0.02771 0.03075
0 0.60393 0.43893 0.03002 0.02815
0 0.58747 0.44825 0.03060 0.02685
0 0.56813 0.45951 0.03118 0.02858
0 0.55369 0.43958 0.02425 0.02599
0 0.54186 0.44521 0.02598 0.02858
0 0.51790 0.41945 0.02079 0.01169
0 0.53666 0.41208 0.01905 0.01083
0 0.55225 0.41706 0.02252 0.01992
0 0.53522 0.42421 0.01617 0.02122
0 0.51992 0.42789 0.01790 0.01906
0 0.50000 0.42529 0.01732 0.00953
0 0.48585 0.43309 0.01559 0.01039
0 0.47258 0.43764 0.01674 0.01083
0 0.48961 0.44110 0.02079 0.01862
0 0.50462 0.43504 0.02425 0.02209
0 0.52598 0.44695 0.02540 0.02512
0 0.51155 0.45453 0.02540 0.02295
0 0.60248 0.51862 0.03176 0.02469
0 0.58632 0.52620 0.02945 0.02079
0 0.57477 0.53465 0.02945 0.01689
0 0.55860 0.54071 0.02829 0.01776
0 0.54850 0.54915 0.02540 0.01472
0 0.42061 0.61044 0.02021 0.00736
0 0.48210 0.57622 0.02309 0.01516
0 0.49249 0.57103 0.02540 0.01343
0 0.50722 0.56605 0.02598 0.01559
0 0.52050 0.56085 0.02483 0.01472
0 0.53580 0.55435 0.02540 0.01559
0 0.53984 0.46925 0.03464 0.02469
0 0.56726 0.48181 0.02945 0.02469
0 0.59555 0.49502 0.02483 0.02425
0 0.58487 0.50216 0.03002 0.02642
0 0.57131 0.50910 0.03060 0.02902
0 0.55572 0.51862 0.03176 0.02642
0 0.54186 0.52599 0.03176 0.02382
0 0.52916 0.53378 0.03291 0.02555
0 0.48585 0.55327 0.03291 0.02209
0 0.51415 0.54179 0.03060 0.02512
0 0.49971 0.54764 0.02829 0.02209
0 0.49423 0.46124 0.02540 0.02599
0 0.52078 0.47813 0.03233 0.02599
0 0.54677 0.49307 0.03349 0.02642
0 0.53060 0.50216 0.03118 0.02642
0 0.50116 0.48506 0.03002 0.02512
0 0.51299 0.50996 0.03060 0.02642
0 0.50029 0.51732 0.03176 0.02642
0 0.48614 0.52490 0.03002 0.02772
0 0.48614 0.49264 0.03118 0.02642
0 0.47864 0.46817 0.02425 0.02425
0 0.46276 0.47510 0.02483 0.02599
0 0.47517 0.44846 0.01848 0.01949
0 0.45699 0.44500 0.02021 0.01169
0 0.45987 0.45431 0.01905 0.01906
0 0.44140 0.45063 0.01790 0.01256
0 0.42581 0.45669 0.01443 0.00823
0 0.41368 0.46232 0.01674 0.00996
0 0.40040 0.46860 0.01674 0.01126
0 0.38597 0.47596 0.01790 0.01299
0 0.44602 0.45994 0.01790 0.01992
0 0.43187 0.46622 0.02194 0.02209
0 0.41801 0.47185 0.02079 0.02036
0 0.40387 0.47943 0.02136 0.02079
0 0.39174 0.48549 0.02136 0.01906
0 0.45064 0.48116 0.02367 0.02339
0 0.47200 0.49978 0.02945 0.02512
0 0.47084 0.53097 0.03176 0.02685
0 0.47229 0.55912 0.02656 0.01906
0 0.45641 0.59485 0.01328 0.00650
0 0.44313 0.60048 0.01212 0.00563
0 0.42985 0.60546 0.01443 0.00520
0 0.45727 0.58662 0.02425 0.01083
0 0.46738 0.58142 0.01674 0.01169
0 0.44659 0.59268 0.02483 0.01169
0 0.43360 0.59809 0.01963 0.01039
0 0.46016 0.56561 0.02771 0.02079
0 0.44775 0.57233 0.02829 0.02209
0 0.43505 0.57860 0.02483 0.01819
0 0.42119 0.58662 0.02714 0.02122
0 0.45728 0.50520 0.03118 0.02555
0 0.43678 0.48701 0.02136 0.02382
0 0.42350 0.49199 0.02598 0.02512
0 0.44428 0.51234 0.03060 0.02858
0 0.45728 0.53790 0.03118 0.02425
0 0.44515 0.54418 0.03002 0.02642
0 0.43101 0.55045 0.03176 0.02599
0 0.42610 0.51927 0.03464 0.02945
0 0.40791 0.50108 0.02367 0.02339
0 0.39348 0.50736 0.02367 0.02642
0 0.42004 0.55825 0.03176 0.02685
0 0.41599 0.52837 0.02945 0.02685
0 0.40329 0.53335 0.02945 0.02555
0 0.40820 0.56626 0.03118 0.02469
0 0.39752 0.61412 0.02483 0.01126
0 0.40531 0.60784 0.02425 0.00996
0 0.41455 0.60091 0.02194 0.01169
0 0.40473 0.59160 0.02309 0.01559
0 0.39434 0.57211 0.03002 0.02685
0 0.37211 0.47813 0.01443 0.00693
0 0.33834 0.49134 0.00577 0.00390
0 0.32939 0.49545 0.00404 0.00433
0 0.37298 0.48224 0.01617 0.01343
0 0.36114 0.48874 0.01443 0.01256
0 0.34758 0.49199 0.01501 0.01386
0 0.33545 0.49718 0.01155 0.01126
0 0.32419 0.50238 0.01559 0.01213
0 0.37904 0.49285 0.01674 0.01819
0 0.36749 0.49892 0.01905 0.01906
0 0.35335 0.50520 0.01848 0.01949
0 0.34007 0.51039 0.01732 0.02122
0 0.38193 0.51494 0.02598 0.02425
0 0.37096 0.52144 0.02598 0.02339
0 0.35624 0.52728 0.02425 0.02469
0 0.34382 0.53291 0.02136 0.02382
0 0.39145 0.54071 0.02887 0.02642
0 0.37558 0.54872 0.02945 0.02858
0 0.36403 0.55479 0.02714 0.02599
0 0.34931 0.55868 0.02656 0.02512
0 0.33949 0.56540 0.03002 0.02555
0 0.38193 0.62625 0.00751 0.00346
0 0.37182 0.62928 0.01386 0.00780
0 0.36028 0.63339 0.01039 0.00650
0 0.34815 0.63945 0.01386 0.00650
0 0.33314 0.64573 0.01386 0.00606
0 0.31871 0.65028 0.01155 0.00650
0 0.39001 0.59896 0.02945 0.01559
0 0.37616 0.60611 0.02829 0.01602
0 0.38164 0.61996 0.01848 0.01169
0 0.37009 0.62538 0.01501 0.00866
0 0.35826 0.62949 0.01328 0.00823
0 0.34729 0.63512 0.01559 0.00736
0 0.33372 0.64032 0.01617 0.00736
0 0.32188 0.64443 0.01674 0.00866
0 0.30918 0.65266 0.01212 0.00866
0 0.29792 0.65808 0.01039 0.00563
0 0.28435 0.66263 0.01674 0.00780
0 0.31322 0.63512 0.02945 0.01516
0 0.34931 0.61845 0.03002 0.01559
0 0.36287 0.61304 0.03060 0.01776
0 0.33805 0.62386 0.02945 0.01689
0 0.32621 0.62798 0.03002 0.01819
0 0.38308 0.57817 0.02829 0.02685
0 0.36865 0.58099 0.02945 0.02728
0 0.35797 0.58922 0.03349 0.02469
0 0.34613 0.59528 0.03291 0.02382
0 0.33228 0.60242 0.03176 0.02339
0 0.31899 0.60676 0.03060 0.02425
0 0.30889 0.61304 0.02540 0.02036
0 0.31149 0.50866 0.01559 0.01429
0 0.32737 0.51646 0.01848 0.02036
0 0.32968 0.53919 0.02309 0.02512
0 0.32766 0.57298 0.02945 0.02858
0 0.31697 0.54547 0.02540 0.02555
0 0.31466 0.52144 0.01732 0.02165
0 0.29590 0.51429 0.01559 0.01429
0 0.28522 0.51992 0.01039 0.01169
0 0.27281 0.52360 0.01559 0.01646
0 0.25924 0.52902 0.01501 0.01689
0 0.30110 0.52750 0.01790 0.02165
0 0.28868 0.53421 0.02194 0.02295
0 0.27454 0.54006 0.01905 0.02252
0 0.26213 0.54418 0.01732 0.02209
0 0.30398 0.55175 0.02367 0.02512
0 0.29157 0.55847 0.02309 0.02555
0 0.27945 0.56388 0.02309 0.02599
0 0.31438 0.57947 0.02945 0.02772
0 0.26790 0.66760 0.01848 0.00736
0 0.20092 0.67843 0.01501 0.00563
0 0.21478 0.67843 0.01501 0.00736
0 0.22835 0.67605 0.01674 0.00606
0 0.24394 0.67172 0.02252 0.00693
0 0.25808 0.66674 0.01848 0.00823
0 0.27079 0.66198 0.01963 0.00909
0 0.30918 0.64768 0.00866 0.00563
0 0.29994 0.65180 0.01559 0.00953
0 0.28580 0.65764 0.01617 0.00823
0 0.30023 0.58467 0.02771 0.02512
0 0.26674 0.56886 0.02425 0.02642
0 0.29504 0.61715 0.03233 0.02772
0 0.28868 0.59073 0.02656 0.02599
0 0.27425 0.59636 0.02887 0.02512
0 0.28320 0.62365 0.03060 0.02339
0 0.29936 0.63989 0.02714 0.01429
0 0.28839 0.64508 0.02945 0.01689
0 0.27627 0.64898 0.03060 0.01776
0 0.22142 0.53551 0.01443 0.00736
0 0.24654 0.53313 0.01386 0.01732
0 0.25029 0.55002 0.01674 0.02252
0 0.25289 0.57362 0.02194 0.02642
0 0.26068 0.60091 0.02714 0.02902
0 0.24769 0.60654 0.03118 0.02902
0 0.27021 0.62646 0.03002 0.02295
0 0.26039 0.65483 0.03002 0.01646
0 0.25548 0.63296 0.03176 0.02642
0 0.24336 0.63794 0.02829 0.02252
0 0.20439 0.67237 0.02771 0.01169
0 0.21796 0.66695 0.03291 0.01646
0 0.23441 0.66436 0.02887 0.01386
0 0.24452 0.65873 0.03176 0.01819
0 0.15935 0.56994 0.01386 0.01559
0 0.17206 0.56626 0.01617 0.01602
0 0.18303 0.55868 0.01617 0.01646
0 0.14867 0.58424 0.01443 0.01473
0 0.15907 0.58445 0.01328 0.02036
0 0.16888 0.58272 0.01905 0.02122
0 0.18274 0.57514 0.02021 0.02252
0 0.19602 0.55154 0.01674 0.01862
0 0.23470 0.53919 0.01674 0.01819
0 0.22286 0.54374 0.01501 0.01602
0 0.20958 0.54699 0.01617 0.01819
0 0.23990 0.57904 0.02598 0.02772
0 0.23787 0.55522 0.01732 0.02165
0 0.22604 0.55977 0.01790 0.02122
0 0.21247 0.56540 0.02079 0.02295
0 0.19659 0.56994 0.02021 0.02339
0 0.22546 0.58445 0.02598 0.02815
0 0.23412 0.61152 0.02714 0.02685
0 0.21103 0.58965 0.02367 0.02815
0 0.19861 0.59506 0.02425 0.02599
0 0.18360 0.67129 0.02194 0.01213
0 0.16744 0.66912 0.01155 0.00693
0 0.13424 0.60524 0.00751 0.01083
0 0.14405 0.59939 0.01674 0.02512
0 0.15358 0.60329 0.01617 0.02599
0 0.18389 0.60026 0.02483 0.02858
0 0.17119 0.60697 0.02598 0.02728
0 0.21969 0.61780 0.02829 0.02815
0 0.22633 0.64227 0.03002 0.02165
0 0.21507 0.64898 0.02829 0.02209
0 0.20237 0.62170 0.03291 0.02815
0 0.19024 0.62884 0.03176 0.02685
0 0.16744 0.65808 0.02425 0.01776
0 0.17436 0.63123 0.02540 0.02209
0 0.19515 0.65093 0.03002 0.02079
0 0.18533 0.65894 0.02771 0.01689
0 0.14665 0.65201 0.01732 0.01083
0 0.13453 0.63794 0.01501 0.01732
0 0.13655 0.62148 0.01905 0.02425
0 0.15271 0.62256 0.02252 0.02036
0 0.15012 0.64075 0.02309 0.02036
0 0.16917 0.64249 0.02771 0.02036
