0 0.12891 0.60156 0.02240 0.03438
0 0.14818 0.58164 0.02135 0.03203
0 0.16563 0.56211 0.02500 0.03672
0 0.18385 0.54414 0.02396 0.03359
0 0.20234 0.52578 0.02448 0.03438
0 0.22500 0.50820 0.02292 0.03516
0 0.25260 0.47969 0.00937 0.01250
0 0.24557 0.49531 0.02240 0.03437
0 0.26458 0.47070 0.00625 0.01016
0 0.26146 0.47969 0.01250 0.02344
0 0.27891 0.46484 0.02240 0.03125
0 0.29740 0.44687 0.02083 0.03281
0 0.34010 0.41602 0.02083 0.03047
0 0.31979 0.43203 0.02604 0.03125
0 0.35938 0.39687 0.02188 0.02812
0 0.37786 0.37969 0.02135 0.02969
0 0.39297 0.36328 0.01719 0.02813
0 0.46458 0.30547 0.01771 0.02344
0 0.44922 0.31563 0.01719 0.02187
0 0.43333 0.33047 0.02083 0.03281
0 0.41094 0.34570 0.02396 0.03047
0 0.48047 0.29141 0.01927 0.03125
0 0.50104 0.27539 0.01979 0.02891
0 0.51667 0.26367 0.01667 0.02422
0 0.53307 0.24844 0.01823 0.02344
0 0.55104 0.23477 0.02083 0.03047
0 0.56901 0.21836 0.02135 0.03047
0 0.58698 0.20703 0.01875 0.02500
0 0.10859 0.63125 0.02031 0.03906
0 0.10156 0.72148 0.03958 0.06016
0 0.09167 0.66953 0.02083 0.04219
0 0.10234 0.68437 0.02865 0.06094
0 0.11719 0.64258 0.02917 0.05078
0 0.14479 0.62227 0.03021 0.05078
0 0.24661 0.53438 0.02448 0.04688
0 0.25938 0.52031 0.02500 0.04844
0 0.16771 0.60312 0.03229 0.04844
0 0.18672 0.58320 0.03177 0.05078
0 0.20703 0.56563 0.03281 0.05313
0 0.22838 0.54766 0.03385 0.05313
0 0.27448 0.50547 0.02917 0.05781
0 0.29505 0.48945 0.02969 0.05859
0 0.31354 0.47305 0.02812 0.05391
0 0.15964 0.88984 0.02969 0.05938
0 0.18932 0.92109 0.03385 0.03750
0 0.24661 0.91914 0.01719 0.02266
0 0.22370 0.90703 0.02969 0.06875
0 0.19766 0.91016 0.03802 0.04531
0 0.26875 0.90391 0.02500 0.02344
0 0.29219 0.89023 0.02500 0.02734
0 0.32604 0.86914 0.00521 0.01484
0 0.31354 0.87383 0.02396 0.03047
0 0.24271 0.88164 0.03229 0.05703
0 0.26537 0.86836 0.03490 0.06016
0 0.22344 0.83867 0.03750 0.06797
0 0.24713 0.82344 0.04010 0.07031
0 0.26875 0.80234 0.03333 0.06406
0 0.33333 0.85273 0.01979 0.02578
0 0.28776 0.78281 0.03385 0.07500
0 0.36094 0.83750 0.00625 0.01406
0 0.35000 0.84023 0.01979 0.02578
0 0.30807 0.76914 0.03177 0.07266
0 0.32500 0.75898 0.03750 0.06328
0 0.34349 0.74375 0.03698 0.06563
0 0.37005 0.82266 0.02031 0.02812
0 0.38776 0.80547 0.02031 0.02969
0 0.36667 0.78633 0.02917 0.05703
0 0.40729 0.78867 0.02292 0.02734
0 0.42552 0.76602 0.02187 0.03672
0 0.44010 0.75000 0.01875 0.03594
0 0.45234 0.73438 0.02135 0.03906
0 0.46927 0.72578 0.02708 0.03750
0 0.48724 0.70586 0.02448 0.02578
0 0.50208 0.69492 0.02500 0.02734
0 0.51979 0.67813 0.02187 0.03438
0 0.53854 0.66016 0.01979 0.02812
0 0.55703 0.64570 0.02240 0.02734
0 0.57292 0.62891 0.02292 0.03125
0 0.59010 0.61367 0.02083 0.03047
0 0.40260 0.74961 0.03333 0.05859
0 0.42213 0.72852 0.02969 0.05547
0 0.44037 0.71445 0.02448 0.04297
0 0.46146 0.69727 0.02812 0.04453
0 0.47760 0.67695 0.02708 0.04141
0 0.49635 0.66250 0.02917 0.04844
0 0.51588 0.64336 0.03177 0.05078
0 0.37813 0.70742 0.03750 0.06797
0 0.39740 0.69180 0.03542 0.06484
0 0.41563 0.67617 0.03229 0.06484
0 0.43385 0.66680 0.03437 0.06484
0 0.44948 0.64883 0.03333 0.06016
0 0.11641 0.70195 0.03490 0.06016
0 0.13724 0.67891 0.03698 0.06406
0 0.16328 0.65937 0.04010 0.06563
0 0.18307 0.64219 0.03698 0.06406
0 0.20391 0.62695 0.03490 0.06641
0 0.22422 0.61211 0.03490 0.06484
0 0.11693 0.78984 0.03594 0.06406
0 0.13464 0.76797 0.05677 0.07188
0 0.15156 0.74961 0.04792 0.07266
0 0.17213 0.73008 0.04635 0.07109
0 0.19271 0.71055 0.03542 0.06328
0 0.21302 0.69531 0.03333 0.06094
0 0.23438 0.67930 0.03854 0.06797
0 0.15182 0.82422 0.03906 0.07031
0 0.17500 0.81328 0.03646 0.07344
0 0.19323 0.79219 0.04062 0.07344
0 0.21484 0.77148 0.03594 0.06797
0 0.23698 0.75273 0.03750 0.06797
0 0.26042 0.73750 0.03437 0.06719
0 0.28359 0.71602 0.03698 0.06172
0 0.30625 0.69922 0.03438 0.05469
0 0.32656 0.68086 0.03646 0.06172
0 0.34401 0.66172 0.03385 0.06094
0 0.36406 0.64336 0.03542 0.06172
0 0.25521 0.66523 0.03750 0.06484
0 0.27500 0.65000 0.03438 0.06563
0 0.29167 0.63555 0.03333 0.06484
0 0.30859 0.61797 0.03594 0.06406
0 0.32734 0.59922 0.03594 0.06250
0 0.24271 0.59805 0.03542 0.06328
0 0.25964 0.58086 0.03073 0.06328
0 0.27812 0.56680 0.03437 0.06484
0 0.29792 0.54922 0.03542 0.06719
0 0.31510 0.53320 0.03438 0.06484
0 0.34688 0.57969 0.03229 0.05937
0 0.36589 0.56484 0.03177 0.05781
0 0.54818 0.60742 0.02865 0.05547
0 0.56667 0.59336 0.03021 0.05391
0 0.46849 0.63164 0.03073 0.06172
0 0.48490 0.61250 0.03229 0.06406
0 0.50156 0.59727 0.03333 0.06328
0 0.52005 0.58203 0.03490 0.06250
0 0.53359 0.56172 0.02865 0.05625
0 0.43698 0.58711 0.03646 0.06797
0 0.45365 0.56836 0.03646 0.06484
0 0.46927 0.54922 0.03646 0.06875
0 0.48880 0.53789 0.02865 0.06016
0 0.55234 0.54922 0.02969 0.06406
0 0.60469 0.59570 0.01979 0.03203
0 0.58177 0.57617 0.03021 0.05391
0 0.59974 0.55703 0.02969 0.05312
0 0.62187 0.57852 0.02188 0.03359
0 0.63776 0.56367 0.01927 0.03047
0 0.65287 0.54375 0.02240 0.03750
0 0.67188 0.52852 0.02292 0.03516
0 0.70312 0.51016 0.00833 0.00781
0 0.68958 0.51094 0.01979 0.03438
0 0.70573 0.49375 0.02188 0.02969
0 0.72161 0.47734 0.02240 0.03281
0 0.73906 0.45977 0.01979 0.03516
0 0.75547 0.44297 0.01719 0.03594
0 0.61589 0.53594 0.03281 0.05781
0 0.63516 0.52266 0.02865 0.05625
0 0.65182 0.50898 0.02865 0.04922
0 0.66797 0.49414 0.03385 0.04453
0 0.68411 0.47070 0.03073 0.05234
0 0.70130 0.45859 0.02240 0.04688
0 0.56901 0.53203 0.03177 0.05938
0 0.58412 0.51406 0.03073 0.05469
0 0.60000 0.49570 0.03125 0.05703
0 0.61771 0.48281 0.02917 0.05625
0 0.63594 0.46914 0.03125 0.05547
0 0.65417 0.45273 0.03229 0.05391
0 0.33229 0.45742 0.02708 0.05391
0 0.33464 0.51758 0.03490 0.06328
0 0.35287 0.50273 0.03698 0.06641
0 0.35052 0.44688 0.02917 0.05000
0 0.36875 0.49375 0.02604 0.05781
0 0.37995 0.55039 0.02552 0.05547
0 0.39375 0.53789 0.03229 0.06484
0 0.36693 0.42930 0.03073 0.05391
0 0.38229 0.41211 0.02604 0.04766
0 0.39974 0.40195 0.03073 0.05547
0 0.41354 0.38203 0.03021 0.05156
0 0.43490 0.36953 0.03333 0.05625
0 0.45469 0.35117 0.03229 0.05547
0 0.46875 0.33789 0.02604 0.04766
0 0.48359 0.32539 0.02865 0.04922
0 0.49844 0.30977 0.02396 0.04766
0 0.51901 0.29883 0.02865 0.05547
0 0.53620 0.28398 0.02969 0.05391
0 0.55234 0.26836 0.02552 0.04609
0 0.41458 0.52305 0.03542 0.06641
0 0.38307 0.47617 0.03177 0.05703
0 0.39792 0.45742 0.02917 0.05859
0 0.41849 0.44297 0.03073 0.05469
0 0.43437 0.42734 0.03333 0.06094
0 0.45443 0.41289 0.03073 0.05547
0 0.42943 0.50469 0.03698 0.06094
0 0.44714 0.48633 0.03073 0.06172
0 0.46693 0.47617 0.03698 0.06953
0 0.50625 0.52070 0.03542 0.06172
0 0.52396 0.50703 0.03333 0.06094
0 0.53880 0.48750 0.03385 0.05937
0 0.55443 0.47422 0.03698 0.06094
0 0.56953 0.45469 0.03594 0.06875
0 0.59010 0.44023 0.03542 0.06172
0 0.48359 0.45664 0.03073 0.06016
0 0.47057 0.39570 0.03073 0.05703
0 0.48698 0.38086 0.03125 0.05859
0 0.50208 0.44453 0.03437 0.06250
0 0.51667 0.42500 0.03229 0.05938
0 0.53177 0.40859 0.03333 0.06562
0 0.55000 0.39258 0.03229 0.05859
0 0.56693 0.38008 0.03490 0.06172
0 0.50208 0.36523 0.02813 0.05703
0 0.51901 0.34844 0.03281 0.05469
0 0.53724 0.33555 0.02760 0.05547
0 0.60391 0.19258 0.02031 0.02578
0 0.72526 0.11016 0.02656 0.02500
0 0.70443 0.12305 0.01719 0.02266
0 0.68594 0.13359 0.02500 0.02656
0 0.66432 0.14766 0.02552 0.02500
0 0.64323 0.16172 0.02396 0.02656
0 0.62370 0.17617 0.02240 0.02891
0 0.64453 0.19258 0.03073 0.04766
0 0.62578 0.20781 0.02760 0.04062
0 0.60807 0.22383 0.02760 0.04453
0 0.58984 0.24219 0.03073 0.05312
0 0.57370 0.25469 0.02865 0.04844
0 0.55495 0.32109 0.03073 0.05469
0 0.57552 0.30313 0.03438 0.05625
0 0.71901 0.44180 0.02969 0.04922
0 0.60963 0.28438 0.02031 0.03750
0 0.59609 0.29375 0.02760 0.05469
0 0.62162 0.26562 0.03594 0.05000
0 0.64141 0.24453 0.03698 0.05312
0 0.66250 0.23047 0.03438 0.05312
0 0.60547 0.42305 0.03594 0.06172
0 0.62344 0.41328 0.03333 0.05781
0 0.63828 0.39648 0.03385 0.05859
0 0.66875 0.43242 0.03021 0.06016
0 0.68750 0.41719 0.03125 0.05625
0 0.70443 0.40039 0.03073 0.05703
0 0.67396 0.35977 0.03437 0.05703
0 0.65781 0.37344 0.03646 0.05938
0 0.58385 0.36133 0.03333 0.06172
0 0.60547 0.35078 0.03177 0.06250
0 0.62213 0.33516 0.03177 0.06250
0 0.63698 0.31484 0.03542 0.05469
0 0.65573 0.29883 0.03542 0.06016
0 0.67708 0.28398 0.03438 0.05859
0 0.73646 0.41992 0.03021 0.05391
0 0.72135 0.38125 0.02812 0.05312
0 0.69245 0.34297 0.03698 0.06250
0 0.71172 0.32422 0.03594 0.06406
0 0.74037 0.36563 0.03177 0.05625
0 0.77161 0.42539 0.01927 0.03203
0 0.75469 0.40391 0.02396 0.04687
0 0.79167 0.40430 0.02292 0.03203
0 0.77031 0.38594 0.02917 0.05781
0 0.81146 0.37891 0.01979 0.03594
0 0.78984 0.36914 0.03177 0.05234
0 0.83255 0.35664 0.02240 0.02891
0 0.80729 0.35273 0.01771 0.03047
0 0.82187 0.33711 0.02708 0.05234
0 0.66562 0.17812 0.02812 0.04375
0 0.69531 0.26484 0.03125 0.05312
0 0.68177 0.21484 0.03125 0.05156
0 0.68177 0.16211 0.02604 0.04297
0 0.70469 0.14805 0.03021 0.04766
0 0.69922 0.20078 0.03281 0.06250
0 0.71094 0.25469 0.02812 0.04688
0 0.72943 0.30859 0.03385 0.05938
0 0.74844 0.29062 0.03542 0.06094
0 0.72135 0.18594 0.02812 0.04531
0 0.72292 0.13594 0.02708 0.04844
0 0.75182 0.09687 0.02656 0.02969
0 0.74505 0.12695 0.02552 0.04453
0 0.74115 0.17031 0.03333 0.05000
0 0.72734 0.23516 0.03177 0.06094
0 0.77005 0.27969 0.02865 0.05625
0 0.79505 0.31953 0.03281 0.05469
0 0.85807 0.32188 0.01719 0.03906
0 0.84297 0.31797 0.02760 0.05469
0 0.78698 0.26289 0.03646 0.06328
0 0.76588 0.15664 0.02969 0.04922
0 0.83333 0.28555 0.02917 0.05234
0 0.86849 0.29180 0.03281 0.04141
0 0.85833 0.26367 0.03021 0.06016
0 0.81094 0.24844 0.03021 0.05781
0 0.83177 0.23008 0.03542 0.05547
0 0.75000 0.22422 0.03437 0.06406
0 0.77109 0.20820 0.03073 0.05703
0 0.79323 0.19648 0.03125 0.06016
0 0.77604 0.08711 0.01667 0.01797
0 0.76927 0.11016 0.02813 0.04063
0 0.78880 0.14180 0.03073 0.05391
0 0.79922 0.08047 0.01615 0.01562
0 0.79635 0.10039 0.03125 0.04141
0 0.82708 0.07617 0.02812 0.02422
0 0.82005 0.09023 0.02865 0.04141
0 0.81328 0.12930 0.02656 0.04297
